100 50 3
6 3 10 8 13 22 23
6 4 15 14 19 22 26
6 3 17 26 9 41 29
6 2 19 49 11 35 44
6 7 50 35 46 27 13
6 1 9 33 34 45 38
6 7 13 21 8 20 48
6 2 44 35 20 25 24
6 1 11 48 16 49 12
6 1 10 16 37 19 26
6 7 12 49 45 43 28
6 1 20 50 44 15 14
6 7 27 20 14 45 10
6 6 8 40 17 11 21
6 7 43 17 35 44 41
6 1 34 48 45 23 47
6 6 25 44 23 40 20
6 3 30 21 24 15 40
6 3 29 35 25 24 48
6 7 21 28 20 23 34
6 4 17 13 9 36 41
6 6 19 36 39 33 30
6 7 22 11 14 9 30
6 7 26 11 37 12 16
6 1 49 34 24 16 48
6 5 39 32 18 46 37
6 6 19 31 33 38 34
6 2 44 17 9 20 18
6 4 10 44 41 39 9
6 4 13 44 37 34 31
6 2 20 30 32 19 37
6 1 49 31 13 22 10
6 7 8 12 36 19 41
6 1 13 49 38 25 28
6 2 13 39 35 44 25
6 2 32 9 49 13 43
6 3 12 34 45 32 49
6 3 25 9 18 15 11
6 4 26 18 44 40 38
6 4 34 27 49 37 38
6 5 22 24 45 18 11
6 7 15 42 30 10 17
6 5 19 31 13 44 49
6 2 10 32 23 12 47
6 7 27 22 12 25 9
6 2 42 18 9 25 38
6 7 44 27 26 49 31
6 4 18 46 35 31 49
6 7 25 38 49 32 13
6 3 24 44 23 17 46
6 2 14 28 35 45 30
6 3 34 33 40 41 46
6 6 39 29 35 30 31
6 6 8 10 22 32 16
6 7 24 33 28 41 43
6 5 41 34 32 9 14
6 7 15 10 42 37 8
6 2 43 41 40 23 33
6 6 38 25 44 29 45
6 6 21 44 35 22 12
6 27 43 30 28 18 44
6 15 35 44 31 24 19
6 44 21 48 40 36 14
6 50 33 39 8 18 15
6 45 35 24 12 41 20
6 44 31 37 25 12 49
6 30 18 13 29 27 22
6 28 26 45 13 8 37
6 28 44 34 23 22 29
6 25 36 18 38 35 40
6 28 49 32 38 47 43
6 28 40 15 47 38 32
6 33 19 40 39 38 50
6 18 32 46 41 27 30
6 44 27 11 34 24 29
6 23 13 16 25 44 37
6 35 38 48 21 26 10
6 30 36 13 28 46 12
6 35 45 37 25 28 18
6 10 45 39 23 27 12
6 15 27 19 14 22 49
6 25 35 47 49 14 41
6 34 9 15 26 13 17
6 10 42 29 16 44 17
6 18 40 20 31 23 29
6 32 49 23 24 12 31
6 33 28 26 14 8 22
6 13 36 19 17 41 45
6 48 33 13 34 42 18
6 19 43 25 8 39 26
6 10 35 50 29 27 47
6 22 32 15 47 40 34
6 34 26 46 23 35 44
6 41 18 11 39 29 48
6 23 49 33 17 10 40
6 31 27 33 34 29 16
6 29 32 8 17 19 36
6 38 31 17 42 18 25
6 10 19 47 39 14 49
6 31 10 22 24 25 19
