500 350 4
8 42 133 262 141 319 78 83 335
8 22 76 216 293 270 113 145 176
8 27 245 268 72 272 126 258 231
8 1 322 316 144 69 311 103 224
8 31 182 244 319 74 81 220 102
8 47 64 131 295 321 76 243 327
8 47 315 227 138 100 333 55 332
8 19 161 337 62 116 90 65 149
8 17 102 221 257 97 286 179 278
8 32 196 191 137 305 346 315 134
8 13 155 209 210 260 344 122 203
8 29 272 329 126 134 91 150 140
8 3 253 171 216 141 63 200 208
8 11 214 169 195 190 116 309 71
8 47 290 184 209 127 176 283 217
8 35 80 79 86 97 69 59 143
8 31 81 298 259 233 331 148 292
8 49 133 201 160 286 86 108 154
8 22 316 189 128 104 110 61 121
8 51 132 150 207 178 195 155 84
8 2 166 336 272 151 63 314 148
8 16 254 124 113 313 152 298 147
8 7 258 88 314 327 292 326 254
8 29 314 63 65 313 94 144 223
8 19 145 311 283 74 341 109 167
8 45 173 182 180 95 116 300 283
8 29 306 332 339 178 277 347 319
8 49 112 313 114 116 130 75 307
8 12 79 229 152 167 101 232 109
8 21 334 267 199 245 225 58 100
8 47 108 87 312 182 256 67 294
8 38 111 247 306 136 190 168 131
8 30 83 114 280 199 297 240 141
8 51 284 248 166 228 285 59 113
8 10 227 289 330 121 308 95 327
8 27 102 130 144 289 126 264 266
8 37 155 170 220 250 109 258 168
8 20 130 124 292 302 340 329 244
8 19 82 180 106 116 59 98 245
8 35 88 315 232 291 115 282 174
8 9 152 244 180 318 255 164 116
8 41 101 347 238 232 241 170 247
8 7 64 239 215 91 323 316 263
8 7 54 178 207 86 308 84 200
8 43 183 156 136 88 247 245 73
8 33 182 308 175 55 183 158 170
8 25 230 163 264 279 273 73 275
8 16 117 128 92 340 171 325 278
8 24 81 53 319 212 88 315 297
8 4 204 298 180 190 153 309 152
8 9 304 250 322 182 175 339 191
8 48 86 104 259 217 199 246 208
8 3 116 316 196 249 348 341 177
8 31 302 213 174 161 192 154 320
8 33 270 226 310 121 276 303 158
8 24 119 262 284 54 335 154 287
8 19 289 224 322 122 138 331 222
8 42 329 282 125 73 76 173 224
8 37 260 346 312 89 327 202 98
8 46 245 135 254 57 146 232 201
8 31 69 118 56 296 73 177 260
8 30 64 208 284 164 203 266 237
8 7 245 72 283 264 233 215 323
8 23 254 313 228 103 241 63 193
8 44 345 102 284 178 110 192 59
8 19 317 323 57 325 334 239 127
8 30 308 307 166 313 175 138 294
8 22 295 155 156 88 282 176 76
8 12 72 336 218 338 161 298 249
8 32 326 219 71 183 181 347 160
8 27 157 97 116 101 149 181 273
8 26 66 227 316 321 72 87 269
8 51 310 237 316 131 81 164 290
8 7 122 291 269 58 226 272 96
8 8 248 275 250 65 257 287 220
8 40 168 233 335 326 98 183 92
8 23 174 288 337 118 308 271 338
8 15 201 301 61 132 124 131 160
8 26 169 81 146 111 117 294 76
8 7 168 112 260 185 237 226 272
8 21 196 318 173 319 105 188 67
8 39 138 107 283 213 116 226 145
8 4 172 288 129 169 106 187 304
8 6 204 118 314 174 125 100 347
8 23 246 303 221 189 264 293 88
8 22 217 104 128 127 142 161 64
8 45 154 69 70 324 195 96 121
8 14 321 121 315 159 196 78 222
8 45 200 304 82 169 311 248 305
8 14 171 348 75 145 333 160 110
8 4 68 330 275 105 315 216 173
8 5 270 312 288 215 209 189 257
8 35 166 130 65 100 301 333 168
8 23 251 314 257 117 328 310 234
8 1 84 173 81 271 57 126 312
8 47 279 97 297 263 270 117 192
8 12 197 180 270 332 73 188 190
8 3 212 215 75 184 78 277 218
8 6 135 209 265 95 325 296 129
8 35 124 332 346 161 253 323 104
8 5 157 336 155 76 308 150 127
8 42 159 183 308 266 103 313 214
8 27 291 73 67 265 334 318 76
8 43 62 266 154 257 89 59 283
8 10 155 291 178 320 202 285 109
8 30 58 86 59 171 68 130 136
8 42 209 325 215 341 100 301 289
8 26 106 113 167 347 170 133 332
8 41 229 324 93 255 238 290 75
8 25 137 123 304 195 291 155 117
8 26 229 133 100 309 161 116 268
8 7 122 312 286 154 139 279 161
8 7 302 101 153 81 261 207 216
8 6 81 187 305 323 177 260 101
8 43 110 290 257 281 89 318 324
8 36 56 340 157 303 117 240 160
8 41 319 133 207 262 171 80 145
8 9 256 87 217 213 273 178 298
8 11 72 193 71 239 119 218 271
8 41 98 303 344 203 152 267 94
8 5 125 139 177 130 269 226 60
8 27 284 152 250 144 123 103 135
8 36 335 231 67 165 226 276 205
8 29 102 270 167 105 306 172 212
8 44 165 97 178 323 107 202 112
8 42 167 326 81 209 169 114 185
8 26 243 92 102 311 347 173 116
8 49 85 229 279 82 204 80 327
8 44 70 242 118 73 201 62 135
8 17 142 238 175 203 66 136 208
8 32 84 188 155 233 228 83 172
8 19 269 220 169 313 277 103 187
8 6 179 330 350 139 108 321 83
8 4 124 75 96 116 326 279 321
8 43 316 84 300 236 257 207 123
8 17 275 180 308 205 315 233 247
8 27 263 305 240 322 285 152 227
8 33 290 223 110 340 305 189 67
8 19 283 71 261 97 296 248 92
8 24 283 105 54 261 251 59 118
8 46 279 246 211 263 270 191 317
8 38 109 56 195 241 226 81 182
8 46 263 292 171 296 66 110 103
8 24 343 268 106 281 339 148 193
8 40 131 210 184 74 109 320 229
8 15 152 259 341 174 192 158 323
8 36 220 284 327 149 125 232 228
8 45 150 108 167 344 89 77 307
8 8 321 263 74 175 298 130 117
8 39 111 148 253 79 233 215 279
8 10 188 226 273 331 232 263 310
8 21 126 196 104 148 66 63 267
8 6 276 136 240 233 248 220 54
8 7 115 278 204 71 285 174 130
8 23 209 150 246 139 182 241 301
8 8 231 343 97 341 70 92 221
8 25 305 182 317 339 170 192 122
8 13 152 325 275 150 257 298 101
8 18 207 72 220 66 170 308 270
8 17 205 68 201 225 138 293 234
8 44 58 72 101 77 159 61 102
8 38 81 249 247 213 195 305 182
8 28 124 243 113 334 269 68 229
8 32 259 68 142 212 332 64 347
8 30 58 56 278 59 87 124 226
8 38 338 220 266 303 272 100 135
8 21 97 112 240 246 86 99 87
8 40 102 181 236 276 274 342 249
8 33 239 245 133 185 286 126 68
8 26 193 279 152 269 128 213 288
8 34 74 185 129 290 314 192 68
8 34 201 100 288 230 233 76 240
8 35 336 118 234 185 238 164 201
8 32 58 192 249 147 53 275 328
8 10 145 275 99 118 136 188 158
8 7 110 294 251 106 339 307 86
8 19 128 334 115 77 341 147 184
8 9 242 145 164 230 117 102 203
8 10 144 226 101 185 73 89 164
8 20 144 294 161 110 333 295 106
8 9 103 281 293 303 109 65 241
8 33 144 163 131 93 184 124 106
8 22 310 327 202 158 176 173 66
8 27 147 176 264 88 336 251 54
8 42 56 229 157 256 121 173 153
8 35 57 343 208 125 93 136 147
8 42 123 53 228 255 158 200 271
8 1 204 284 214 299 230 335 144
8 3 303 198 202 343 63 312 136
8 28 251 288 328 200 273 279 349
8 32 348 227 91 290 344 303 106
8 33 142 99 184 343 207 186 185
8 26 305 163 255 169 167 327 153
8 17 334 343 325 261 96 244 241
8 32 340 237 81 120 247 324 125
8 8 74 339 178 325 249 104 219
8 9 95 205 110 327 316 89 257
8 7 236 179 188 172 102 73 54
8 13 164 86 301 138 148 345 208
8 22 102 312 292 278 322 316 224
8 7 268 101 220 229 190 93 137
8 9 133 125 257 72 281 139 304
8 31 315 227 246 293 324 301 235
8 28 139 225 64 281 256 89 217
8 17 342 323 125 189 113 273 149
8 2 189 341 186 88 120 233 280
8 27 208 226 228 57 345 92 79
8 1 332 64 272 238 165 314 303
8 36 316 129 297 117 127 187 121
8 8 120 238 217 131 320 216 230
8 10 298 272 296 96 107 157 78
8 26 221 123 85 273 330 142 64
8 6 150 159 171 182 178 128 114
8 29 75 231 186 223 212 275 105
8 11 94 308 89 195 227 107 249
8 1 162 346 177 87 89 190 294
8 4 126 333 128 285 334 54 241
8 45 333 290 124 55 232 81 134
8 36 114 235 324 263 272 257 161
8 3 290 319 316 82 105 245 158
8 52 268 202 72 90 237 194 311
8 47 85 177 98 262 350 180 83
8 27 75 83 254 273 304 163 234
8 16 54 115 107 176 106 263 340
8 1 223 186 173 321 279 151 212
8 39 171 313 245 153 299 258 96
8 40 176 347 156 173 342 142 246
8 18 210 350 115 125 225 270 60
8 28 287 94 130 288 278 155 157
8 31 314 342 210 65 135 100 168
8 19 61 224 134 156 172 128 113
8 32 128 137 345 71 129 284 179
8 48 55 346 228 284 276 184 92
8 3 123 166 129 267 192 134 89
8 42 279 112 304 62 234 308 176
8 12 273 105 320 268 319 286 91
8 49 161 311 281 224 216 76 84
8 44 88 60 240 93 225 339 81
8 7 125 185 304 224 230 229 244
8 1 99 313 245 195 333 188 317
8 4 126 69 186 71 241 83 180
8 45 255 201 119 183 243 62 222
8 9 104 72 226 149 217 266 133
8 51 55 212 147 191 151 341 219
8 33 216 194 283 298 270 138 297
8 16 73 319 67 271 230 193 179
8 20 99 191 110 342 79 228 248
8 24 236 165 325 229 120 97 217
8 17 67 295 307 171 215 259 71
8 31 280 117 292 222 114 66 146
8 3 112 297 346 153 160 243 200
8 27 86 192 65 314 115 156 270
8 43 279 264 171 320 128 342 187
8 48 254 218 126 174 103 260 92
8 33 192 216 287 307 272 333 206
8 3 284 154 117 229 155 178 217
8 42 291 310 324 139 287 56 93
8 15 171 238 281 90 178 135 233
8 21 56 297 78 276 287 69 248
8 38 85 306 338 302 208 171 252
8 28 350 335 199 152 211 89 188
8 6 124 257 326 150 220 341 102
8 5 100 340 143 294 172 57 337
8 43 92 235 303 172 231 294 278
8 40 180 342 105 263 325 228 232
8 4 56 251 159 125 332 139 67
8 11 134 123 286 213 278 322 325
8 20 334 159 106 346 306 209 90
8 41 65 163 193 159 95 247 238
8 46 86 224 291 210 202 330 128
8 37 329 308 243 261 140 167 318
8 6 206 189 210 237 117 94 89
8 35 206 270 126 215 286 56 293
8 41 256 111 268 321 53 149 133
8 12 322 321 54 331 133 97 308
8 28 108 247 188 161 242 127 71
8 45 161 232 298 210 66 135 73
8 48 152 148 122 169 259 296 58
8 18 107 287 270 190 296 133 69
8 10 183 191 311 291 251 189 216
8 18 342 314 281 73 154 315 55
8 10 298 156 284 274 189 134 168
8 3 270 54 239 208 79 118 196
8 8 262 334 187 116 343 181 59
8 14 80 335 287 167 149 253 268
8 21 345 235 58 230 200 255 274
8 31 216 228 167 121 239 132 186
8 12 264 95 286 209 118 121 256
8 24 80 248 85 97 343 147 149
8 7 126 246 95 128 211 311 146
8 48 271 72 251 272 147 216 77
8 29 262 209 151 106 127 189 220
8 16 317 69 206 135 97 173 140
8 40 127 273 199 314 135 305 122
8 19 77 93 350 337 170 242 268
8 45 213 150 195 170 246 222 163
8 21 199 335 272 303 107 103 174
8 18 314 215 111 347 116 212 342
8 29 112 103 93 113 231 119 125
8 46 263 163 311 154 254 327 267
8 243 290 218 327 313 54 138 300
8 338 315 241 102 204 228 86 200
8 142 279 156 53 96 240 261 130
8 148 176 234 85 285 256 299 141
8 106 327 56 268 61 161 169 247
8 317 82 319 239 269 118 78 131
8 100 294 340 181 264 221 284 201
8 302 164 182 282 156 337 81 341
8 147 335 86 311 62 313 300 184
8 69 322 170 143 102 234 74 153
8 272 142 162 82 334 267 126 180
8 340 309 108 296 107 304 327 203
8 224 164 342 332 149 217 165 230
8 164 280 265 125 303 269 167 321
8 168 334 161 129 247 294 85 178
8 53 341 236 154 283 177 218 164
8 196 255 191 339 66 53 348 146
8 307 297 298 213 236 290 216 141
8 270 58 330 283 191 111 113 329
8 256 309 109 53 193 237 62 165
8 296 83 291 181 184 209 114 298
8 209 255 194 269 311 192 338 85
8 298 284 185 275 217 140 229 114
8 93 235 256 291 101 236 260 83
8 60 333 125 73 266 340 72 116
8 185 116 297 182 95 164 299 112
8 206 102 267 129 333 239 289 295
8 104 138 81 269 348 171 190 277
8 62 249 58 207 231 257 279 168
8 157 179 108 247 245 62 308 93
8 313 68 221 294 176 210 136 322
8 333 176 79 227 119 167 165 293
8 250 55 282 293 95 76 162 337
8 237 154 283 296 105 295 209 307
8 139 111 120 67 197 324 264 135
8 266 164 104 229 216 136 244 148
8 78 300 75 315 196 193 333 349
8 197 257 79 139 144 348 155 299
8 102 323 178 142 245 316 337 64
8 193 183 286 67 130 184 188 212
8 168 66 289 209 347 86 103 321
8 79 328 286 261 81 203 227 240
8 76 211 222 347 193 335 322 121
8 274 189 182 166 212 121 252 231
8 127 343 188 293 298 202 129 217
8 259 245 58 193 334 292 152 286
8 244 229 294 341 80 254 195 220
8 261 127 327 75 69 272 196 284
8 332 235 344 232 256 115 167 290
8 233 254 256 280 292 247 82 300
8 348 102 233 140 146 168 275 175
8 61 157 231 293 342 282 63 117
8 193 93 187 295 236 74 75 182
8 349 108 262 322 76 112 215 257
8 350 298 173 324 78 210 97 254
8 106 140 116 216 115 300 184 138
8 194 159 83 291 235 342 102 241
8 91 159 98 259 133 175 308 307
8 119 272 86 232 174 163 294 129
8 224 297 119 326 80 314 293 233
8 142 342 167 200 99 122 128 207
8 204 242 149 55 320 267 65 173
8 90 258 297 57 230 274 60 71
8 281 152 294 174 117 72 268 304
8 277 55 308 154 265 261 256 200
8 282 90 146 261 77 270 66 164
8 82 93 179 224 325 271 319 304
8 173 245 267 167 92 164 209 213
8 274 92 165 100 54 238 333 255
8 290 79 318 254 298 272 146 107
8 293 91 232 252 272 175 67 135
8 97 283 307 327 281 313 156 131
8 281 316 179 303 144 166 110 349
8 328 176 190 220 108 308 59 247
8 344 345 203 186 66 285 349 196
8 350 113 155 160 316 109 292 193
8 254 69 211 165 61 114 85 82
8 68 182 329 60 321 159 134 169
8 276 279 346 310 185 268 191 277
8 242 117 315 275 284 126 318 93
8 68 297 186 122 80 241 132 326
8 128 160 212 92 299 238 223 343
8 92 200 350 65 245 189 290 223
8 76 109 301 119 290 329 97 320
8 92 224 295 239 108 129 318 71
8 171 184 214 217 313 178 273 143
8 102 99 241 134 208 147 132 216
8 127 91 192 76 226 212 53 133
8 155 115 61 110 112 95 334 69
8 341 250 217 264 266 140 237 196
8 91 242 123 174 222 170 241 180
8 346 119 291 117 120 303 143 65
8 205 122 147 305 79 225 166 103
8 348 288 213 153 343 189 328 89
8 326 61 77 95 287 265 144 283
8 94 169 288 205 248 229 104 223
8 289 332 125 270 248 291 193 106
8 132 154 347 261 131 56 302 152
8 221 277 108 259 184 178 338 343
8 233 262 314 90 348 110 217 187
8 342 225 65 291 348 166 86 80
8 98 200 65 336 329 345 85 187
8 183 188 108 218 184 156 179 295
8 106 116 64 220 72 57 105 316
8 62 172 112 247 335 229 268 196
8 199 168 177 211 102 284 319 191
8 224 309 210 122 61 123 145 196
8 131 73 275 226 291 268 174 53
8 215 161 198 133 342 57 304 181
8 61 299 344 212 83 309 120 151
8 271 294 339 319 309 97 311 179
8 222 70 264 277 207 261 214 240
8 183 251 263 267 139 262 170 53
8 242 103 260 76 339 83 144 194
8 289 212 177 243 164 273 344 76
8 160 310 331 181 72 167 116 269
8 258 131 117 316 150 271 93 78
8 316 327 137 113 133 56 203 229
8 273 106 276 345 175 99 62 133
8 346 95 191 239 290 174 86 293
8 90 66 335 209 128 61 267 76
8 303 300 83 271 302 297 327 233
8 135 235 245 217 288 280 205 177
8 61 347 202 346 325 302 335 177
8 239 302 333 320 335 207 211 287
8 132 346 264 195 61 121 159 276
8 229 340 148 188 146 346 258 218
8 326 77 330 144 253 175 348 142
8 133 342 250 299 221 59 136 253
8 188 151 165 261 323 280 295 189
8 156 228 254 173 346 282 241 280
8 214 251 120 229 184 111 207 270
8 245 255 145 213 156 321 260 81
8 289 98 240 287 66 70 109 94
8 163 116 94 235 306 334 280 66
8 247 154 134 349 75 272 163 252
8 223 119 330 185 337 303 65 150
8 303 244 234 217 188 167 172 212
8 321 296 275 192 100 189 215 260
8 116 249 112 66 120 309 189 230
8 323 187 247 184 233 87 194 104
8 304 180 150 110 280 311 318 333
8 325 313 281 286 119 89 160 170
8 121 182 144 180 293 191 168 100
8 336 250 329 225 296 321 129 307
8 168 85 123 312 188 55 341 167
8 179 276 340 319 331 62 279 68
8 85 225 145 121 231 87 115 155
8 336 261 218 314 199 226 94 100
8 272 207 254 212 118 183 182 60
8 162 331 96 328 126 146 334 223
8 204 257 61 68 283 262 199 141
8 312 207 164 89 185 90 237 227
8 237 137 63 61 300 147 92 243
8 76 58 315 281 268 251 194 292
8 98 126 176 101 307 312 226 127
8 225 183 151 147 221 238 162 115
8 152 70 162 279 89 209 198 111
8 240 211 164 242 272 307 317 149
8 218 139 128 126 216 115 298 272
8 280 146 229 193 291 327 98 294
8 320 189 70 314 72 299 192 126
8 275 224 56 318 211 141 249 59
8 164 226 73 108 233 126 61 180
8 195 55 275 174 319 91 164 133
8 272 293 88 101 255 330 200 55
8 114 285 75 228 304 235 190 150
8 318 277 341 286 281 204 254 127
8 105 161 328 175 199 86 231 252
8 338 71 111 293 282 97 309 135
8 333 293 185 291 140 173 135 343
8 115 170 149 107 291 289 111 67
8 264 336 142 140 84 269 120 234
8 93 186 278 113 276 88 107 229
8 229 127 214 129 212 152 222 178
8 215 246 143 204 340 92 335 268
8 98 282 264 318 53 273 68 188
8 279 157 222 83 322 249 284 194
8 167 168 66 214 75 179 173 191
8 96 339 318 209 277 174 86 224
8 331 285 81 325 71 249 165 322
8 112 97 251 159 162 91 171 117
8 235 272 189 267 109 110 196 75
8 251 231 321 275 125 215 175 70
8 143 223 173 302 238 72 147 71
8 262 108 348 220 57 253 70 135
8 67 130 241 254 262 283 75 136
8 344 187 348 294 152 255 257 332
8 121 322 336 76 184 183 82 350
8 251 94 347 281 266 54 143 186
8 209 195 133 149 60 234 94 346
8 331 160 87 314 170 54 280 96
8 220 277 165 329 143 311 179 109
8 323 179 272 240 273 254 248 98
8 144 342 83 57 62 127 176 135
8 183 330 206 257 241 244 281 99
8 77 276 201 287 314 256 340 58
8 233 212 286 150 285 335 292 189
8 242 133 73 311 310 160 213 106
8 305 136 349 263 232 273 156 69
