2000 100 10
10 72 65 89 42 64 55 32 100 59 37
10 42 65 87 11 14 34 59 55 89 97
10 65 42 20 87 32 91 72 100 13 62
10 13 32 49 11 72 64 54 86 100 47
10 86 14 65 42 100 11 55 59 34 78
10 86 64 59 55 32 49 13 65 28 5
10 13 65 32 49 34 86 100 64 89 31
10 86 14 64 11 72 89 49 28 87 25
10 32 14 89 11 20 55 91 28 65 41
10 91 28 34 49 100 65 42 86 72 18
10 20 100 34 42 59 55 14 87 64 51
10 65 100 54 14 34 42 59 28 87 92
10 89 42 87 11 49 54 34 32 28 71
10 49 32 87 64 13 86 28 59 91 3
10 100 34 11 54 91 59 87 72 32 70
10 65 13 64 11 86 14 32 34 72 45
10 89 32 59 49 72 100 20 14 42 24
10 49 28 59 32 86 100 20 14 64 21
10 34 14 72 28 87 91 59 32 11 33
10 14 42 34 32 72 86 59 55 28 1
10 59 72 20 91 32 87 28 86 13 6
10 87 55 91 32 14 28 59 42 13 21
10 64 13 28 100 65 86 87 49 59 30
10 20 91 13 100 34 59 89 72 32 2
10 65 11 89 91 64 13 49 20 86 100
10 32 14 64 89 42 100 86 28 55 98
10 13 91 65 11 54 87 100 89 59 23
10 89 64 20 86 13 49 32 100 34 54
10 59 72 28 13 55 65 32 42 91 67
10 42 100 72 14 54 49 55 87 64 59
10 72 28 11 64 32 42 34 91 59 1
10 20 32 100 86 87 28 49 59 34 25
10 65 86 14 59 91 42 32 20 64 40
10 91 55 14 72 89 65 59 64 20 32
10 54 86 34 49 89 100 59 32 65 69
10 20 59 49 65 34 14 89 13 91 29
10 89 28 14 91 13 87 49 34 72 33
10 14 49 86 55 11 42 59 72 13 33
10 86 91 49 42 59 11 55 89 65 62
10 89 91 59 49 64 65 28 14 32 44
10 49 11 13 87 14 55 28 64 42 17
10 86 34 54 14 11 91 32 72 64 20
10 86 20 34 65 28 64 14 59 49 5
10 65 89 42 100 34 14 91 87 13 95
10 13 65 42 86 28 32 55 91 20 64
10 87 13 100 20 11 49 86 65 28 35
10 42 55 11 54 72 59 89 28 32 63
10 14 91 89 13 59 34 42 11 54 49
10 86 55 32 28 91 100 64 54 72 39
10 32 91 59 14 34 49 72 55 20 64
10 34 59 42 13 49 55 89 91 28 32
10 100 55 20 72 34 64 14 65 91 42
10 59 54 55 65 34 89 64 91 11 97
10 72 34 91 55 13 54 28 20 14 49
10 42 64 55 13 54 11 89 100 65 47
10 11 49 91 64 65 32 87 28 86 68
10 28 42 20 49 64 11 54 91 55 90
10 11 100 13 55 32 28 14 86 91 53
10 34 28 64 42 65 49 13 59 72 60
10 64 42 28 32 20 34 72 100 11 82
10 89 34 13 64 55 49 86 14 54 12
10 64 89 55 28 14 100 11 86 49 24
10 64 14 32 55 49 59 54 100 28 42
10 49 64 20 54 59 28 91 32 89 14
10 20 55 59 28 64 34 89 13 54 73
10 32 64 28 55 42 89 13 72 65 7
10 72 11 65 28 59 14 87 32 20 91
10 100 91 34 86 32 28 49 11 13 56
10 89 42 14 64 87 34 65 32 91 88
10 54 72 42 14 91 59 49 13 28 36
10 72 64 49 42 28 59 87 86 91 22
10 14 87 13 89 65 28 32 91 42 83
10 87 64 86 72 65 59 49 34 20 66
10 13 59 72 55 87 49 28 32 65 46
10 55 49 65 13 59 11 87 28 89 9
10 34 20 89 72 54 65 100 91 87 22
10 65 55 34 54 49 32 42 72 59 20
10 55 72 65 100 91 89 32 28 34 64
10 42 55 59 49 89 34 87 32 100 18
10 89 28 20 34 86 32 42 59 87 38
10 64 89 65 72 54 59 100 14 20 27
10 100 55 49 11 89 32 86 42 59 60
10 91 55 13 59 49 14 34 11 20 68
10 55 64 42 34 65 28 54 72 91 2
10 72 49 65 20 86 28 89 54 11 2
10 100 13 89 59 64 86 72 28 34 10
10 55 72 65 91 54 14 100 89 49 76
10 72 55 64 65 89 42 34 14 11 70
10 100 20 64 55 89 42 13 54 14 88
10 28 55 14 54 87 100 65 91 34 68
10 72 11 32 65 86 64 91 34 49 98
10 91 87 55 32 34 59 86 11 64 38
10 89 32 86 28 100 55 65 49 64 22
10 11 65 20 49 72 64 54 42 13 9
10 59 55 100 11 14 64 91 49 54 41
10 100 28 64 89 55 32 11 49 54 91
10 86 13 32 20 100 64 65 59 28 35
10 20 49 86 14 89 100 11 28 55 44
10 42 64 72 59 32 49 91 14 54 33
10 11 91 13 49 72 87 86 64 32 10
10 28 91 13 86 59 72 100 87 64 44
10 59 55 72 91 64 14 13 32 28 56
10 72 32 100 64 91 55 59 14 28 48
10 55 13 91 34 64 100 87 54 28 20
10 65 64 100 14 59 91 54 49 20 94
10 91 42 11 59 87 54 65 32 13 46
10 49 64 42 54 100 72 89 91 86 75
10 42 64 20 89 100 72 65 91 28 37
10 49 32 20 64 54 55 13 59 14 52
10 14 54 59 91 32 64 86 20 87 30
10 89 86 100 32 20 42 49 91 72 77
10 59 55 14 13 100 20 86 64 65 48
10 89 42 87 86 59 72 34 65 64 99
10 49 65 11 20 59 72 14 91 100 35
10 54 72 28 42 65 89 13 86 11 98
10 55 42 86 59 28 20 65 54 14 40
10 72 64 89 59 86 32 13 100 28 12
10 72 49 13 28 32 14 11 54 34 43
10 91 11 28 59 34 65 13 20 64 61
10 86 20 65 49 14 89 87 64 54 71
10 86 32 91 100 65 64 28 13 34 83
10 14 55 91 59 42 28 64 54 87 24
10 20 72 34 54 64 32 65 100 49 92
10 11 65 100 14 64 42 86 34 91 49
10 72 65 32 55 13 86 89 20 64 75
10 100 55 11 49 54 89 72 42 13 61
10 100 20 42 54 72 87 13 11 28 2
10 89 20 91 64 54 14 65 72 87 86
10 14 65 59 28 55 89 20 49 13 19
10 59 91 54 34 49 11 65 87 55 14
10 64 11 34 55 28 87 65 91 100 15
10 89 100 14 11 64 20 86 28 54 4
10 11 91 86 13 55 89 49 14 59 50
10 11 59 32 13 42 65 64 49 87 99
10 87 20 11 55 34 42 100 54 13 17
10 65 64 13 87 55 89 42 20 11 97
10 100 20 65 86 13 32 87 11 91 14
10 28 55 13 49 65 54 32 20 34 15
10 34 91 100 59 49 32 87 89 28 1
10 89 11 72 49 65 59 91 87 42 28
10 100 54 34 87 11 65 49 13 28 58
10 28 34 14 54 11 86 55 49 59 69
10 72 59 34 20 91 89 55 32 11 65
10 54 42 20 64 65 72 100 14 49 60
10 55 49 87 13 20 91 28 42 72 24
10 49 14 87 13 59 20 100 32 28 42
10 59 28 13 34 89 42 14 32 86 20
10 91 89 11 14 20 65 55 59 87 24
10 64 87 91 59 14 86 13 49 55 45
10 86 11 55 72 14 20 42 89 87 22
10 11 42 13 55 14 91 100 89 87 57
10 87 64 91 28 89 54 86 49 20 5
10 86 89 32 11 65 54 14 20 91 94
10 20 28 32 100 34 42 59 55 11 62
10 32 49 28 13 14 59 100 87 20 57
10 89 42 87 100 91 34 65 14 32 55
10 34 59 14 28 64 11 13 49 65 25
10 91 34 59 49 65 11 100 13 20 45
10 13 32 59 14 89 20 11 54 34 79
10 55 91 89 49 87 32 100 34 14 67
10 32 28 86 34 11 89 100 42 59 76
10 64 54 32 91 89 87 86 34 100 26
10 86 49 32 42 64 28 54 59 87 43
10 72 65 86 89 91 64 32 59 20 19
10 86 13 91 59 32 89 87 28 64 43
10 49 64 72 32 28 100 65 91 13 63
10 11 86 59 100 49 87 64 28 20 23
10 13 34 86 91 72 89 59 55 65 42
10 32 91 54 55 65 14 42 49 59 72
10 20 100 72 86 42 32 55 13 54 28
10 65 20 28 64 89 13 72 42 100 25
10 32 14 86 65 55 49 91 100 28 42
10 32 72 34 54 20 49 87 100 11 10
10 13 86 54 14 59 28 11 55 72 79
10 64 34 20 42 87 89 72 65 13 6
10 89 20 14 59 32 86 54 72 49 30
10 87 20 72 64 89 28 32 86 59 80
10 54 72 86 42 49 89 64 65 55 30
10 11 86 49 32 42 34 54 64 100 20
10 20 89 34 55 87 91 49 72 28 24
10 64 100 32 65 59 72 55 20 91 56
10 14 55 34 64 42 87 91 65 86 39
10 87 72 13 55 20 49 64 65 32 26
10 87 28 20 32 13 86 100 11 55 71
10 54 59 64 20 89 11 86 42 34 93
10 54 28 32 86 20 89 59 42 100 71
10 14 72 32 64 65 34 89 87 13 3
10 49 28 91 14 20 13 54 65 55 29
10 72 54 11 59 14 20 13 100 65 36
10 89 65 59 32 28 86 91 55 14 64
10 72 91 32 42 28 100 59 89 87 69
10 65 55 64 91 100 20 42 89 72 16
10 20 49 11 55 13 86 89 42 100 32
10 42 59 91 34 11 14 13 72 64 89
10 34 32 54 91 55 20 42 64 14 3
10 54 42 11 64 13 34 28 20 89 45
10 87 54 72 32 89 13 65 28 91 51
10 11 20 89 42 54 86 28 32 100 68
10 13 14 49 91 55 86 20 42 59 71
10 59 42 89 54 87 13 34 55 14 18
10 91 72 89 42 64 11 14 65 86 73
10 87 20 34 91 65 42 89 13 49 51
10 59 55 72 28 54 42 87 91 89 15
10 11 91 59 14 49 34 86 32 89 85
10 89 65 13 64 20 72 11 100 59 53
10 32 100 54 65 87 86 59 42 13 61
10 100 13 59 91 55 87 20 65 49 53
10 87 28 14 72 65 32 59 55 49 90
10 87 34 72 32 13 55 59 14 100 4
10 11 28 64 34 59 20 65 89 91 82
10 72 65 49 91 100 34 13 55 89 15
10 28 32 89 11 86 49 20 54 91 26
10 91 55 34 20 100 72 87 89 11 47
10 42 86 14 13 49 64 55 100 28 27
10 100 87 32 64 13 65 91 20 11 3
10 64 87 59 55 20 11 13 100 54 34
10 64 87 49 65 32 34 42 86 20 39
10 87 13 28 32 89 49 64 14 20 45
10 89 91 28 59 49 20 86 34 87 33
10 49 11 86 55 20 87 34 28 42 100
10 55 20 86 87 64 100 28 89 65 6
10 91 54 20 55 49 34 86 42 11 31
10 86 72 65 11 32 49 64 87 28 88
10 55 34 42 59 49 64 28 65 89 81
10 13 14 55 91 100 42 87 54 20 5
10 42 59 100 11 49 86 14 13 65 7
10 59 20 87 11 42 14 86 55 89 25
10 86 55 49 91 64 59 87 20 100 58
10 89 87 54 13 34 65 14 32 59 43
10 54 34 91 64 55 14 65 87 13 29
10 20 55 86 14 65 87 64 89 59 27
10 87 100 64 72 20 89 28 14 34 75
10 11 55 32 49 65 14 72 28 86 7
10 49 72 28 100 34 13 86 55 64 71
10 72 91 59 64 32 65 55 49 42 58
10 49 20 42 55 54 34 28 59 72 2
10 28 49 65 72 14 55 34 89 100 86
10 13 34 86 11 55 54 28 49 64 47
10 11 59 65 20 28 34 64 87 100 73
10 49 20 72 89 42 34 32 13 54 86
10 49 42 87 28 86 13 100 14 11 54
10 42 28 11 64 20 55 34 72 100 75
10 13 20 64 11 65 54 42 89 28 60
10 20 65 34 72 59 89 64 42 14 88
10 32 54 42 72 59 28 34 86 49 18
10 13 55 72 14 89 28 87 64 32 75
10 54 86 34 11 13 91 89 32 55 5
10 86 91 42 59 49 64 13 20 54 53
10 13 42 49 54 55 65 86 59 72 47
10 65 55 54 34 49 11 64 14 32 58
10 87 72 28 32 20 65 49 42 86 37
10 34 13 32 14 64 100 55 49 86 37
10 54 11 13 34 32 28 87 59 55 45
10 11 59 34 72 14 91 86 28 32 26
10 86 100 65 72 28 42 11 89 64 57
10 72 86 13 91 87 20 28 49 34 30
10 11 91 87 54 64 100 20 13 14 93
10 65 64 34 100 13 20 49 54 72 98
10 13 14 87 100 64 32 54 20 28 7
10 28 86 55 49 89 11 91 65 72 13
10 89 54 49 11 59 28 64 87 32 13
10 55 11 34 64 42 49 13 28 54 96
10 86 65 54 28 20 42 11 87 32 76
10 65 54 86 42 20 13 55 28 72 11
10 65 34 13 72 42 86 91 11 64 73
10 13 64 42 65 89 34 100 91 55 58
10 54 91 100 59 13 11 32 89 86 70
10 42 32 20 100 11 87 54 55 59 40
10 49 32 59 89 86 64 28 55 20 19
10 64 91 100 55 28 32 54 65 86 49
10 59 49 100 86 55 87 28 89 11 47
10 34 42 59 91 20 11 87 86 28 74
10 91 32 64 59 100 49 11 72 34 58
10 86 87 13 59 89 11 64 54 32 65
10 28 86 34 54 59 32 65 100 49 80
10 28 65 54 64 89 14 86 55 87 82
10 32 14 11 100 54 65 59 20 89 90
10 72 28 55 89 49 86 20 42 100 65
10 65 28 14 59 89 72 11 42 32 49
10 54 28 65 72 91 20 49 100 14 34
10 64 32 11 42 49 59 89 72 14 99
10 14 28 55 91 64 32 89 72 34 50
10 55 42 11 32 89 54 34 49 14 78
10 32 20 91 28 100 54 59 72 42 4
10 13 55 54 32 11 65 49 28 86 18
10 11 42 55 64 20 87 28 14 65 45
10 100 28 54 20 91 87 49 86 11 5
10 91 59 72 87 55 86 54 42 14 45
10 87 100 89 91 49 59 34 65 64 77
10 64 100 65 91 13 20 11 49 59 57
10 28 54 86 89 11 14 65 64 13 3
10 42 28 91 34 32 64 11 14 20 93
10 100 89 11 20 32 87 59 54 86 25
10 64 14 100 55 65 13 86 59 87 85
10 87 55 42 49 59 20 13 72 65 94
10 20 13 28 100 59 34 55 64 49 99
10 72 100 42 87 55 89 11 54 34 59
10 91 32 65 13 55 100 87 49 54 86
10 59 28 55 49 72 14 20 54 91 97
10 34 65 42 91 86 55 14 64 20 57
10 14 72 100 13 20 87 65 11 64 48
10 87 64 89 13 11 86 55 14 65 69
10 32 87 100 89 34 14 64 59 72 24
10 13 20 86 11 54 49 100 42 32 75
10 100 89 87 72 42 65 34 49 20 33
10 89 14 55 42 32 54 72 64 20 39
10 14 64 13 54 89 86 91 11 59 7
10 100 86 64 91 13 11 42 14 87 83
10 32 86 49 91 100 13 34 28 54 67
10 72 32 34 54 49 13 64 87 28 75
10 14 55 28 59 72 89 65 91 49 61
10 64 13 11 20 87 86 49 54 65 29
10 32 65 20 49 87 13 72 64 14 15
10 86 100 55 20 65 64 87 13 59 72
10 42 72 100 59 11 32 64 65 49 68
10 32 11 55 42 59 28 100 13 86 57
10 86 65 14 89 91 64 28 87 49 90
10 89 87 72 54 14 13 11 28 20 47
10 49 86 32 91 72 42 89 13 59 80
10 13 89 72 91 20 55 42 11 49 35
10 54 64 87 42 65 86 89 34 91 99
10 28 100 13 11 42 55 32 87 64 82
10 87 20 49 55 64 32 13 34 65 42
10 64 59 89 49 87 65 55 86 14 20
10 34 28 14 100 54 89 42 59 65 43
10 13 55 59 65 64 34 100 89 86 57
10 14 64 34 11 91 65 72 55 100 46
10 11 89 32 64 65 54 91 55 100 82
10 13 32 49 54 34 86 42 20 91 98
10 54 34 42 72 89 59 49 86 11 24
10 59 11 55 65 14 87 64 32 100 28
10 65 32 100 20 86 59 28 91 42 81
10 91 13 28 54 11 59 42 20 55 64
10 54 34 59 100 91 13 64 72 49 68
10 32 28 49 13 100 72 11 34 86 51
10 14 28 54 49 59 32 65 91 87 94
10 87 55 91 42 65 28 13 49 89 6
10 34 11 14 20 91 55 32 59 64 63
10 86 55 89 87 11 72 54 59 34 99
10 49 100 55 13 91 89 20 11 64 83
10 89 54 14 49 34 87 59 64 65 43
10 20 64 100 49 59 86 13 91 34 42
10 28 87 11 86 55 100 13 34 91 96
10 42 13 89 64 20 11 28 72 49 98
10 55 64 11 49 86 20 32 54 13 78
10 20 100 64 86 28 65 72 42 54 89
10 91 54 89 100 32 87 59 55 34 69
10 13 72 28 11 55 86 49 59 54 22
10 11 34 55 20 65 42 32 87 49 78
10 49 100 28 59 34 91 14 86 55 25
10 87 55 89 65 91 34 72 32 20 70
10 64 32 14 11 54 59 87 42 65 12
10 20 64 87 65 91 49 86 54 59 88
10 54 55 11 64 20 72 59 14 32 87
10 13 55 11 20 42 86 49 89 28 57
10 100 55 87 72 20 14 91 34 42 53
10 64 11 20 100 54 34 55 14 87 22
10 65 89 14 54 72 28 32 11 49 75
10 13 54 72 59 20 86 55 49 32 34
10 65 14 32 28 20 64 59 100 72 62
10 14 86 72 65 49 54 20 91 55 52
10 65 64 32 34 11 14 49 28 72 96
10 34 55 65 86 14 89 54 100 87 60
10 89 34 20 54 64 32 100 13 91 1
10 100 87 64 20 14 86 11 91 42 88
10 11 65 34 42 20 64 87 59 100 25
10 86 20 49 65 34 72 59 55 28 80
10 34 64 86 65 100 14 13 11 54 10
10 89 87 100 91 86 28 34 59 20 45
10 87 14 86 20 100 64 28 91 42 35
10 42 87 91 13 100 64 14 72 49 10
10 13 49 34 72 32 89 65 87 54 38
10 42 59 72 86 32 34 55 49 20 30
10 28 59 13 86 89 14 64 32 11 56
10 89 11 28 59 13 32 86 64 72 34
10 42 89 91 28 49 59 72 100 54 39
10 89 86 20 64 91 28 59 72 34 8
10 72 34 59 65 86 28 87 20 89 82
10 14 20 42 34 89 49 32 91 28 35
10 91 59 64 20 86 89 87 42 13 12
10 87 14 89 13 64 86 65 34 42 77
10 14 89 34 72 42 91 54 100 28 5
10 14 89 100 54 42 65 11 34 32 12
10 28 32 59 14 34 89 13 20 65 78
10 87 72 34 89 54 49 64 28 100 24
10 28 11 54 65 91 59 34 86 42 1
10 13 72 89 55 59 54 100 87 28 83
10 55 86 65 91 11 64 89 42 54 35
10 42 13 86 72 100 91 11 55 87 68
10 32 72 59 55 91 86 100 14 87 62
10 13 87 86 11 55 91 100 59 54 31
10 100 91 54 86 32 28 34 42 55 19
10 28 20 89 55 87 72 100 11 49 8
10 59 20 13 64 65 89 28 91 87 16
10 64 13 55 89 49 14 87 72 20 7
10 86 91 28 14 11 64 59 72 42 69
10 11 86 49 72 34 59 32 87 55 21
10 32 89 87 59 20 34 100 72 11 79
10 100 11 72 28 42 89 14 59 87 79
10 65 100 91 28 49 55 54 34 59 18
10 89 14 28 86 64 65 13 91 20 56
10 89 65 49 28 87 13 72 34 59 41
10 34 59 42 64 72 54 65 89 28 49
10 89 28 49 54 87 42 72 32 59 2
10 100 72 89 20 65 64 32 49 86 2
10 89 34 54 64 13 11 72 65 100 42
10 13 91 28 100 65 64 86 34 89 72
10 55 32 100 42 59 65 11 91 13 62
10 34 59 64 87 28 49 91 42 14 41
10 34 14 89 13 59 72 49 87 32 26
10 91 32 59 55 65 86 49 11 54 80
10 59 49 86 11 65 20 42 28 89 12
10 100 42 32 64 89 55 14 91 54 33
10 11 86 54 20 32 89 59 100 87 5
10 49 32 13 11 91 14 89 28 59 95
10 87 55 42 86 89 65 28 34 20 26
10 49 54 13 28 86 20 55 87 89 16
10 11 55 20 54 65 100 28 14 42 72
10 87 59 65 55 14 100 54 11 49 67
10 59 89 13 28 64 87 55 34 14 58
10 49 32 87 91 13 86 20 72 100 98
10 32 11 20 87 100 34 89 13 72 15
10 32 13 49 28 91 64 34 42 20 87
10 91 72 34 42 89 100 32 59 54 69
10 72 11 28 87 13 64 49 54 42 98
10 72 54 100 86 20 55 49 89 59 95
10 28 11 55 54 14 91 13 87 64 8
10 54 34 14 20 42 55 32 59 13 85
10 87 49 64 91 86 34 14 55 20 45
10 64 89 54 34 87 11 100 32 86 20
10 72 42 32 59 87 11 64 49 13 18
10 14 42 91 87 11 64 13 100 55 95
10 91 32 64 65 72 28 89 86 34 52
10 54 55 86 11 65 59 72 42 89 51
10 86 42 72 89 14 87 28 59 34 27
10 28 34 89 100 64 13 72 55 14 74
10 14 91 20 32 89 87 64 55 13 38
10 32 55 64 54 49 87 20 14 59 74
10 54 20 32 89 14 13 28 91 86 2
10 65 72 11 89 100 86 64 13 32 78
10 54 89 59 65 20 49 86 42 32 1
10 100 42 59 55 13 14 20 11 32 12
10 89 28 72 91 20 42 49 86 64 24
10 13 14 59 42 100 91 28 87 86 39
10 91 32 65 100 13 20 42 59 34 79
10 34 89 28 13 55 20 11 14 65 86
10 49 72 55 34 42 86 89 11 28 98
10 86 54 87 65 91 20 72 42 13 90
10 87 59 14 11 32 64 72 20 55 44
10 59 34 100 11 87 42 13 49 86 73
10 13 86 11 87 42 55 91 54 72 96
10 100 28 89 72 32 42 86 59 91 93
10 13 20 64 34 59 100 87 89 55 39
10 65 54 42 59 20 87 14 64 49 88
10 14 20 49 100 72 59 32 65 89 93
10 54 55 49 11 42 59 86 72 91 26
10 65 28 54 32 42 87 100 89 20 44
10 34 59 89 87 64 20 86 72 13 1
10 91 14 59 28 100 86 55 54 64 99
10 54 13 28 89 49 20 72 42 55 75
10 34 59 11 100 91 64 32 42 55 96
10 72 100 20 42 13 32 49 86 54 91
10 49 89 65 11 14 59 64 55 32 48
10 32 14 72 100 64 49 65 11 91 15
10 72 49 64 100 54 59 55 32 91 70
10 32 65 28 13 87 91 89 64 59 49
10 87 14 49 13 55 11 89 65 20 96
10 34 32 87 72 89 13 14 91 59 3
10 28 100 65 49 91 64 13 55 54 93
10 54 11 91 49 72 59 64 42 20 51
10 89 100 49 65 87 59 54 86 11 41
10 89 59 42 14 72 87 64 55 100 93
10 14 55 32 59 86 64 20 87 13 10
10 20 72 86 100 89 59 14 55 91 68
10 87 13 64 34 42 59 72 14 32 41
10 55 64 72 54 28 11 87 49 100 2
10 13 49 89 55 14 100 54 65 11 95
10 20 89 64 65 54 14 59 13 91 60
10 91 86 72 14 55 65 13 20 89 6
10 42 87 55 91 86 65 34 89 14 37
10 86 13 20 34 64 91 42 100 14 8
10 87 34 59 13 55 64 100 28 32 42
10 34 32 86 55 49 42 100 64 89 62
10 89 65 64 42 59 13 100 28 14 83
10 89 14 64 20 87 13 65 28 49 98
10 13 20 100 42 34 89 72 28 87 61
10 34 11 28 65 13 86 59 49 89 44
10 89 42 86 13 32 34 49 54 87 77
10 34 89 28 14 32 65 54 55 87 58
10 86 11 13 91 59 55 54 49 89 25
10 55 100 89 20 91 11 54 42 87 81
10 89 100 32 14 11 65 34 87 42 35
10 91 65 55 28 13 100 49 14 11 30
10 42 49 20 86 91 13 65 72 87 28
10 42 28 13 86 100 20 89 32 59 79
10 32 42 91 64 28 54 65 13 89 83
10 89 100 20 11 42 32 13 64 91 16
10 14 65 54 32 59 87 72 86 28 35
10 64 28 34 20 14 49 89 54 13 39
10 87 11 55 64 34 100 14 91 65 24
10 32 39 16 57 100 20 80 52 22 36
10 39 53 20 90 48 22 9 52 100 93
10 57 27 6 80 90 39 73 22 20 13
10 53 52 80 90 100 9 2 73 57 72
10 27 20 6 32 79 80 22 52 2 92
10 39 79 73 76 24 32 48 100 27 14
10 90 48 79 22 53 52 80 24 2 3
10 100 2 32 27 24 6 57 90 20 4
10 53 52 20 100 9 32 90 2 27 5
10 32 90 53 100 9 22 27 24 76 71
10 57 9 6 2 20 73 52 53 27 17
10 32 90 57 73 39 80 48 79 2 36
10 24 20 90 2 79 16 52 53 27 12
10 22 52 16 24 79 9 6 20 27 46
10 48 6 79 76 20 57 2 32 27 29
10 52 73 80 20 76 39 9 32 57 65
10 24 52 16 27 73 76 20 53 80 81
10 100 27 76 79 52 48 80 39 16 87
10 20 76 9 27 48 6 24 32 39 99
10 20 6 24 9 80 32 57 53 79 90
10 24 90 48 80 2 6 9 39 53 82
10 32 53 16 39 48 9 80 2 22 61
10 39 52 9 48 22 73 2 16 53 25
10 39 27 48 20 90 57 32 100 2 66
10 9 57 2 39 79 80 20 22 32 93
10 53 16 100 57 22 39 73 6 9 80
10 79 57 48 100 52 27 24 6 76 7
10 22 80 90 9 76 39 48 27 24 38
10 57 22 52 2 76 27 90 16 100 77
10 2 79 100 73 80 39 27 76 90 72
10 90 79 22 6 100 16 24 39 76 87
10 48 100 32 52 6 20 2 79 22 16
10 76 22 90 16 73 6 53 57 48 64
10 39 73 22 48 20 27 16 76 53 86
10 79 2 80 57 76 48 32 73 39 72
10 52 20 32 80 39 22 16 24 73 66
10 24 76 52 39 20 73 16 79 27 99
10 27 100 76 24 53 9 90 20 79 29
10 6 73 52 27 24 90 57 79 22 18
10 53 57 16 32 76 79 6 52 22 81
10 16 48 52 32 6 57 73 76 22 15
10 76 79 22 32 27 57 16 2 73 92
10 80 73 57 9 76 100 79 32 16 74
10 76 6 9 16 100 79 24 39 32 46
10 73 52 20 24 22 16 57 53 80 91
10 57 39 48 24 52 20 22 79 32 63
10 90 6 16 2 100 24 48 80 22 81
10 57 90 32 48 73 9 20 39 22 95
10 48 16 80 27 73 22 20 39 53 23
10 100 80 2 27 6 39 52 20 90 89
10 32 52 57 16 53 27 39 79 9 62
10 76 48 20 90 24 39 79 100 9 35
10 20 80 9 73 27 16 6 39 90 84
10 22 20 100 24 6 90 32 9 52 67
10 2 20 22 6 53 48 52 100 76 69
10 24 39 6 80 32 53 90 48 20 37
10 73 20 22 100 27 53 32 6 80 14
10 53 16 27 32 80 79 52 39 22 65
10 2 48 39 22 6 80 100 76 53 72
10 2 80 57 27 90 22 52 100 20 86
10 24 80 48 39 52 22 73 79 20 2
10 76 39 100 80 16 48 90 24 9 47
10 90 53 22 76 32 2 48 27 24 10
10 100 20 2 32 76 39 57 16 79 43
10 90 52 80 9 27 76 57 20 39 24
10 52 2 53 16 48 32 80 73 79 18
10 76 79 16 2 27 80 39 48 24 98
10 79 16 48 27 80 52 2 76 6 29
10 16 100 76 79 90 48 80 27 73 58
10 24 9 52 16 90 2 6 73 48 26
10 48 53 24 73 76 90 9 2 57 71
10 22 57 100 6 73 48 79 39 53 41
10 76 22 24 73 48 32 52 9 20 47
10 100 80 76 32 48 6 20 90 9 27
10 6 73 52 39 79 48 27 80 22 24
10 24 57 79 39 53 16 27 73 80 68
10 6 73 100 79 27 52 32 53 16 99
10 24 16 100 57 48 20 2 39 90 10
10 20 2 90 57 100 24 27 79 39 7
10 27 53 90 52 32 20 22 2 79 97
10 90 22 57 32 24 80 79 9 39 67
10 16 6 76 39 79 24 90 57 20 13
10 73 57 76 52 32 90 79 16 100 8
10 27 100 57 80 24 48 9 73 52 82
10 16 52 76 27 9 32 48 24 73 98
10 90 48 100 53 2 79 24 80 76 15
10 2 22 27 39 57 6 48 76 20 17
10 39 27 52 22 48 32 90 9 76 5
10 16 20 39 27 24 76 6 48 57 100
10 48 16 27 53 6 22 90 39 76 87
10 57 27 52 24 48 53 6 73 16 35
10 24 39 27 79 100 80 32 57 53 23
10 52 53 2 6 24 20 79 22 90 58
10 32 6 24 2 27 9 73 90 16 82
10 57 79 73 52 100 48 20 39 27 93
10 90 48 16 27 9 24 2 100 20 58
10 90 32 20 16 6 2 39 76 27 9
10 9 39 24 79 53 27 76 73 16 37
10 9 80 24 90 79 39 2 52 22 100
10 32 24 80 76 16 53 48 73 79 11
10 76 52 73 2 9 27 48 100 20 16
10 22 24 6 32 73 90 27 48 80 35
10 39 73 90 16 76 80 9 48 57 58
10 90 100 2 57 73 53 24 16 32 87
10 52 24 9 76 2 27 100 80 6 12
10 20 32 48 79 2 100 76 90 52 93
10 27 57 52 90 100 32 24 2 39 73
10 24 73 76 2 32 80 79 90 52 77
10 57 80 24 2 22 27 9 52 76 79
10 100 90 52 27 24 76 73 20 6 53
10 90 52 76 16 57 24 73 20 48 64
10 32 20 52 39 57 9 6 79 48 11
10 22 27 2 76 80 100 73 90 79 68
10 22 53 52 20 9 73 76 2 16 13
10 22 48 2 100 53 6 73 27 52 68
10 79 24 9 20 90 52 22 76 27 50
10 48 24 6 90 39 9 80 22 27 68
10 80 6 27 100 16 57 90 76 39 96
10 73 79 100 32 53 2 90 9 57 77
10 24 53 22 90 100 76 6 9 57 86
10 6 73 80 24 52 100 53 79 27 96
10 79 6 90 2 9 100 27 48 76 94
10 32 76 9 24 90 80 20 2 100 63
10 100 27 90 2 80 6 57 22 20 75
10 90 73 24 27 16 6 22 9 39 48
10 79 80 53 6 39 24 9 76 16 25
10 20 100 48 39 27 90 53 6 76 14
10 24 76 22 73 57 52 79 100 90 7
10 16 73 100 6 27 90 80 2 79 1
10 9 20 24 90 100 16 53 52 22 60
10 52 39 53 76 6 27 2 22 80 4
10 2 48 100 27 52 90 79 9 53 29
10 80 100 9 52 2 22 79 27 48 58
10 24 90 39 80 53 6 48 73 100 30
10 76 9 53 52 6 57 2 90 39 80
10 27 73 57 16 2 9 48 39 32 86
10 90 39 6 79 48 2 80 20 27 44
10 2 90 48 27 52 39 80 57 9 86
10 90 52 6 27 16 20 100 48 2 72
10 9 79 80 90 6 22 100 27 73 57
10 53 90 32 2 76 48 39 80 24 30
10 39 57 27 20 80 24 100 22 32 23
10 20 39 9 76 6 90 32 73 22 79
10 73 24 53 2 39 52 76 27 100 8
10 39 80 48 9 73 24 90 53 32 22
10 100 48 24 57 9 73 2 20 53 52
10 90 80 100 22 76 57 79 2 24 32
10 2 48 57 16 27 79 80 6 52 76
10 73 100 57 80 79 48 2 76 16 20
10 100 53 79 22 2 52 27 48 39 13
10 32 6 90 80 76 57 73 2 16 30
10 80 53 90 48 100 32 57 52 39 85
10 24 53 27 76 100 6 2 80 32 91
10 22 76 48 2 16 32 80 20 100 3
10 24 2 53 48 76 73 22 27 52 58
10 39 80 2 79 53 76 24 73 16 40
10 32 57 100 9 52 6 39 16 2 20
10 53 24 90 9 16 73 80 32 22 36
10 16 39 22 79 9 90 100 48 80 84
10 57 79 2 73 6 20 27 22 24 82
10 24 48 2 27 16 100 76 57 80 98
10 76 100 2 32 16 79 39 20 52 48
10 52 57 2 9 22 39 90 53 48 81
10 20 24 32 2 80 90 52 16 22 29
10 73 100 6 32 16 20 52 27 2 72
10 2 53 48 22 39 57 24 100 9 21
10 53 39 9 79 100 48 16 2 20 72
10 79 48 53 73 9 80 2 6 39 47
10 53 73 57 16 2 79 48 20 39 85
10 73 52 100 57 80 76 27 48 53 6
10 16 52 27 73 79 100 32 57 48 43
10 16 100 22 48 53 20 73 76 32 96
10 80 39 6 27 79 20 73 100 16 4
10 76 57 73 16 20 24 90 100 53 61
10 73 52 90 53 39 32 100 76 24 21
10 80 73 79 90 6 100 57 27 20 92
10 73 57 22 27 32 20 79 2 6 98
10 52 2 80 90 76 48 73 100 22 71
10 48 90 20 52 22 6 24 79 27 50
10 24 2 6 76 80 22 9 48 57 58
10 39 53 27 22 9 16 2 6 100 18
10 6 9 100 57 32 39 80 27 76 86
10 53 79 6 22 16 32 9 48 24 66
10 76 22 32 27 52 20 79 16 6 1
10 27 24 52 76 80 100 6 39 48 44
10 2 73 24 80 76 100 52 90 20 31
10 20 22 90 6 76 27 16 9 53 55
10 53 27 80 2 22 39 100 6 24 12
10 24 52 2 27 90 57 39 73 48 33
10 6 52 32 39 22 53 9 73 48 50
10 48 80 79 39 2 16 32 52 24 23
10 27 39 90 80 2 79 53 57 22 49
10 2 73 53 9 39 90 32 16 52 54
10 53 6 24 27 39 32 90 57 52 94
10 22 16 9 76 79 32 39 100 53 59
10 90 57 73 100 76 2 48 80 6 88
10 2 22 79 6 52 90 73 20 57 89
10 27 20 39 100 6 53 22 9 80 89
10 6 39 32 9 90 2 27 57 53 77
10 27 2 24 57 9 48 39 52 20 63
10 100 57 9 6 24 22 80 73 2 33
10 22 100 6 9 20 90 57 52 2 46
10 76 52 27 53 73 24 80 6 48 96
10 32 90 22 2 9 80 73 6 27 41
10 2 22 79 27 80 90 9 73 100 37
10 90 22 9 79 27 73 57 6 52 50
10 73 48 9 53 76 90 24 39 32 79
10 52 79 2 53 100 27 48 6 16 94
10 100 57 48 73 9 2 80 79 20 21
10 9 52 6 90 39 27 53 80 48 29
10 39 9 32 48 22 27 100 80 52 96
10 6 27 48 9 20 39 90 22 24 92
10 90 16 6 52 9 22 39 48 73 98
10 53 80 76 20 48 6 39 73 27 100
10 73 80 48 6 16 39 2 9 53 62
10 48 52 32 39 53 24 9 2 57 49
10 2 79 27 32 39 53 24 6 20 34
10 2 57 22 53 48 20 16 90 6 66
10 39 2 90 57 20 76 100 24 52 42
10 39 48 32 80 52 20 6 22 16 58
10 9 27 80 6 48 100 22 24 57 20
10 76 53 48 90 80 27 24 79 20 78
10 9 79 32 48 80 90 53 39 27 55
10 24 22 73 52 20 9 27 76 32 5
10 6 27 90 24 2 52 73 57 100 37
10 73 79 27 9 57 80 90 20 100 88
10 73 57 6 79 20 2 39 90 76 48
10 24 90 80 76 57 6 39 53 52 65
10 20 90 76 100 16 57 79 73 9 54
10 16 100 57 79 80 76 6 27 73 1
10 79 27 2 53 32 73 100 39 24 71
10 73 2 16 100 9 79 53 24 76 36
10 16 32 2 53 57 22 39 76 90 4
10 48 76 9 90 20 80 52 79 27 8
10 73 24 22 16 100 53 9 79 27 97
10 9 76 73 57 39 20 52 79 22 25
10 9 6 90 57 20 53 79 2 76 11
10 22 57 20 24 100 39 2 27 90 37
10 32 76 20 16 57 52 79 39 53 97
10 16 9 27 22 6 90 76 73 20 42
10 80 27 16 39 20 52 90 48 32 84
10 22 52 53 9 27 76 57 73 6 12
10 39 52 9 90 24 57 100 53 80 12
10 20 57 90 48 52 80 22 16 9 50
10 73 53 76 22 9 79 100 80 2 20
10 9 6 100 27 80 32 76 53 2 81
10 39 76 48 79 6 73 52 27 24 8
10 79 20 9 100 57 76 32 48 24 81
10 79 22 80 76 20 9 2 48 52 65
10 2 9 80 57 48 6 76 32 16 37
10 16 27 9 80 22 52 90 76 39 68
10 53 32 90 39 79 57 24 76 9 78
10 32 79 100 39 48 73 57 52 53 16
10 80 2 100 73 39 20 9 48 16 40
10 32 53 80 2 100 16 76 6 79 20
10 100 22 2 9 16 48 80 20 73 47
10 6 2 32 22 20 79 27 52 9 76
10 2 76 73 57 24 39 90 32 22 14
10 48 73 80 57 100 27 6 76 16 82
10 22 100 2 20 32 79 53 39 24 52
10 79 76 22 100 80 73 39 53 24 84
10 6 9 20 57 16 80 32 76 27 7
10 79 32 90 73 20 24 53 57 2 67
10 9 2 76 53 80 32 22 100 57 59
10 52 27 76 24 48 16 80 32 53 31
10 24 27 80 79 6 90 16 22 2 65
10 2 39 24 20 16 53 57 52 80 73
10 53 32 6 57 2 90 76 100 52 91
10 48 24 39 22 76 53 16 79 27 86
10 39 2 76 32 6 79 20 48 24 52
10 27 20 52 6 24 16 22 32 48 93
10 48 57 90 79 53 52 6 9 32 26
10 100 24 32 79 9 90 76 39 52 67
10 2 22 76 24 90 9 57 80 48 6
10 22 76 79 52 100 53 73 9 80 93
10 6 32 39 22 79 9 16 20 57 97
10 2 22 27 6 32 24 79 20 48 60
10 24 80 76 52 53 16 6 48 22 90
10 53 57 6 79 100 27 52 20 32 77
10 39 57 73 20 76 79 52 16 9 89
10 53 6 57 39 80 24 20 48 73 81
10 73 90 48 27 24 57 2 32 80 53
10 39 76 32 53 100 6 52 2 48 33
10 32 57 90 80 6 73 53 27 76 16
10 27 79 6 90 9 20 80 16 32 22
10 27 16 80 52 57 9 22 39 79 50
10 52 100 57 90 80 6 27 79 53 11
10 27 53 100 22 52 2 48 80 90 84
10 22 80 52 27 32 24 76 39 20 13
10 48 53 52 79 9 90 20 6 80 63
10 27 22 80 24 32 52 39 48 73 74
10 27 32 9 22 2 53 76 52 20 47
10 9 22 100 20 52 90 24 6 48 37
10 73 90 2 6 39 100 57 16 80 82
10 53 76 16 22 24 2 90 80 52 83
10 9 53 22 76 39 6 27 100 73 89
10 9 100 73 24 90 39 32 52 22 56
10 2 100 32 52 6 79 39 20 48 15
10 16 57 6 24 39 80 2 22 20 84
10 52 2 39 73 20 90 80 6 22 93
10 57 90 52 32 39 27 100 73 24 42
10 79 53 39 80 27 24 6 100 9 50
10 24 20 100 73 6 2 48 52 9 42
10 80 57 27 100 20 9 90 73 16 18
10 48 24 9 80 27 100 39 6 90 46
10 52 80 79 39 6 20 73 27 76 46
10 79 39 16 9 73 6 2 57 22 75
10 9 100 80 24 39 22 90 6 16 68
10 73 79 16 20 27 57 90 32 53 6
10 32 27 6 73 52 80 22 20 53 100
10 22 32 100 6 2 57 16 20 80 66
10 20 90 24 48 80 2 53 32 39 94
10 39 80 16 20 76 90 52 73 53 12
10 24 20 100 22 6 79 90 52 80 46
10 73 22 48 53 90 27 2 32 79 6
10 48 57 79 52 24 53 100 27 39 3
10 6 76 48 73 57 53 16 100 39 78
10 6 9 80 22 90 73 24 48 53 74
10 9 24 53 57 48 20 100 32 6 58
10 27 80 79 76 57 53 9 6 32 41
10 80 90 57 24 6 100 16 20 27 56
10 76 24 80 27 6 48 22 9 39 66
10 20 53 90 24 27 32 16 100 79 98
10 57 52 6 2 53 27 22 20 76 49
10 32 80 22 53 39 73 90 79 24 10
10 76 52 27 6 24 100 20 90 79 71
10 32 80 16 48 79 20 76 57 53 91
10 73 16 27 9 80 52 6 57 2 45
10 52 80 100 2 48 20 79 57 27 28
10 27 9 90 24 53 76 73 80 79 58
10 48 100 22 57 76 9 53 39 80 35
10 73 48 52 16 24 76 32 6 22 17
10 20 2 39 80 48 57 16 73 24 76
10 22 76 16 9 73 79 24 100 57 65
10 27 39 6 22 76 73 9 57 32 80
10 24 79 80 9 53 76 32 27 20 7
10 22 90 52 48 20 76 24 16 39 79
10 2 48 9 16 90 22 6 53 32 62
10 2 9 39 16 79 32 90 24 22 99
10 2 76 73 80 53 27 48 90 20 30
10 22 80 53 73 16 6 24 52 48 77
10 52 9 57 6 20 27 79 53 2 62
10 79 6 52 9 39 22 24 2 57 46
10 90 79 39 20 57 27 52 6 24 74
10 27 80 6 32 100 76 79 48 53 88
10 53 27 100 6 20 79 57 80 73 60
10 57 32 39 24 9 76 100 52 16 27
10 79 22 90 32 48 52 20 39 57 30
10 22 20 52 24 9 76 90 16 57 71
10 27 20 73 6 80 22 24 76 57 36
10 24 20 53 6 9 100 32 16 39 25
10 27 16 22 9 6 48 24 76 20 100
10 52 24 76 39 27 48 32 100 80 18
10 2 39 80 24 79 76 90 20 32 15
10 22 52 80 16 73 100 32 39 2 42
10 2 20 52 76 73 90 32 53 27 38
10 16 90 48 76 27 79 57 80 53 13
10 57 90 80 22 2 79 27 53 6 10
10 27 6 32 2 100 9 53 16 90 13
10 16 52 32 6 79 2 9 53 57 69
10 80 79 16 9 90 100 27 39 24 50
10 2 48 24 20 76 53 80 6 79 94
10 24 32 53 16 76 57 90 9 6 82
10 9 57 2 6 27 79 100 53 80 84
10 73 27 48 24 32 20 16 2 52 91
10 16 24 52 39 22 27 57 32 80 51
10 16 53 90 76 52 48 32 27 100 93
10 20 2 16 76 32 52 27 9 48 58
10 100 6 2 80 9 39 52 32 73 76
10 6 22 24 39 16 48 100 9 90 19
10 6 39 16 57 20 2 22 80 79 73
10 9 100 20 90 2 32 57 53 6 63
10 48 90 16 53 79 2 76 9 32 87
10 53 16 90 76 57 9 39 2 52 79
10 80 79 24 57 100 16 32 6 73 85
10 80 32 39 90 52 48 20 6 57 99
10 16 9 32 76 48 6 80 20 52 8
10 73 100 6 32 2 76 57 53 16 27
10 48 20 90 22 32 27 16 2 100 44
10 52 6 32 20 48 27 53 57 22 87
10 90 80 6 27 39 22 2 16 52 33
10 32 6 24 20 16 52 53 48 39 67
10 100 27 6 79 24 48 76 32 2 69
10 48 90 79 76 9 16 27 52 2 53
10 16 39 24 90 52 100 20 80 73 30
10 80 52 20 100 16 76 48 6 79 11
10 32 24 76 52 20 48 57 79 100 92
10 39 48 32 76 27 79 57 100 52 86
10 22 57 24 39 48 90 16 2 20 76
10 57 53 73 16 32 80 24 6 79 83
10 22 24 73 9 27 39 6 100 90 4
10 39 79 48 76 20 24 52 2 73 4
10 20 32 100 22 80 48 9 90 16 26
10 79 6 20 16 27 39 2 9 100 84
10 2 16 80 73 20 79 76 27 52 55
10 57 90 39 27 16 52 6 80 24 75
10 57 16 53 2 9 80 48 24 20 32
10 9 79 48 52 6 32 76 90 2 40
10 16 9 52 6 20 24 53 2 27 85
10 53 79 22 90 6 39 100 9 24 41
10 9 16 22 20 53 39 48 2 52 7
10 48 39 22 16 52 2 32 80 6 77
10 20 79 39 53 73 9 57 48 100 83
10 100 24 16 53 20 73 9 76 22 96
10 16 90 2 57 32 76 27 53 24 11
10 76 27 52 2 48 100 53 73 16 28
10 16 76 73 100 52 22 57 90 9 42
10 48 32 73 53 20 16 52 6 79 60
10 24 80 6 52 53 2 16 79 76 34
10 16 24 6 2 100 20 52 90 73 1
10 57 39 32 73 2 22 20 27 80 5
10 22 20 52 9 100 80 48 76 57 66
10 27 32 16 100 76 52 39 2 57 82
10 48 53 52 39 2 90 79 57 22 70
10 57 9 73 24 52 90 2 20 100 23
10 32 22 27 73 100 76 39 2 9 80
10 100 48 16 32 2 90 27 6 39 24
10 52 76 53 48 6 9 16 80 100 84
10 57 2 32 53 9 16 22 100 39 74
10 48 52 57 80 90 79 24 9 6 60
10 16 39 6 80 57 32 27 76 90 98
10 27 100 48 53 6 24 16 20 39 18
10 2 32 52 79 22 76 48 100 57 1
10 52 24 6 48 79 100 9 20 2 90
10 6 27 53 90 79 22 16 48 32 91
10 52 16 22 79 20 32 6 27 73 19
10 24 76 16 53 90 48 79 20 32 65
10 79 24 100 73 2 39 20 27 57 96
10 79 39 6 52 76 22 80 24 2 51
10 53 90 6 73 80 79 52 39 57 8
10 57 24 90 100 9 20 16 80 48 62
10 9 2 79 53 73 57 32 100 76 14
10 57 20 9 79 53 73 16 48 39 95
10 53 27 52 48 20 90 76 73 32 7
10 24 20 22 57 2 6 27 53 76 3
10 22 27 2 9 90 32 73 79 76 88
10 2 73 9 22 100 32 53 52 76 89
10 76 73 24 20 57 79 48 6 32 69
10 53 27 79 80 100 76 52 20 57 63
10 90 22 57 2 16 24 80 100 27 7
10 90 2 24 20 16 9 53 80 6 29
10 32 48 80 22 6 57 24 76 9 43
10 39 32 27 22 76 2 79 90 57 5
10 100 27 80 20 2 22 32 90 6 77
10 53 79 57 48 20 6 27 100 76 73
10 52 76 100 20 90 79 22 57 16 59
10 20 24 100 39 76 22 2 52 9 35
10 39 2 24 20 16 79 52 76 73 59
10 6 2 22 90 32 48 57 20 24 70
10 16 39 20 52 24 90 76 32 79 77
10 53 9 48 100 76 73 24 80 27 15
10 24 57 6 9 27 48 22 53 52 29
10 73 9 90 76 100 39 57 80 32 66
10 2 39 48 80 16 32 79 53 27 92
10 76 53 6 79 39 80 20 22 52 7
10 73 53 6 90 27 79 20 24 9 91
10 76 73 80 24 100 22 32 2 27 25
10 6 100 22 53 48 16 90 73 52 72
10 76 2 9 100 48 22 39 52 24 37
10 100 57 24 9 80 32 22 79 76 64
10 90 48 80 53 100 22 57 73 24 39
10 9 39 6 90 16 73 80 57 32 13
10 79 16 100 57 22 9 73 27 53 42
10 57 53 39 80 32 27 20 48 79 85
10 73 16 2 20 9 48 53 39 52 12
10 90 6 76 79 27 22 57 2 32 74
10 20 2 90 32 79 57 76 16 73 7
10 2 9 22 57 53 27 6 100 90 17
10 90 52 32 73 80 57 16 79 39 46
10 2 24 100 16 73 53 90 22 76 68
10 27 9 79 22 20 16 52 2 39 19
10 90 22 100 39 48 20 16 27 32 87
10 57 76 27 53 20 73 90 79 9 26
10 22 57 27 2 80 90 24 16 53 40
10 22 6 16 100 90 2 73 20 57 70
10 48 100 90 27 2 79 22 52 24 49
10 27 90 20 24 53 9 6 32 39 89
10 27 39 100 90 32 20 52 57 9 1
10 100 16 80 73 20 2 57 32 48 23
10 53 52 9 22 90 57 80 2 16 66
10 80 22 39 24 2 16 6 27 9 48
10 100 48 6 27 80 20 16 39 9 31
10 73 32 90 16 24 76 100 52 80 92
10 48 57 22 16 39 79 9 53 32 14
10 32 52 90 48 53 39 6 27 100 85
10 16 6 90 2 57 73 27 100 80 10
10 32 22 9 27 24 48 2 100 6 50
10 24 6 48 53 39 9 73 22 27 21
10 9 48 100 73 16 52 22 76 80 81
10 79 100 2 53 6 27 9 16 48 66
10 76 20 39 2 48 32 73 57 6 98
10 32 20 16 6 90 2 24 73 76 95
10 80 39 53 9 2 22 20 90 52 87
10 2 76 32 79 27 53 48 100 57 1
10 80 6 57 27 100 22 9 39 48 73
10 22 90 6 76 79 2 80 27 32 70
10 90 32 27 53 52 22 24 48 20 19
10 27 9 90 2 48 57 53 76 73 62
10 52 2 100 53 80 22 6 32 48 31
10 53 6 73 27 16 57 100 90 76 41
10 39 2 47 85 22 38 4 82 50 52
10 47 38 85 54 50 20 37 39 72 67
10 50 39 37 55 72 47 2 65 57 67
10 72 85 39 92 82 22 65 37 57 30
10 65 39 35 54 15 61 38 85 57 41
10 72 82 85 2 47 57 37 65 20 78
10 57 35 2 85 38 72 82 4 15 16
10 82 2 65 20 54 22 72 57 92 84
10 82 38 61 2 47 20 57 35 4 19
10 39 2 55 35 20 38 37 92 22 52
10 47 55 39 2 57 61 38 50 65 88
10 2 72 39 15 85 4 22 47 92 70
10 92 38 2 85 22 55 15 82 47 36
10 61 50 85 37 39 47 72 22 92 58
10 15 55 37 57 50 38 72 92 54 7
10 57 15 47 38 50 61 54 35 82 99
10 54 65 2 22 37 61 39 50 92 87
10 2 22 57 35 15 37 38 61 92 48
10 2 55 65 72 4 20 35 50 39 43
10 65 92 37 55 15 72 82 47 2 63
10 54 38 92 61 22 37 82 47 39 74
10 55 20 57 50 15 72 35 39 2 98
10 72 39 50 37 57 55 2 4 47 61
10 37 92 54 2 61 57 22 35 82 79
10 61 22 38 35 82 37 65 92 85 45
10 4 39 61 38 57 82 55 65 2 79
10 65 57 85 35 54 82 50 15 61 7
10 47 50 22 39 65 55 82 92 72 28
10 2 22 4 55 15 38 47 20 50 25
10 57 35 50 65 61 82 54 55 72 17
10 37 82 65 20 4 85 57 38 54 97
10 82 37 47 4 20 22 54 35 50 58
10 47 85 72 92 2 61 22 54 4 80
10 35 38 82 85 22 4 15 37 20 44
10 4 37 55 20 57 54 50 85 92 90
10 65 55 92 85 57 35 39 15 72 20
10 65 22 47 54 61 2 72 50 85 88
10 22 38 20 57 35 85 50 65 39 5
10 4 38 57 37 92 20 39 2 35 3
10 22 92 82 50 20 35 65 57 4 53
10 2 55 37 38 15 50 57 92 39 10
10 82 55 37 22 85 38 72 47 2 44
10 82 54 38 47 57 61 50 22 85 10
10 20 50 57 22 47 2 15 39 92 41
10 22 15 82 92 72 57 61 50 38 76
10 37 35 2 55 65 20 47 38 82 93
10 55 2 15 20 72 22 61 37 57 26
10 72 38 50 35 92 54 61 22 20 17
10 37 65 4 15 55 39 92 57 72 5
10 50 37 47 61 22 55 2 38 72 81
10 92 47 54 82 15 61 50 4 65 9
10 22 47 54 50 35 15 4 82 92 28
10 54 82 4 57 15 22 39 55 38 31
10 85 61 55 39 57 4 2 38 50 47
10 38 65 37 92 72 47 15 20 39 26
10 20 22 15 39 61 50 57 72 92 85
10 20 57 82 65 50 2 85 92 47 54
10 22 57 2 65 55 85 82 38 4 60
10 35 15 38 39 50 65 47 22 54 19
10 20 57 15 50 72 65 85 39 82 34
10 39 2 65 37 92 22 72 85 50 34
10 47 22 82 15 20 92 38 85 65 94
10 35 22 54 4 57 61 85 38 15 86
10 37 38 85 92 39 4 35 20 72 44
10 20 57 39 72 65 15 85 50 47 43
10 35 2 55 61 50 72 85 47 38 3
10 55 38 22 50 20 4 92 15 72 53
10 85 35 4 39 92 61 82 57 65 100
10 39 47 85 57 37 54 50 4 20 46
10 85 61 37 2 38 82 20 92 15 24
10 22 55 35 65 50 39 4 92 61 23
10 57 20 61 15 92 22 72 4 37 80
10 15 47 82 54 92 72 4 2 50 93
10 37 22 92 61 15 38 54 82 50 59
10 15 85 4 35 38 20 54 55 57 74
10 4 39 15 47 57 55 92 50 35 1
10 92 85 82 47 2 4 20 57 65 78
10 82 54 38 22 39 72 47 35 65 50
10 57 50 65 35 15 39 2 22 55 71
10 35 4 65 20 92 15 50 54 55 64
10 50 55 57 47 54 38 92 4 35 64
10 92 54 20 57 22 65 2 4 37 64
10 35 4 47 2 65 82 54 55 37 49
10 35 38 22 55 57 20 4 37 82 75
10 47 22 39 55 35 92 20 4 85 36
10 65 50 39 57 54 22 82 4 20 73
10 57 50 72 22 20 54 61 2 37 17
10 50 55 65 92 22 72 85 35 37 69
10 54 22 61 4 47 2 55 50 92 52
10 38 39 50 2 72 35 57 20 85 95
10 20 35 4 85 38 72 22 65 39 36
10 65 47 82 50 92 57 22 39 20 88
10 57 47 61 37 35 54 85 82 72 52
10 22 72 54 55 92 50 61 82 2 36
10 20 37 2 38 85 92 22 55 54 32
10 61 54 39 57 92 4 65 38 85 42
10 15 57 20 37 72 54 82 22 47 24
10 72 37 61 85 22 15 55 65 4 17
10 55 57 85 92 2 82 35 47 37 65
10 92 65 20 4 47 57 54 50 38 60
10 37 35 47 65 92 4 38 72 61 33
10 47 39 2 37 35 20 15 82 65 28
10 55 15 57 4 54 47 61 20 72 43
10 15 55 54 22 61 72 47 50 4 59
10 57 54 55 15 2 35 4 82 50 17
10 92 72 50 2 35 20 82 4 55 75
10 38 82 15 92 85 72 20 55 47 98
10 92 38 22 65 35 50 15 47 54 75
10 72 50 35 39 15 57 20 65 47 82
10 92 39 85 38 55 15 72 54 47 2
10 47 57 85 38 50 4 72 92 61 89
10 35 15 82 57 55 61 2 39 38 77
10 57 65 85 61 54 38 92 55 20 14
10 54 39 37 20 35 85 50 82 55 57
10 57 2 47 50 72 82 37 65 4 11
10 47 22 35 20 82 92 57 54 15 45
10 61 20 39 72 54 38 47 35 50 93
10 47 2 4 38 65 54 72 82 37 22
10 39 65 92 50 38 82 37 55 2 41
10 38 82 39 61 92 50 37 35 15 2
10 72 47 85 82 65 22 2 35 92 59
10 15 38 82 47 50 85 35 72 61 4
10 57 82 20 65 72 39 35 37 54 71
10 47 4 85 20 39 50 38 2 37 19
10 39 47 57 2 72 37 22 82 55 17
10 39 35 20 72 15 82 65 54 55 83
10 2 38 50 92 57 4 35 55 47 36
10 54 85 47 61 37 92 22 65 4 44
10 85 92 37 38 50 2 39 47 35 36
10 47 54 72 61 82 35 4 38 65 30
10 57 37 65 54 4 92 15 20 50 31
10 22 2 82 39 4 57 92 35 85 7
10 92 37 22 47 2 4 38 85 50 34
10 35 22 65 54 39 72 92 57 82 64
10 20 2 82 57 15 4 72 35 37 26
10 65 20 22 85 61 47 15 37 57 8
10 61 38 15 2 20 50 4 92 65 39
10 4 22 15 37 38 2 39 47 35 84
10 57 38 82 55 4 65 85 39 54 46
10 82 57 72 39 92 85 50 38 47 22
10 72 54 50 82 4 20 35 55 15 42
10 4 2 92 72 20 54 50 15 65 49
10 2 47 92 20 55 61 57 38 39 5
10 4 15 39 55 2 22 47 35 57 90
10 92 55 2 47 35 39 54 65 4 57
10 20 50 92 38 2 61 57 37 55 54
10 85 92 20 38 2 55 54 82 61 80
10 82 61 92 39 20 85 57 65 55 25
10 50 72 39 85 82 38 2 15 4 75
10 15 50 37 20 61 39 57 72 85 22
10 57 65 2 37 38 61 47 72 35 74
10 47 55 37 20 15 35 39 92 54 4
10 2 61 38 15 22 4 82 37 65 45
10 65 55 35 20 57 82 54 72 37 69
10 82 55 37 39 15 50 65 57 54 59
10 72 15 35 2 4 57 82 37 61 67
10 15 61 85 4 35 39 55 57 92 41
10 85 54 22 37 55 47 82 50 92 41
10 22 92 54 38 39 65 20 47 72 87
10 50 72 61 37 15 65 22 85 4 45
10 61 15 65 50 54 57 72 39 2 98
10 82 54 72 55 22 39 37 38 61 34
10 20 57 72 61 35 50 55 65 4 49
10 85 61 92 2 39 47 38 82 4 57
10 4 57 65 54 92 20 82 22 61 21
10 38 61 82 4 15 55 65 37 85 33
10 85 57 4 92 47 15 2 55 72 97
10 55 39 37 4 20 85 54 82 2 8
10 37 35 92 15 20 54 39 50 82 30
10 35 65 55 20 22 38 57 85 37 8
10 72 4 55 61 92 85 82 39 15 79
10 57 39 72 61 15 85 82 50 92 14
10 22 72 15 38 50 47 20 4 85 23
10 72 55 61 47 2 54 85 50 35 24
10 57 61 39 92 4 37 54 47 2 98
10 85 38 37 82 22 35 57 2 65 89
10 39 54 55 38 2 15 50 57 61 16
10 37 85 15 35 61 39 2 65 47 7
10 47 15 50 2 57 20 39 85 65 80
10 55 61 65 20 50 72 39 37 57 25
10 50 20 39 37 85 92 82 55 57 87
10 4 47 2 35 82 65 38 85 55 99
10 15 47 4 38 57 37 61 85 39 65
10 38 4 2 22 15 72 37 57 65 100
10 2 61 39 54 72 55 22 20 50 41
10 37 54 39 92 4 72 2 35 15 90
10 55 65 85 2 4 54 61 38 20 9
10 47 57 37 82 85 50 15 72 61 14
10 50 55 65 2 72 82 54 35 15 10
10 57 20 92 54 61 35 55 22 37 70
10 4 20 72 54 82 65 37 38 61 29
10 15 39 20 4 65 57 35 54 82 32
10 85 35 20 37 2 47 38 61 72 41
10 15 20 35 65 47 54 72 39 38 99
10 22 4 92 20 39 38 61 54 55 43
10 15 57 61 39 38 4 47 50 72 13
10 55 57 65 82 20 35 92 50 85 22
10 20 61 55 54 92 4 47 39 85 52
10 92 2 54 35 85 82 50 47 15 18
10 85 82 92 54 38 65 55 22 4 67
10 54 82 61 15 72 4 47 20 50 35
10 82 39 4 35 72 38 37 2 15 95
10 57 39 61 20 4 82 22 37 2 18
10 72 82 65 20 47 61 4 2 55 86
10 47 50 55 72 38 22 92 15 2 93
10 72 55 15 22 35 38 47 37 2 32
10 72 47 15 55 92 50 2 57 20 84
10 85 82 38 2 72 39 37 35 22 36
10 50 82 61 72 2 35 38 55 47 84
10 50 2 72 85 39 15 4 54 47 57
10 38 2 85 92 65 61 4 39 15 53
10 2 15 82 39 50 37 38 4 92 100
10 61 54 85 47 38 35 22 55 2 32
10 37 65 20 55 92 22 72 85 4 35
10 20 15 50 57 54 85 92 47 22 53
10 2 92 37 20 35 54 50 82 4 80
10 22 35 57 15 4 50 65 55 47 52
10 65 15 38 47 4 92 57 61 2 44
10 38 22 72 57 55 65 85 20 50 58
10 85 82 61 72 55 57 38 20 92 66
10 55 50 82 47 39 15 38 54 20 26
10 50 20 92 54 55 47 22 37 35 19
10 37 92 55 22 2 15 82 57 4 48
10 22 39 50 82 4 85 72 37 57 78
10 50 4 54 72 55 47 61 35 57 23
10 4 2 85 61 50 38 37 65 39 69
10 57 38 47 39 35 72 4 65 22 18
10 15 37 20 22 54 47 72 57 35 69
10 47 15 54 20 38 82 85 35 22 18
10 47 35 15 72 57 22 92 50 82 28
10 50 39 20 57 55 82 65 85 35 1
10 82 37 55 50 38 22 20 39 15 9
10 55 35 39 22 38 57 50 47 54 32
10 38 37 47 35 2 82 54 65 50 46
10 92 2 72 38 65 50 57 85 55 73
10 38 4 39 55 54 82 72 15 57 98
10 37 4 39 57 92 54 15 35 85 3
10 55 54 82 38 47 35 65 39 37 62
10 4 38 72 61 35 55 65 39 57 78
10 35 55 57 2 39 92 50 85 4 25
10 22 57 92 54 4 15 2 38 47 66
10 37 20 82 39 4 35 38 85 61 36
10 39 61 38 37 2 47 20 4 72 14
10 47 57 50 55 61 65 37 92 85 51
10 92 57 55 65 37 47 38 82 22 54
10 57 2 55 82 20 85 22 72 4 12
10 82 37 85 61 72 4 35 22 38 39
10 65 47 2 50 20 37 15 61 22 9
10 85 61 55 35 22 72 54 39 20 8
10 72 35 92 57 82 65 37 61 47 24
10 65 22 37 50 39 72 2 85 20 99
10 65 72 38 55 57 39 15 4 22 56
10 4 82 47 50 37 55 65 22 2 74
10 47 20 50 72 65 54 55 2 37 31
10 38 54 4 37 61 85 50 82 65 35
10 57 92 50 55 38 37 35 39 72 100
10 50 65 57 2 35 85 92 15 22 90
10 35 82 61 4 55 72 39 85 57 63
10 54 57 22 38 50 39 92 85 37 25
10 15 82 2 61 20 47 35 39 55 85
10 15 92 65 4 57 55 35 39 61 16
10 72 37 55 54 15 85 4 39 92 10
10 15 57 47 61 2 65 38 39 35 86
10 92 4 61 55 15 20 85 37 2 99
10 4 54 55 65 37 20 15 39 92 77
10 4 61 50 15 39 2 47 72 37 89
10 20 2 15 92 37 35 39 38 65 33
10 50 72 61 57 22 15 47 39 38 92
10 47 57 72 92 15 35 39 20 4 32
10 50 22 55 37 57 39 2 65 35 32
10 37 35 57 15 72 92 55 61 85 6
10 4 82 39 47 57 15 37 72 22 42
10 22 4 47 2 82 55 65 57 54 18
10 55 15 20 50 2 57 92 39 82 63
10 72 35 55 85 39 65 61 4 15 84
10 54 92 55 35 47 65 2 22 38 5
10 92 4 50 2 54 47 72 65 55 89
10 85 57 4 55 54 92 15 35 61 17
10 22 82 57 37 65 72 20 38 35 89
10 20 22 37 85 72 65 61 35 55 39
10 85 72 54 39 47 4 65 57 38 87
10 20 47 82 37 38 35 65 4 92 72
10 61 37 39 82 72 65 92 22 38 53
10 61 39 55 20 35 65 85 4 15 80
10 2 37 50 4 15 61 39 47 57 63
10 82 85 20 37 54 47 92 50 72 100
10 15 22 57 72 65 39 4 47 55 19
10 39 65 92 54 50 4 57 35 37 82
10 72 2 35 22 20 37 92 61 82 47
10 22 47 38 37 61 92 50 65 15 83
10 38 35 92 57 20 55 61 54 15 81
10 50 4 47 82 61 85 20 65 2 100
10 50 61 82 35 92 57 65 38 39 70
10 35 39 54 85 50 37 22 4 72 65
10 2 54 50 65 82 22 72 4 92 55
10 92 47 82 85 22 2 54 72 20 71
10 22 20 47 38 55 57 39 15 35 60
10 35 4 22 50 54 57 20 47 72 68
10 22 92 82 37 15 61 20 47 2 43
10 4 35 20 61 57 82 85 47 39 37
10 92 61 15 22 39 4 35 38 47 93
10 57 22 35 82 38 47 39 20 4 13
10 85 38 39 54 65 61 55 47 57 73
10 65 57 85 39 15 47 2 37 55 90
10 55 85 22 2 38 82 92 4 15 94
10 85 35 37 4 15 61 92 2 38 76
10 35 2 72 47 65 39 85 92 54 90
10 35 22 37 72 15 65 50 55 2 10
10 55 37 39 82 22 54 20 61 2 32
10 61 92 47 50 39 15 38 35 82 88
10 20 57 65 47 82 50 15 61 35 37
10 37 20 2 54 35 55 50 39 65 79
10 22 4 39 72 55 35 50 20 2 43
10 65 50 72 39 85 2 54 15 92 76
10 15 55 92 47 39 4 72 82 57 49
10 82 35 20 38 22 2 47 65 50 56
10 4 85 82 92 2 20 55 37 38 61
10 38 39 4 37 35 50 61 57 15 63
10 20 55 57 2 38 47 54 61 39 24
10 57 4 15 65 2 61 39 92 20 40
10 85 82 2 65 4 35 54 47 92 18
10 38 15 2 22 35 37 92 55 47 57
10 50 92 61 55 85 2 72 4 22 7
10 47 38 72 65 57 35 82 37 50 28
10 20 72 65 4 38 82 35 15 50 91
10 55 61 37 82 85 22 54 50 38 99
10 50 65 39 92 37 61 15 38 54 57
10 20 92 39 47 2 55 85 4 72 100
10 20 35 72 22 39 4 65 47 55 80
10 82 2 4 65 38 54 47 55 39 73
10 38 92 39 50 20 54 35 15 22 46
10 50 54 85 2 38 82 47 72 20 3
10 61 15 54 22 85 82 72 65 38 19
10 37 85 92 47 20 39 82 35 54 87
10 61 37 15 92 72 47 65 38 35 55
10 2 61 57 50 47 35 55 37 39 32
10 22 61 4 65 54 55 38 37 47 83
10 92 15 72 54 85 47 35 55 39 32
10 82 2 20 54 37 22 55 50 92 3
10 35 65 15 55 20 54 50 82 92 40
10 2 4 38 39 82 61 55 65 35 93
10 47 65 50 20 92 2 55 38 82 62
10 4 20 15 65 2 22 55 82 61 58
10 92 22 55 20 65 50 38 2 72 30
10 38 92 61 22 39 47 85 55 65 71
10 61 15 47 85 2 37 50 65 4 31
10 55 38 82 15 35 4 20 72 85 52
10 38 47 92 82 85 15 4 2 61 88
10 82 61 4 39 85 92 57 2 20 27
10 4 82 47 2 22 57 72 35 85 41
10 61 35 47 22 82 85 65 20 55 16
10 54 57 20 72 47 61 15 50 85 91
10 2 72 39 57 85 65 61 55 35 91
10 92 54 4 2 39 50 85 22 47 98
10 61 92 38 15 22 20 57 72 55 19
10 55 38 20 61 82 22 4 85 65 67
10 85 38 4 37 55 82 2 35 50 45
10 20 22 65 57 38 50 72 92 4 87
10 55 38 57 22 72 20 65 4 85 62
10 85 37 2 22 38 15 55 82 57 81
10 47 2 57 72 65 85 92 37 39 1
10 20 92 82 47 57 54 61 39 85 83
10 22 55 47 38 20 50 57 39 4 27
10 57 22 37 20 65 55 61 54 72 76
10 50 65 2 39 47 15 4 38 37 13
10 54 47 15 50 39 38 65 2 35 89
10 85 20 4 57 47 72 65 38 54 45
10 35 85 22 57 4 47 82 65 72 84
10 61 2 85 82 92 39 20 22 54 65
10 85 37 72 39 15 35 20 54 92 1
10 37 20 2 50 15 35 92 54 82 88
10 85 20 35 22 2 15 38 39 47 26
10 15 2 72 55 92 4 65 20 47 26
10 82 2 4 37 72 54 55 92 85 62
10 37 72 50 85 82 22 39 4 35 51
10 82 54 61 47 39 4 20 37 22 49
10 85 15 37 72 22 50 61 47 35 74
10 54 15 2 72 92 20 38 82 61 32
10 61 22 92 2 38 65 39 15 55 52
10 35 38 61 4 22 47 65 85 72 42
10 4 39 35 72 20 47 65 54 57 85
10 92 61 39 37 55 72 54 22 65 94
10 54 15 61 2 20 85 39 82 37 73
10 15 92 57 85 61 38 22 39 4 3
10 85 50 39 57 37 82 38 92 22 35
10 61 35 54 37 2 82 92 22 47 55
10 2 54 38 20 55 4 57 37 15 94
10 38 39 85 65 61 20 22 2 50 58
10 2 35 50 15 54 20 57 38 65 79
10 57 35 15 47 55 65 22 39 2 93
10 15 85 55 54 35 22 61 82 57 92
10 4 2 85 15 57 65 54 20 92 98
10 61 72 54 65 50 37 92 2 4 12
10 37 82 15 4 85 54 2 65 92 94
10 38 54 35 20 82 65 72 4 57 96
10 22 82 92 37 55 50 72 4 57 64
10 39 47 85 55 72 92 35 38 4 46
10 57 35 22 15 82 38 50 61 37 87
10 85 72 20 57 47 35 4 82 54 46
10 39 54 20 61 92 2 57 50 15 30
10 39 50 37 35 38 20 85 4 22 66
10 39 57 20 2 82 92 38 4 55 72
10 20 65 2 50 82 15 57 38 47 46
10 38 35 50 61 54 55 2 15 47 27
10 85 92 15 38 22 72 20 65 35 33
10 85 61 15 72 57 39 37 38 54 2
10 85 35 72 82 37 65 50 47 92 14
10 47 20 82 2 4 54 85 15 72 95
10 82 2 92 38 22 50 61 35 65 30
10 65 37 61 4 22 54 2 38 15 20
10 35 72 85 92 15 57 39 2 37 42
10 22 92 15 54 39 2 4 57 61 11
10 55 82 15 85 54 57 61 92 65 87
10 2 57 38 20 65 61 47 55 54 42
10 85 92 54 22 57 55 38 82 61 15
10 35 92 50 47 57 20 38 54 37 61
10 57 4 2 65 54 15 72 61 50 79
10 82 85 57 50 20 55 92 4 15 80
10 38 20 61 65 57 37 85 22 35 84
10 65 47 2 85 37 54 57 20 4 30
10 82 47 22 85 92 39 2 4 65 88
10 82 61 92 39 35 22 65 85 37 30
10 15 50 57 20 61 54 22 47 35 4
10 15 37 22 50 57 55 39 38 35 56
10 82 35 54 2 37 39 47 22 4 98
10 15 20 39 85 47 37 57 4 82 30
10 50 39 35 54 22 61 37 20 57 83
10 72 38 65 35 20 50 57 4 92 58
10 20 85 92 54 55 15 61 57 4 91
10 72 37 65 15 39 38 85 61 2 58
10 65 54 22 50 82 2 15 61 35 62
10 72 57 35 15 50 54 82 47 85 77
10 85 22 55 57 20 37 35 38 72 50
10 22 20 55 54 61 82 39 72 2 16
10 35 92 54 55 85 20 50 22 57 73
10 15 2 35 72 85 92 61 39 54 82
10 61 39 20 85 35 37 4 57 54 22
10 20 22 50 92 54 15 82 55 57 44
10 65 92 82 20 50 57 55 15 61 40
10 37 22 50 15 4 20 57 92 47 24
10 82 54 55 72 37 35 50 2 65 100
10 55 38 20 2 82 47 15 50 72 35
10 54 47 39 35 82 37 55 85 22 72
10 4 20 61 37 72 47 57 85 39 17
10 55 47 54 22 85 92 35 82 39 61
10 55 72 82 85 35 37 61 57 47 33
10 35 50 39 37 61 47 38 57 2 17
10 47 92 50 20 55 65 22 2 38 56
10 72 35 82 4 47 2 38 39 85 63
10 15 47 37 65 39 50 38 82 54 61
10 15 65 20 39 61 2 85 47 38 94
10 61 2 57 15 4 39 37 82 72 47
10 20 22 47 55 65 37 72 57 38 39
10 20 47 55 15 35 72 37 2 39 64
10 22 82 85 39 4 15 38 55 35 32
10 72 38 37 82 20 50 92 54 2 84
10 35 37 92 15 38 61 47 39 85 26
10 85 47 2 22 72 39 61 50 65 24
10 20 38 2 92 61 39 50 54 72 21
10 22 15 2 4 82 61 20 50 37 3
10 39 50 2 54 20 55 4 38 15 79
10 92 2 82 61 38 57 55 37 47 1
10 82 61 50 38 57 39 85 54 65 12
10 92 2 22 47 37 54 55 20 82 83
10 35 47 61 92 57 72 55 37 20 46
10 2 57 61 50 82 39 47 92 35 84
10 22 92 57 65 35 15 72 82 39 3
10 15 39 57 72 55 92 2 82 4 27
10 39 61 37 47 35 65 54 20 82 75
10 39 55 35 82 92 50 85 72 2 15
10 82 20 92 85 15 61 55 37 38 99
10 47 50 92 55 15 22 39 72 4 43
10 72 85 38 54 50 39 22 47 4 53
10 4 50 47 15 55 39 22 65 57 73
10 61 37 47 54 20 39 38 2 57 43
10 92 15 65 54 22 57 38 47 50 72
10 4 22 92 38 82 57 50 85 35 19
10 72 61 37 57 15 38 20 22 85 79
10 82 54 92 61 85 20 15 50 72 64
10 4 37 20 72 82 85 2 54 57 7
10 50 82 55 57 38 37 2 54 4 17
10 50 57 92 47 4 20 35 85 61 84
10 72 22 65 92 39 82 47 61 55 89
10 55 35 85 50 38 54 61 47 72 25
10 37 61 85 22 72 15 2 54 20 35
10 54 57 61 22 15 35 65 39 72 38
10 55 38 72 61 37 2 85 15 35 33
10 2 85 54 20 61 65 38 4 82 35
10 4 50 65 22 35 55 20 82 85 99
10 35 92 4 47 20 15 38 55 65 6
10 50 65 55 72 92 38 4 39 15 5
10 50 54 4 61 20 82 72 47 65 8
10 65 37 22 50 39 4 38 82 85 24
10 37 57 35 55 61 15 47 20 22 99
10 55 72 57 92 61 50 65 4 22 78
10 50 61 37 38 4 72 15 65 39 6
10 50 82 35 47 55 37 20 61 15 75
10 82 47 20 2 55 61 50 85 39 78
10 65 4 50 85 20 35 82 15 2 14
10 22 4 85 92 54 50 47 65 37 57
10 6 15 30 13 46 84 2 91 22 60
10 91 30 22 37 15 84 54 81 69 96
10 12 46 13 2 60 87 84 81 54 14
10 15 22 46 88 92 87 84 6 60 91
10 54 81 87 65 6 51 37 69 30 49
10 2 37 46 15 13 69 12 84 91 90
10 84 13 87 88 69 46 2 12 60 43
10 88 15 69 12 91 65 92 22 37 73
10 30 92 51 87 54 84 69 12 46 5
10 13 6 69 2 91 46 84 30 88 32
10 88 6 15 54 51 65 69 22 46 43
10 88 51 13 60 2 37 69 81 65 54
10 46 12 84 15 2 22 81 69 54 86
10 15 6 69 60 12 13 87 92 54 14
10 87 51 12 65 15 13 6 37 88 56
10 6 84 60 22 37 92 88 54 46 11
10 81 65 92 2 60 30 37 12 15 5
10 88 51 54 22 92 15 91 84 37 41
10 13 12 22 15 65 46 69 92 88 62
10 2 12 22 15 51 37 13 65 60 89
10 84 15 12 46 51 22 65 88 81 54
10 81 22 65 87 12 30 54 15 51 42
10 69 2 13 54 91 46 92 6 65 43
10 22 46 15 6 65 84 54 91 13 61
10 15 65 87 54 13 84 2 81 51 29
10 13 22 87 15 92 91 54 2 30 89
10 37 51 81 54 65 22 87 6 69 14
10 69 84 65 46 12 30 2 15 22 37
10 65 92 15 30 46 88 91 22 54 33
10 46 81 84 54 2 91 88 51 15 97
10 2 65 92 60 91 88 87 69 13 49
10 84 15 46 54 91 30 2 81 37 7
10 92 12 30 88 2 46 87 84 22 65
10 51 46 13 15 65 69 81 6 37 16
10 30 37 51 65 84 46 2 91 69 20
10 30 91 22 37 69 92 81 88 51 84
10 69 92 54 2 60 84 87 37 46 6
10 88 54 87 81 13 22 6 12 2 96
10 88 2 92 22 54 30 15 6 46 98
10 92 81 87 60 12 91 88 54 37 22
10 69 84 88 2 91 15 22 6 81 14
10 91 51 87 88 84 6 92 81 2 16
10 30 51 81 22 12 54 46 84 15 59
10 46 12 60 65 2 30 54 88 69 6
10 69 65 87 15 81 46 60 54 12 28
10 51 81 84 69 12 30 88 91 6 43
10 91 88 2 51 65 37 81 92 30 47
10 15 91 54 84 69 37 2 30 60 50
10 60 69 65 22 51 54 92 81 12 32
10 91 81 13 51 30 37 15 65 6 85
10 13 84 54 12 60 88 51 37 92 77
10 12 6 13 88 92 69 91 46 87 98
10 87 22 84 54 13 69 37 81 92 21
10 30 54 15 81 60 2 46 6 12 33
10 60 69 12 54 37 2 87 92 46 89
10 37 12 81 69 13 60 51 65 30 89
10 69 88 46 84 2 12 37 65 13 43
10 13 91 51 12 65 37 60 92 6 42
10 37 60 13 87 6 2 51 12 15 59
10 81 37 92 22 60 88 84 46 15 54
10 81 65 84 2 6 60 12 88 51 35
10 12 54 84 51 6 30 22 15 13 34
10 84 91 12 65 37 15 22 13 46 100
10 22 88 15 6 13 91 65 60 81 53
10 54 88 65 81 12 2 69 13 91 22
10 84 81 69 87 51 88 30 6 54 62
10 30 54 46 12 88 6 87 51 22 40
10 12 30 22 46 2 88 92 87 13 48
10 37 92 51 65 69 30 15 88 46 29
10 12 87 91 54 51 37 69 84 60 28
10 91 46 87 12 60 37 51 65 6 75
10 84 15 54 13 69 12 91 22 81 40
10 60 81 51 13 54 92 6 84 37 79
10 54 92 46 12 69 6 22 87 30 84
10 87 15 84 88 92 69 46 13 6 29
10 12 37 92 81 91 69 2 88 15 89
10 54 91 88 65 22 60 84 81 6 98
10 54 13 37 69 6 65 87 2 51 75
10 69 84 13 46 51 37 81 60 88 16
10 65 88 37 46 60 87 81 15 30 71
10 87 69 15 2 12 6 13 91 65 64
10 22 65 81 13 60 46 15 51 88 62
10 46 84 22 6 54 37 87 91 51 52
10 6 54 92 81 37 60 30 22 65 18
10 30 37 65 13 84 92 46 22 88 85
10 69 30 65 60 88 2 92 54 46 34
10 81 51 13 22 2 12 87 30 60 83
10 30 65 6 88 84 54 92 2 13 29
10 13 15 46 51 81 87 22 30 37 28
10 88 54 87 51 65 13 37 6 15 96
10 2 60 84 69 92 30 81 91 6 31
10 69 12 22 91 84 15 6 92 13 87
10 37 88 12 54 15 30 69 13 46 93
10 60 6 84 22 37 87 65 91 15 85
10 60 51 46 30 37 88 81 12 91 82
10 91 22 46 60 51 81 2 37 69 15
10 92 6 51 15 91 13 22 37 87 52
10 13 51 22 65 60 92 30 54 69 26
10 87 6 60 2 30 65 37 13 88 25
10 22 81 92 87 12 51 15 84 65 82
10 91 51 2 6 15 46 12 54 13 53
10 51 30 54 91 46 84 15 12 69 17
10 60 92 81 69 12 37 13 88 87 94
10 37 51 6 60 54 81 91 92 30 10
10 13 92 69 30 88 51 81 87 2 5
10 88 46 91 30 81 13 60 37 54 98
10 92 91 46 69 81 30 13 37 65 2
10 60 81 84 46 2 88 13 92 65 25
10 81 12 87 51 22 30 2 84 37 9
10 88 54 2 51 6 91 37 87 30 89
10 46 87 37 51 60 15 54 69 22 98
10 60 51 65 13 69 84 15 46 37 54
10 65 46 87 69 91 30 2 15 81 53
10 69 12 6 88 15 54 2 13 65 56
10 22 84 30 60 87 13 69 54 37 70
10 12 65 87 92 13 81 69 30 60 99
10 12 81 87 30 51 65 37 92 22 77
10 65 91 22 46 51 6 84 37 30 36
10 81 6 46 12 92 13 15 69 2 74
10 6 69 12 60 37 22 15 88 2 83
10 37 88 87 12 46 15 91 69 54 24
10 81 88 37 12 60 54 15 51 65 61
10 91 12 54 13 69 65 22 46 15 17
10 91 51 92 2 60 87 46 30 6 29
10 88 37 22 2 12 13 91 6 46 35
10 30 84 60 15 2 22 12 6 65 47
10 91 92 37 84 81 51 88 65 69 24
10 46 2 22 15 13 51 84 65 92 58
10 37 15 12 22 51 92 2 60 6 48
10 46 84 69 12 13 87 54 81 91 28
10 22 87 37 92 6 30 60 84 15 94
10 2 46 65 81 87 92 84 37 54 32
10 69 84 81 13 88 15 51 6 22 49
10 81 6 51 12 15 46 91 30 69 67
10 84 12 65 60 37 13 30 69 92 4
10 65 37 84 81 6 54 87 12 30 68
10 12 81 88 65 92 84 22 37 91 58
10 37 6 60 22 46 2 15 69 92 23
10 37 22 46 91 87 69 81 12 2 90
10 51 46 22 15 12 91 92 54 81 45
10 84 88 69 30 12 54 92 46 91 49
10 51 46 91 54 37 2 13 69 15 3
10 46 51 81 22 88 87 6 2 12 58
10 65 12 2 92 51 22 6 13 37 74
10 12 30 15 65 60 88 13 69 46 33
10 87 13 84 88 30 51 15 69 22 37
10 65 51 15 6 92 88 84 81 46 19
10 91 84 65 60 22 54 12 92 87 89
10 87 13 2 15 91 22 54 88 30 59
10 12 22 30 2 87 37 91 81 69 62
10 12 65 30 13 46 2 84 51 69 82
10 84 60 51 30 37 87 92 81 12 26
10 12 92 46 54 60 88 69 37 2 55
10 12 81 69 60 54 15 51 65 22 26
10 6 15 88 92 13 46 65 81 30 38
10 87 12 37 46 2 22 15 65 30 6
10 84 54 87 91 30 22 12 46 51 92
10 37 13 87 84 30 69 2 88 46 1
10 46 91 65 2 12 54 81 60 87 1
10 65 54 81 12 92 22 51 87 88 29
10 2 84 91 87 46 88 69 81 37 52
10 60 37 2 51 54 81 69 12 92 78
10 51 69 12 37 84 13 60 15 91 29
10 84 65 91 81 15 87 22 2 60 71
10 54 13 69 92 22 84 15 12 91 87
10 13 37 88 84 30 15 46 87 2 98
10 37 54 30 6 15 46 65 13 12 11
10 46 81 13 54 12 87 2 51 88 26
10 6 69 46 30 37 92 65 91 13 70
10 88 84 2 6 30 46 69 15 87 38
10 12 2 46 88 69 81 6 30 84 4
10 6 92 12 84 51 91 69 2 22 30
10 91 37 6 92 81 84 2 12 30 75
10 84 2 60 81 12 92 15 6 87 93
10 65 2 13 91 87 88 84 6 46 10
10 87 88 13 54 92 37 81 51 84 15
10 37 12 69 65 15 2 46 22 30 51
10 84 91 54 51 69 87 12 92 88 73
10 69 60 51 91 37 6 92 22 13 56
10 2 65 13 51 81 22 91 46 87 89
10 84 37 69 30 46 81 51 2 15 53
10 30 46 65 12 88 54 81 69 60 74
10 37 65 91 46 88 12 30 84 15 13
10 15 13 6 88 12 92 91 69 30 87
10 30 92 13 69 51 46 6 60 91 55
10 15 65 51 46 91 87 12 92 54 48
10 60 6 84 22 15 12 51 88 37 56
10 13 88 46 65 60 81 2 15 51 27
10 87 60 37 30 81 88 15 6 46 73
10 81 22 92 60 46 13 69 84 30 2
10 13 81 84 65 37 87 12 15 92 2
10 37 46 88 84 81 51 2 91 13 31
10 91 65 51 81 92 46 88 54 69 83
10 91 13 81 69 2 15 22 37 65 38
10 37 92 30 69 51 13 6 12 60 59
10 88 37 65 30 46 81 54 13 84 79
10 92 88 84 81 13 69 65 2 54 71
10 88 12 46 37 92 6 60 30 84 32
10 54 37 69 51 12 13 60 2 15 74
10 2 51 12 30 81 65 6 87 46 84
10 87 13 69 12 6 60 46 51 54 49
10 84 51 2 69 37 91 54 46 81 98
10 12 30 15 65 13 81 37 2 92 42
10 30 54 92 51 87 81 13 22 12 91
10 22 65 2 13 60 92 6 46 51 33
10 91 13 6 84 2 15 92 88 37 48
10 91 51 92 12 2 46 81 6 88 23
10 22 51 15 12 87 2 81 46 91 1
10 60 81 13 37 88 30 69 12 2 23
10 37 30 88 54 12 6 13 15 51 82
10 12 46 69 91 22 2 6 65 51 99
10 81 51 13 69 92 37 46 15 87 24
10 60 92 15 91 88 69 46 51 65 86
10 65 87 54 88 92 69 12 46 22 99
10 69 12 46 87 81 22 60 2 6 66
10 65 84 69 46 92 12 15 91 30 80
10 81 15 12 87 2 46 84 88 65 54
10 46 81 22 37 6 92 15 91 13 2
10 54 15 69 92 12 91 46 22 51 71
10 46 92 65 12 60 69 81 87 88 44
10 54 51 88 60 15 13 92 37 6 59
10 15 81 12 51 46 87 91 60 65 19
10 69 88 37 13 65 54 46 91 22 24
10 2 46 12 60 37 51 54 84 87 18
10 87 88 30 15 22 60 69 81 54 52
10 6 12 37 22 65 81 54 84 91 78
10 87 88 22 69 2 12 91 84 37 62
10 6 84 54 87 13 91 37 92 30 71
10 30 12 91 15 92 54 2 51 84 67
10 60 69 12 46 88 92 13 2 65 22
10 46 69 81 15 91 88 65 51 22 93
10 81 54 51 92 12 91 22 69 88 28
10 12 15 13 87 30 54 69 84 88 27
10 88 30 87 81 13 37 60 69 46 44
10 69 2 6 37 51 84 54 91 81 42
10 84 87 69 46 92 2 30 22 37 53
10 54 30 12 87 81 13 84 88 69 72
10 54 37 81 12 13 91 22 51 46 39
10 81 2 87 6 51 30 88 84 22 70
10 87 81 69 88 2 65 54 60 84 75
10 65 15 13 84 88 30 2 87 37 74
10 88 12 65 69 2 91 87 51 15 53
10 60 88 92 65 12 81 15 84 37 52
10 2 30 12 46 15 22 13 60 65 16
10 30 15 84 46 13 54 12 69 37 59
10 51 88 69 87 92 6 12 37 15 24
10 15 2 51 92 91 87 22 12 46 19
10 6 81 54 65 84 13 69 22 91 93
10 92 12 15 69 88 46 91 84 37 57
10 54 69 84 12 13 88 81 92 15 7
10 91 60 88 51 12 92 54 30 65 46
10 88 54 6 91 12 22 81 60 2 68
10 65 88 46 54 12 6 92 15 81 84
10 81 15 84 65 88 30 54 91 60 77
10 51 6 12 91 30 15 37 87 65 48
10 65 46 60 84 51 2 54 87 30 94
10 37 12 60 22 51 87 2 69 81 77
10 92 46 87 81 6 60 12 65 37 97
10 51 91 87 69 60 46 84 6 2 77
10 84 65 54 69 88 60 2 22 13 73
10 51 12 37 6 84 13 30 46 54 9
10 6 15 88 30 84 87 92 22 54 53
10 88 46 65 81 22 6 13 30 69 63
10 6 65 81 91 22 88 12 46 51 11
10 13 84 87 22 6 81 2 92 46 97
10 87 92 84 46 2 54 88 60 12 52
10 54 22 88 81 30 12 2 13 84 41
10 22 37 12 65 15 51 91 6 46 2
10 6 15 51 30 2 81 12 84 65 47
10 65 37 81 2 12 46 54 88 30 99
10 2 88 65 60 54 69 91 84 46 96
10 69 87 12 2 51 54 81 6 37 41
10 12 69 60 15 54 88 6 65 92 68
10 65 12 6 2 69 84 22 37 92 25
10 6 30 54 84 87 15 37 46 92 2
10 46 87 84 54 30 51 15 12 37 91
10 6 87 13 92 65 51 84 37 60 89
10 65 91 6 92 37 13 2 12 69 74
10 37 22 51 81 69 60 92 2 15 73
10 22 88 60 81 54 84 91 87 12 16
10 91 37 6 13 54 92 69 15 22 65
10 6 60 91 65 81 87 92 12 46 95
10 92 65 51 87 2 91 46 37 84 63
10 6 15 22 84 91 30 87 69 92 71
10 84 60 88 92 15 2 65 51 30 77
10 54 91 81 69 51 92 22 13 30 66
10 12 60 13 84 54 15 87 46 30 10
10 69 13 2 84 46 12 54 30 6 60
10 87 69 91 65 88 54 22 92 12 50
10 92 60 81 65 15 37 30 6 13 61
10 69 22 15 37 51 81 92 2 91 63
10 69 60 84 92 37 15 88 65 81 23
10 60 13 2 30 54 65 69 81 84 92
10 87 37 88 81 46 65 91 69 92 55
10 12 69 60 88 54 37 92 13 81 51
10 92 54 12 6 88 22 15 37 81 56
10 60 88 51 65 54 15 2 6 81 17
10 84 91 65 54 37 88 46 22 15 52
10 12 37 2 13 54 65 88 84 69 29
10 87 54 15 6 60 30 37 84 69 27
10 6 65 13 60 81 22 37 30 92 80
10 65 87 91 60 81 69 12 51 46 6
10 88 65 37 51 60 92 87 12 54 58
10 84 46 65 60 92 81 2 54 88 59
10 92 22 13 15 54 46 12 6 87 31
10 13 2 37 88 15 87 30 69 6 89
10 6 84 87 30 22 69 65 12 60 76
10 51 2 46 12 22 92 30 54 87 31
10 65 87 84 69 13 92 12 37 6 18
10 13 15 37 91 51 54 30 65 12 35
10 92 46 51 37 2 88 13 22 60 10
10 30 69 22 88 54 13 87 15 37 44
10 37 51 54 91 2 30 92 6 22 9
10 22 2 13 87 37 88 46 60 92 5
10 87 30 65 12 92 37 69 13 81 50
10 51 13 69 60 54 91 65 15 84 83
10 6 87 84 46 13 65 15 92 12 45
10 69 84 37 92 87 60 15 6 22 36
10 69 81 51 12 6 37 88 84 2 40
10 37 12 30 65 22 51 69 92 88 55
10 69 81 6 46 30 87 91 54 65 78
10 37 54 22 88 84 46 15 12 30 75
10 37 91 69 92 84 22 13 88 12 41
10 37 60 91 2 54 88 46 65 30 94
10 30 88 84 91 65 37 22 92 46 14
10 60 81 88 54 87 15 30 69 6 11
10 37 92 51 65 69 12 46 88 87 6
10 22 51 87 65 12 60 37 81 91 50
10 15 37 88 30 87 22 12 81 2 86
10 2 30 51 46 84 92 88 65 81 4
10 81 13 60 22 87 51 37 12 92 99
10 81 22 12 54 13 60 46 2 91 50
10 46 22 13 91 2 84 12 15 65 88
10 65 84 30 81 6 13 22 54 92 40
10 51 12 2 13 6 88 46 60 65 63
10 37 12 2 54 92 81 6 60 15 76
10 51 87 88 2 6 65 81 30 60 46
10 22 60 37 92 81 15 13 46 65 33
10 13 69 88 51 37 54 46 84 81 86
10 84 12 87 51 88 60 92 30 91 99
10 60 22 88 92 46 54 91 2 65 81
10 60 37 13 46 69 65 91 6 12 78
10 6 46 54 15 30 60 81 2 84 65
10 6 30 37 13 65 54 2 51 69 46
10 15 22 84 87 91 2 46 60 65 52
10 46 54 69 87 60 81 91 51 30 19
10 46 60 87 13 15 6 84 88 91 81
10 12 91 30 87 51 81 92 54 60 37
10 46 15 91 13 92 87 84 54 69 58
10 91 2 92 13 69 81 22 60 30 5
10 22 87 60 88 91 37 69 30 46 11
10 15 37 46 65 60 69 22 12 88 31
10 37 65 2 69 15 60 30 6 81 93
10 81 13 22 37 46 30 69 60 54 90
10 12 22 13 51 91 54 87 15 92 47
10 60 92 88 2 37 65 12 87 54 45
10 30 37 13 91 69 88 22 84 60 59
10 37 65 84 13 88 30 60 15 54 21
10 69 37 12 84 91 60 87 51 92 58
10 60 91 15 37 2 87 30 88 81 84
10 46 60 51 54 65 37 30 91 92 5
10 15 30 60 87 2 6 92 54 69 48
10 92 87 84 37 88 69 54 65 6 4
10 22 91 69 30 51 65 87 81 13 2
10 13 69 46 12 87 88 15 51 81 67
10 84 81 46 37 13 2 92 15 30 29
10 6 12 60 2 81 65 30 46 87 10
10 22 88 91 30 51 12 6 69 81 65
10 91 54 22 65 84 12 51 6 2 16
10 69 87 81 37 54 92 6 91 60 52
10 54 84 13 60 2 12 15 46 22 48
10 46 51 69 6 92 84 91 37 2 1
10 30 15 13 12 91 46 69 37 92 55
10 30 87 88 65 6 46 92 37 69 98
10 37 12 54 81 30 92 60 51 6 24
10 13 37 87 60 2 6 91 15 12 66
10 12 84 2 81 92 54 13 87 46 45
10 12 37 30 22 65 13 69 87 60 76
10 51 12 6 91 30 54 37 46 84 21
10 22 12 84 2 6 46 81 91 54 31
10 15 13 46 30 51 69 92 6 54 43
10 92 88 2 13 91 15 12 69 84 46
10 22 37 30 12 84 15 87 91 54 29
10 65 22 30 69 81 46 92 54 91 79
10 60 92 22 6 12 54 13 69 46 66
10 81 54 22 87 30 91 69 15 84 63
10 92 15 84 37 30 6 87 12 65 71
10 51 37 54 65 12 87 30 60 6 55
10 2 46 91 69 22 81 51 13 87 96
10 54 60 30 22 69 51 92 13 12 36
10 91 12 51 13 65 54 46 92 88 74
10 13 91 92 30 65 87 46 12 6 9
10 12 84 69 6 81 65 54 2 51 31
10 22 51 2 81 91 84 69 92 13 4
10 87 37 15 51 92 12 2 91 81 19
10 54 6 51 60 88 2 91 65 92 94
10 92 81 84 22 12 88 2 87 69 44
10 46 69 12 6 30 37 2 87 60 61
10 22 54 46 87 91 37 15 13 88 34
10 69 30 51 6 46 88 13 2 12 25
10 88 92 46 87 15 22 54 81 60 79
10 6 60 51 92 88 22 30 12 65 87
10 87 81 13 65 91 30 15 46 60 50
10 81 54 30 92 84 87 65 2 91 6
10 37 81 65 87 2 51 69 54 84 97
10 22 91 51 87 88 30 81 92 6 37
10 51 69 13 88 87 2 81 6 60 79
10 6 87 22 81 60 15 65 12 2 88
10 81 46 13 37 22 65 2 51 69 71
10 65 30 88 12 46 13 2 6 91 57
10 65 46 92 88 37 12 84 6 69 80
10 84 60 51 91 22 69 81 54 6 56
10 12 81 51 6 15 46 88 13 22 77
10 81 60 15 30 91 6 69 22 87 93
10 12 54 60 2 81 15 88 65 92 57
10 15 87 60 13 81 88 6 37 54 67
10 37 46 13 91 2 22 30 60 6 10
10 15 2 60 13 30 37 87 91 65 4
10 60 46 65 84 12 37 92 81 30 29
10 54 88 15 37 12 69 2 91 30 1
10 6 12 91 92 84 37 87 51 65 1
10 54 2 15 60 46 92 91 84 22 86
10 15 2 46 91 84 30 37 60 12 45
10 84 69 30 6 87 51 12 13 91 24
10 15 92 60 2 51 30 22 69 46 81
10 30 88 13 6 22 2 15 81 92 83
10 51 60 30 13 87 46 91 81 69 59
10 12 2 84 69 81 87 91 65 60 20
10 60 46 51 54 6 15 13 37 22 97
10 37 13 46 2 65 87 54 30 84 23
10 15 91 60 81 6 65 13 88 2 34
10 92 15 6 2 87 37 22 81 69 11
10 87 22 30 13 91 51 15 2 88 40
10 84 91 15 12 22 6 60 30 2 99
10 54 37 15 84 88 91 13 60 92 36
10 2 15 60 22 65 6 87 13 91 74
10 30 54 46 51 91 13 92 37 84 19
10 92 2 37 60 51 65 46 12 15 22
10 13 12 92 6 54 15 46 87 65 44
10 12 88 69 65 84 81 91 22 87 56
10 84 22 60 6 51 30 54 15 81 14
10 6 69 81 46 30 2 92 13 65 26
10 6 37 22 87 15 81 65 51 13 36
10 6 12 92 15 46 84 2 54 22 36
10 30 65 88 60 51 87 22 12 2 19
10 2 88 51 87 30 6 22 46 65 60
10 22 51 81 13 92 84 46 37 12 31
10 6 54 81 15 92 30 46 22 13 78
10 91 13 2 30 65 54 84 6 12 82
10 87 51 2 91 81 88 12 37 13 8
10 60 54 92 22 2 87 51 12 37 88
10 46 6 69 92 81 91 13 37 2 42
10 37 88 22 91 84 81 65 2 30 40
10 46 51 30 60 22 54 6 12 13 85
10 46 37 51 54 15 30 87 65 13 80
10 69 22 91 13 84 46 65 12 37 82
10 81 51 60 37 22 15 87 13 88 58
10 92 37 84 54 2 12 65 51 15 63
10 60 69 51 6 54 30 87 37 81 49
10 54 88 30 92 81 91 87 37 69 79
10 13 12 54 88 84 6 65 30 2 46
10 87 81 6 60 13 15 46 51 30 8
10 22 51 13 65 37 2 6 30 81 7
10 87 12 2 88 69 15 51 22 46 44
10 2 92 69 91 60 15 88 13 22 3
10 81 6 60 12 69 51 65 88 92 70
10 6 88 46 12 87 91 81 13 15 23
10 87 81 13 54 22 2 92 88 30 63
10 13 12 15 6 60 87 69 51 88 14
10 46 13 87 65 15 88 37 22 69 38
10 13 87 69 2 37 84 91 51 15 34
10 2 13 6 15 84 91 69 12 87 19
10 69 81 60 13 37 88 51 92 22 80
10 81 46 54 51 13 69 37 6 65 62
10 15 30 84 51 92 60 88 13 87 59
10 46 30 65 37 13 12 92 6 60 74
10 60 6 92 69 46 51 84 12 91 97
10 60 22 84 30 54 15 88 46 12 57
10 2 92 84 12 91 60 13 51 6 37
10 60 54 51 6 12 87 92 22 30 79
10 87 12 92 69 65 88 13 6 51 5
10 6 60 88 87 81 13 22 51 92 57
10 6 69 54 51 13 81 65 87 60 19
10 69 54 15 13 65 92 51 60 88 17
10 46 84 37 87 30 81 51 92 22 45
10 81 65 88 30 22 2 15 6 54 44
10 92 81 30 84 13 60 22 65 6 66
10 92 88 65 15 12 22 91 81 60 19
10 87 88 81 60 6 92 46 65 69 40
10 12 51 37 2 69 60 54 22 30 23
10 87 88 15 84 22 37 81 13 69 98
10 22 84 51 69 81 13 87 92 6 11
10 12 6 13 69 65 91 15 30 92 42
10 65 30 69 92 60 88 13 22 51 78
10 81 69 13 65 92 46 22 15 60 5
10 2 51 65 60 13 92 69 15 91 81
10 87 13 65 12 81 2 84 15 37 27
10 30 13 54 60 2 15 92 37 84 29
10 37 13 46 87 81 91 22 54 30 65
10 91 13 22 81 65 87 69 30 84 17
