50 10 2
4 1 9 10 7
4 1 3 8 6
4 1 5 2 8
4 1 7 6 2
4 1 5 4 10
4 1 7 4 9
4 1 3 6 2
4 1 8 9 4
4 1 2 10 8
4 1 7 2 9
4 1 9 2 10
4 1 4 8 2
4 1 4 2 7
4 1 8 10 2
4 1 5 7 2
4 1 6 2 7
4 1 5 3 7
4 1 10 5 3
4 1 6 5 9
4 1 4 8 3
4 1 9 5 4
4 1 5 9 3
4 1 6 8 5
4 1 2 7 8
4 1 5 2 6
4 1 5 3 8
4 1 7 9 6
4 1 6 4 7
4 1 7 8 2
4 1 5 6 9
4 2 10 5 7
4 9 10 7 5
4 8 9 2 4
4 8 2 4 7
4 3 4 8 5
4 7 5 6 8
4 9 5 10 4
4 6 5 2 7
4 6 9 10 4
4 10 9 4 6
4 4 8 6 2
4 8 7 2 9
4 4 3 9 7
4 3 4 10 6
4 6 8 2 9
4 10 7 8 2
4 6 5 3 8
4 5 4 3 7
4 4 2 10 7
4 5 6 7 8
