1000 100 20
20 84 85 40 19 72 17 8 7 26 78 77 90 18 49 38 20 83 15 65 37
20 40 90 8 65 35 15 38 49 7 26 17 83 84 18 78 19 85 20 72 94
20 83 84 18 35 65 26 40 19 49 78 7 20 38 77 15 85 17 72 90 71
20 18 65 15 7 17 72 35 83 8 77 84 49 40 19 90 26 78 85 38 81
20 20 7 77 15 65 49 35 84 38 90 78 40 8 26 83 19 17 72 18 75
20 77 17 65 19 35 85 8 90 72 49 84 78 26 18 15 40 7 38 20 79
20 19 65 17 49 83 78 85 7 35 40 8 26 77 18 90 15 20 72 84 14
20 38 65 18 83 17 8 26 90 72 20 19 40 78 49 35 15 7 85 84 54
20 65 77 49 19 15 18 7 26 72 83 90 84 85 17 78 8 35 38 20 44
20 65 35 15 78 49 26 18 7 90 20 19 17 84 83 40 8 85 72 77 22
20 90 40 8 49 65 83 35 7 78 17 72 20 84 15 77 85 19 26 18 88
20 83 85 7 35 90 72 77 38 26 40 19 8 65 78 49 84 18 20 15 42
20 17 18 90 49 38 72 19 77 65 84 15 26 8 85 78 7 40 35 20 95
20 65 7 84 18 8 72 78 26 17 20 77 85 15 35 90 19 49 83 38 62
20 40 49 15 83 77 26 19 17 7 90 84 65 35 18 8 38 20 72 85 93
20 18 17 19 8 7 84 38 90 20 77 83 85 26 65 72 15 35 40 49 22
20 77 83 49 38 8 18 15 84 17 26 7 40 90 85 65 20 19 35 78 92
20 35 49 40 65 84 20 78 90 26 8 7 19 83 15 38 72 85 77 18 70
20 20 8 84 7 77 38 15 49 17 26 83 78 35 18 19 65 85 90 40 60
20 20 84 35 65 77 26 40 8 15 7 19 18 49 17 85 90 83 78 72 6
20 26 40 90 7 72 17 77 65 20 38 49 18 8 83 78 15 84 19 85 89
20 38 72 18 85 90 8 20 35 15 7 65 83 17 49 19 78 84 77 40 58
20 78 85 35 19 18 8 26 15 38 40 49 84 72 17 77 20 90 83 65 9
20 15 65 49 78 19 40 20 90 85 38 77 35 83 8 7 26 17 72 18 62
20 40 65 35 8 15 84 7 26 72 38 17 49 20 77 18 83 78 19 85 81
20 84 72 65 40 35 78 49 19 83 15 18 17 26 38 8 77 20 90 85 87
20 35 8 49 26 17 20 7 78 83 19 65 72 90 40 18 38 85 77 15 100
20 19 38 85 20 77 26 15 83 35 8 40 72 90 7 65 84 17 78 49 79
20 38 83 15 8 90 17 35 40 78 26 77 85 65 84 20 18 49 19 7 41
20 85 38 15 84 20 8 49 35 78 72 77 90 83 7 65 18 17 40 26 27
20 19 83 40 84 38 65 35 77 85 90 8 17 78 20 26 15 7 72 18 57
20 72 84 8 15 83 18 90 26 38 40 85 65 78 77 7 19 20 17 35 10
20 85 20 38 17 83 77 78 35 8 65 40 72 19 26 18 49 15 90 84 21
20 90 78 85 72 38 7 49 26 8 77 83 17 15 84 35 18 19 40 20 23
20 8 26 35 72 19 49 83 17 15 78 65 85 77 7 40 90 38 18 20 59
20 8 17 90 84 18 65 77 15 19 40 72 20 26 49 78 85 83 7 38 5
20 20 18 19 7 26 78 8 90 49 84 15 38 83 17 40 77 72 65 35 24
20 7 78 18 40 38 15 35 83 65 72 84 17 26 20 49 85 77 90 8 52
20 19 35 83 18 8 49 65 40 77 90 20 38 7 15 72 17 84 26 85 23
20 19 7 90 77 72 8 84 17 38 20 49 85 26 15 65 40 35 78 18 28
20 78 65 26 77 18 8 72 83 38 19 17 40 20 90 49 7 85 35 84 91
20 19 26 78 49 15 20 85 84 90 8 77 38 17 72 35 18 40 65 83 58
20 84 8 77 85 78 18 38 90 72 19 49 35 17 15 20 65 26 40 7 94
20 83 15 38 85 26 17 35 19 78 49 65 84 8 77 20 40 18 72 90 33
20 7 83 15 49 84 18 78 72 20 19 85 40 77 38 90 65 8 35 17 81
20 85 38 90 26 8 77 7 15 17 19 49 65 83 72 84 78 20 18 35 33
20 85 83 38 17 40 77 15 90 78 49 65 8 18 35 20 72 84 26 7 48
20 77 49 15 35 17 40 18 83 85 72 65 26 19 8 38 7 84 90 78 11
20 18 26 38 49 19 40 90 65 35 84 72 7 15 78 83 20 77 17 85 88
20 72 84 26 83 49 78 18 19 38 7 15 20 90 35 85 77 65 8 17 69
20 19 17 20 77 84 15 8 7 40 78 65 83 38 72 18 85 90 35 26 67
20 65 84 72 85 78 8 15 49 83 40 77 35 17 90 20 26 7 38 18 1
20 35 85 26 38 83 15 19 77 7 18 17 40 8 20 65 90 72 84 78 49
20 78 7 83 15 84 72 18 85 65 35 38 8 19 26 77 90 17 49 40 97
20 85 26 19 40 18 15 38 7 84 17 20 78 35 83 8 65 90 49 72 24
20 65 78 85 17 83 7 77 90 18 49 19 72 8 35 40 38 84 26 15 73
20 20 19 38 7 26 17 18 77 85 72 15 8 84 35 90 65 40 49 78 81
20 40 78 17 8 7 19 83 90 84 77 65 15 18 26 35 72 20 49 85 28
20 7 26 77 38 17 40 83 65 35 90 15 72 8 19 20 85 84 78 18 5
20 83 85 72 8 84 77 78 15 65 90 7 17 40 20 18 26 19 38 49 81
20 85 38 17 90 78 7 19 65 35 20 40 8 18 83 84 15 49 72 26 61
20 38 35 90 85 72 8 20 15 7 19 83 26 49 40 78 77 84 18 65 80
20 78 77 18 26 19 8 38 85 35 49 83 20 90 65 40 15 84 72 17 62
20 15 77 20 35 18 85 26 90 40 78 17 38 65 84 83 19 72 49 8 70
20 35 85 83 78 49 84 90 77 8 65 15 17 18 72 38 20 40 7 26 13
20 15 83 38 17 18 7 72 85 78 26 35 20 49 90 65 84 8 77 40 41
20 85 78 20 38 84 77 8 72 19 40 18 26 15 90 17 35 49 7 65 59
20 40 35 38 15 77 85 20 78 18 90 84 72 19 17 65 49 26 83 8 24
20 35 19 15 72 26 65 20 8 17 7 77 38 40 18 49 78 90 83 85 50
20 49 84 83 85 18 72 20 77 19 90 8 38 7 78 26 35 65 17 15 79
20 84 8 20 65 49 83 90 18 17 77 7 15 78 40 19 38 26 85 72 29
20 15 72 35 77 78 90 84 38 19 40 85 65 26 18 49 20 8 17 83 9
20 17 65 7 8 78 26 85 90 18 40 83 20 72 84 15 49 38 77 19 41
20 78 35 72 20 90 26 7 84 15 17 40 77 85 49 38 8 18 65 83 67
20 40 35 72 90 65 18 20 26 77 8 78 38 19 84 15 17 83 49 7 73
20 26 77 17 18 8 15 40 7 72 78 85 65 84 83 19 90 38 49 35 89
20 65 77 38 7 40 49 26 84 72 18 85 15 17 78 19 90 35 83 20 62
20 26 90 72 40 83 85 78 49 18 65 7 19 77 17 8 35 38 15 84 67
20 90 18 78 7 26 19 8 85 72 17 20 40 65 49 38 15 83 77 35 57
20 72 49 17 19 8 85 18 35 77 65 26 90 20 38 84 7 83 40 78 37
20 40 17 35 72 7 83 8 90 84 19 85 49 78 18 65 38 15 26 20 73
20 17 26 84 77 38 15 40 19 85 65 7 49 20 8 90 72 78 83 18 95
20 20 77 72 49 17 90 8 15 35 78 84 18 40 85 26 19 7 38 83 94
20 15 26 49 7 78 90 17 77 65 35 84 38 85 18 20 40 72 83 19 33
20 38 20 78 40 35 90 77 65 84 49 26 19 83 8 7 15 85 17 72 24
20 17 15 49 26 77 18 90 19 85 83 38 7 65 40 35 8 20 84 72 10
20 18 85 77 84 40 78 19 65 26 35 72 83 17 38 15 49 8 7 90 94
20 7 84 40 85 72 35 90 38 65 17 26 20 78 8 49 77 83 15 19 43
20 15 18 49 17 90 8 85 38 35 72 19 77 7 84 83 78 26 20 40 88
20 35 83 26 17 7 77 72 15 20 18 78 8 84 90 49 19 40 85 65 79
20 15 18 35 7 19 40 65 26 77 83 20 49 84 78 85 90 17 38 8 41
20 78 72 19 65 84 85 26 40 7 15 90 8 18 77 83 17 35 49 38 30
20 26 19 85 15 77 72 20 35 7 49 8 78 83 38 40 17 84 90 65 60
20 40 90 38 8 84 19 72 18 7 15 78 17 49 77 85 83 20 35 65 27
20 85 83 19 78 18 72 20 26 38 65 77 17 7 49 40 35 8 90 84 12
20 49 35 85 26 17 7 38 65 72 20 84 40 19 18 15 83 77 8 78 63
20 85 7 15 84 90 20 35 8 77 83 19 78 18 38 40 49 65 26 17 24
20 49 77 35 78 85 72 19 7 38 8 83 84 15 40 65 90 18 17 26 48
20 15 83 84 85 65 49 18 19 26 77 20 40 8 78 72 35 38 17 7 28
20 84 15 20 26 40 90 7 17 35 65 78 19 83 77 8 72 18 85 49 60
20 18 38 85 78 17 77 20 15 8 83 90 26 7 84 49 72 19 65 40 62
20 49 90 8 72 40 77 19 85 17 38 78 18 65 84 15 7 26 83 20 73
20 77 78 7 20 72 38 85 18 17 15 19 65 40 35 83 84 49 90 26 93
20 15 20 78 83 7 26 65 84 38 17 18 8 85 49 77 35 90 19 72 4
20 35 85 26 15 8 38 19 7 40 20 18 83 49 84 77 65 17 72 78 76
20 18 49 72 26 65 40 85 90 77 35 8 38 84 7 83 15 78 17 20 66
20 8 19 84 72 49 15 7 78 90 18 83 85 35 38 40 65 26 20 17 30
20 19 8 84 18 26 49 83 35 65 17 20 40 77 85 7 90 72 38 15 61
20 84 20 72 38 18 26 77 8 40 15 17 90 65 78 85 35 19 49 7 11
20 49 72 19 78 90 8 35 20 38 17 40 85 65 18 77 15 84 83 7 9
20 85 77 83 8 15 20 90 7 40 19 72 26 38 17 35 84 78 18 49 30
20 19 20 49 90 17 26 38 15 40 77 78 18 72 83 84 35 8 7 85 88
20 65 8 90 20 7 17 49 84 78 18 38 85 19 26 35 15 83 77 72 50
20 15 26 35 78 38 17 19 18 85 40 20 65 84 7 8 49 83 90 72 27
20 20 85 19 38 65 7 83 17 90 18 49 72 77 8 84 26 35 15 40 55
20 7 77 18 85 90 15 78 8 49 40 35 38 19 72 26 65 17 83 84 43
20 84 26 78 83 20 19 38 77 40 18 17 90 85 72 35 65 7 49 15 33
20 65 7 40 85 17 49 77 15 90 35 84 38 20 8 18 78 83 19 72 27
20 18 49 83 84 65 40 35 20 90 8 77 7 17 19 15 26 72 85 78 14
20 72 83 77 15 17 20 40 78 65 38 18 8 19 84 26 90 49 35 7 92
20 83 8 18 26 19 15 38 7 40 90 20 17 78 65 77 84 49 72 35 13
20 20 40 83 78 77 65 49 18 17 19 38 15 85 35 90 84 26 72 8 33
20 90 20 85 49 77 72 65 19 83 84 40 15 7 18 17 35 8 38 26 71
20 85 17 78 8 65 15 72 7 20 40 84 18 38 26 83 49 77 90 35 28
20 83 40 85 26 19 15 35 8 38 78 65 17 49 18 20 84 72 90 7 76
20 38 18 72 20 35 83 49 7 85 19 84 15 17 8 77 40 90 26 65 11
20 26 90 15 65 35 18 77 40 49 19 84 85 8 83 78 20 72 7 38 1
20 18 85 49 8 20 78 35 65 72 77 38 84 7 40 15 83 90 19 17 25
20 49 8 7 20 78 83 65 85 15 17 90 38 19 72 77 18 26 40 35 91
20 35 83 40 18 17 7 65 77 72 20 84 26 8 49 78 38 15 90 85 50
20 35 85 38 8 40 65 26 83 90 18 15 84 17 77 19 72 20 78 49 62
20 18 77 78 84 15 85 38 35 8 83 65 7 90 49 19 20 26 17 40 42
20 8 83 49 85 90 26 17 65 38 19 20 78 40 77 7 84 15 35 18 43
20 83 38 7 40 84 8 20 77 65 26 19 49 35 85 72 17 18 90 15 39
20 35 72 40 49 84 38 17 18 7 19 78 15 8 83 26 90 20 77 85 59
20 20 40 17 35 7 72 65 83 77 78 8 84 15 38 90 49 18 26 19 94
20 49 7 90 38 65 20 84 40 8 85 26 15 72 83 19 78 77 35 17 29
20 72 26 65 85 49 90 40 84 38 15 8 18 17 20 19 78 35 77 83 1
20 40 83 7 15 35 65 20 19 8 26 77 84 72 78 38 85 17 90 18 43
20 65 26 8 38 78 15 19 85 72 40 20 49 84 77 35 90 18 7 17 25
20 19 83 20 7 84 85 65 77 90 8 49 15 26 72 78 40 38 35 18 21
20 90 83 35 7 77 18 19 49 72 78 8 84 40 85 15 65 20 17 26 70
20 8 7 85 26 84 40 49 38 18 72 19 20 17 90 83 78 15 77 35 16
20 7 17 72 20 38 18 90 49 8 19 84 77 15 85 40 83 78 35 65 12
20 49 85 72 15 90 8 18 78 65 19 20 40 83 77 17 35 7 26 84 94
20 38 78 85 90 83 72 49 18 65 35 19 26 84 15 20 77 40 17 7 64
20 17 72 65 40 26 78 35 90 83 84 15 20 19 49 18 7 38 8 85 82
20 65 49 84 40 7 77 90 83 15 38 26 18 72 85 17 8 35 20 19 5
20 90 18 7 65 72 35 17 40 20 77 38 85 19 15 49 78 84 8 26 82
20 7 84 15 90 85 38 8 49 72 26 20 35 17 19 18 78 65 77 40 23
20 15 78 77 90 26 7 17 38 35 85 40 72 20 18 83 65 49 84 8 41
20 17 35 49 65 85 40 26 15 78 38 19 7 83 18 84 72 20 90 8 23
20 72 85 7 20 77 38 83 8 49 78 18 65 19 40 26 35 15 90 17 6
20 26 72 90 35 15 65 78 38 49 17 85 8 7 83 19 18 20 40 84 66
20 20 7 40 35 18 15 17 90 84 26 8 38 83 19 72 78 85 77 49 9
20 40 15 72 83 65 78 49 38 84 35 26 90 85 20 7 19 18 77 8 29
20 72 83 15 38 78 18 7 65 35 8 49 90 17 85 84 40 20 19 26 98
20 35 90 8 7 38 49 26 72 40 20 65 84 17 15 78 19 85 18 83 59
20 83 17 77 35 26 18 15 20 84 40 65 78 90 85 8 72 49 19 38 3
20 26 83 38 35 49 77 84 17 20 8 19 65 18 15 90 40 7 78 72 6
20 20 8 78 83 40 38 19 15 84 49 26 35 85 17 7 77 18 90 72 21
20 77 7 40 85 15 26 83 65 8 90 19 78 18 72 35 84 17 38 20 32
20 18 15 8 85 49 84 40 72 83 90 77 35 78 19 20 17 65 26 38 13
20 20 78 77 26 72 38 85 17 49 35 84 90 83 18 8 7 15 65 19 100
20 77 26 65 85 49 8 15 90 17 40 35 19 78 7 18 20 38 83 84 60
20 8 49 15 77 19 38 65 26 20 17 35 78 7 84 40 83 18 72 85 89
20 15 85 83 18 17 26 84 20 65 40 19 8 7 35 38 49 90 78 77 75
20 72 78 40 19 84 90 38 26 18 7 15 85 8 49 65 83 77 20 35 98
20 18 49 65 85 35 17 19 40 15 20 90 84 7 38 77 8 78 26 83 64
20 49 7 84 19 15 17 83 8 85 35 26 72 90 20 40 65 78 38 18 100
20 15 78 8 18 35 20 26 85 49 84 17 72 38 7 19 65 40 83 77 39
20 15 49 18 26 85 38 90 8 77 40 7 83 84 78 65 17 20 19 72 52
20 17 18 78 72 7 15 90 38 84 49 20 40 26 65 83 19 85 77 35 46
20 35 7 78 90 38 18 85 65 83 19 40 26 20 17 77 72 49 8 15 52
20 72 15 18 7 83 26 65 35 8 84 77 90 49 85 78 38 20 19 40 4
20 84 49 8 35 7 90 15 65 18 19 40 26 77 83 20 38 78 72 17 1
20 26 83 40 65 78 35 17 49 38 15 84 20 90 8 85 77 19 7 72 60
20 77 78 35 83 84 90 40 72 15 17 65 85 20 8 18 26 49 19 38 7
20 19 7 20 78 85 18 17 15 83 38 40 84 65 26 77 35 8 90 49 2
20 38 35 19 8 20 77 65 7 18 78 90 85 15 17 49 84 26 72 83 71
20 90 38 17 20 49 15 35 19 83 8 77 7 18 40 72 78 85 26 84 52
20 18 77 15 78 38 40 84 20 7 19 90 49 72 26 83 65 17 35 8 14
20 77 83 65 18 35 17 20 15 85 72 78 49 26 84 90 40 7 19 38 5
20 65 35 84 26 19 72 40 49 77 7 20 78 85 15 8 18 83 90 38 13
20 20 7 35 18 17 78 19 15 90 49 38 26 77 72 40 83 65 84 85 43
20 90 35 17 65 85 72 18 78 83 84 38 15 7 20 19 8 40 26 77 88
20 38 65 8 90 19 35 49 40 26 17 20 83 7 84 77 72 78 15 85 50
20 8 15 20 19 65 78 18 17 84 77 49 26 90 72 38 35 7 83 40 66
20 18 78 83 38 26 17 84 8 85 49 7 77 65 40 19 72 35 90 15 22
20 19 90 15 83 78 72 8 26 85 40 77 18 17 7 49 35 38 84 65 67
20 90 49 35 15 65 38 19 72 17 85 40 83 77 20 7 26 8 78 84 98
20 8 20 49 38 35 83 65 7 19 15 26 17 40 85 84 18 77 90 72 30
20 18 8 20 72 78 15 65 90 85 84 49 83 17 38 26 35 7 77 19 58
20 65 38 49 83 77 26 18 84 35 7 40 72 15 85 17 20 19 90 78 45
20 83 72 19 78 85 17 7 20 18 15 90 38 65 35 77 8 26 40 49 47
20 18 38 65 84 49 35 83 7 40 19 17 8 20 90 26 72 85 15 77 55
20 84 18 77 83 35 8 19 15 20 65 85 7 40 26 17 78 72 90 38 12
20 20 49 35 18 84 38 15 26 77 7 8 72 85 65 17 78 19 90 83 45
20 19 20 84 8 77 65 83 72 85 26 17 49 15 90 78 38 18 7 35 31
20 19 38 20 8 40 15 72 90 77 17 78 18 85 83 49 35 26 84 65 43
20 83 17 85 26 49 35 90 18 78 15 40 8 38 77 72 19 84 65 7 37
20 90 49 38 72 18 20 7 78 8 35 84 26 40 19 83 77 17 85 65 50
20 85 35 26 40 77 84 72 78 17 90 7 65 20 38 19 18 8 83 49 45
20 85 15 35 8 83 49 40 7 78 20 77 84 17 72 65 19 90 38 18 93
20 40 20 78 90 8 19 83 18 49 35 72 85 15 7 17 38 77 26 65 53
20 72 40 85 65 18 35 83 20 49 78 19 7 26 77 90 17 8 84 15 95
20 17 20 15 38 84 72 83 90 65 8 40 18 85 49 78 7 77 26 19 30
20 85 72 49 78 15 8 65 17 90 19 84 18 7 77 83 20 40 35 38 32
20 84 90 17 38 15 8 72 40 85 49 78 83 26 19 7 35 77 20 18 54
20 72 78 49 35 40 17 38 77 26 90 19 20 18 15 83 7 8 65 85 76
20 20 90 15 38 83 77 85 78 35 7 18 19 49 40 17 26 84 65 72 99
20 7 83 78 40 17 77 15 18 35 49 8 65 38 19 20 72 85 84 90 95
20 35 20 7 85 26 65 72 8 90 40 17 19 15 38 84 77 18 49 78 74
20 7 35 77 8 65 15 40 17 26 20 85 78 83 84 19 90 38 72 18 55
20 20 8 15 26 38 85 19 17 40 78 72 18 83 7 77 49 35 84 90 82
20 38 83 84 72 78 40 90 26 7 85 35 19 20 8 77 65 17 49 18 55
20 19 49 77 7 85 65 20 38 83 18 17 35 78 15 84 40 8 26 90 71
20 19 26 18 8 84 85 17 38 65 90 40 83 78 15 72 35 77 7 49 71
20 35 7 20 8 26 49 17 77 83 15 72 84 40 90 85 65 78 18 19 46
20 20 65 35 26 18 49 19 78 83 7 40 85 72 38 84 8 90 77 17 42
20 18 85 90 78 49 19 35 38 65 40 83 20 77 8 84 7 15 72 26 47
20 85 20 83 26 7 35 78 19 40 49 77 84 17 8 15 65 72 18 90 12
20 20 19 84 65 15 7 40 38 85 77 8 35 83 90 17 18 49 72 26 43
20 17 84 78 65 20 38 7 49 85 90 19 26 8 40 72 18 77 35 83 73
20 78 7 15 85 35 65 72 20 40 18 90 26 38 77 8 49 19 17 84 43
20 65 49 15 26 77 85 8 38 7 72 18 78 17 35 90 83 40 20 19 97
20 19 83 77 49 8 26 65 17 85 90 72 18 20 40 15 35 84 38 78 100
20 26 20 77 84 90 15 65 8 19 83 35 38 85 72 40 78 49 7 18 17
20 77 84 17 26 85 65 83 18 38 72 19 35 40 7 78 90 8 20 15 45
20 65 85 90 78 7 77 18 19 8 17 38 15 84 83 35 72 26 49 40 62
20 77 38 35 83 15 49 65 72 90 8 19 18 26 78 7 85 84 17 20 2
20 17 35 18 77 72 38 19 8 85 26 7 83 78 84 90 40 20 49 65 43
20 15 18 65 83 84 17 72 19 35 8 77 7 85 90 38 49 26 20 40 36
20 18 35 19 85 15 77 78 72 17 84 83 8 7 49 90 65 38 20 26 32
20 38 18 77 78 83 65 7 20 35 90 15 49 72 40 85 19 26 84 17 1
20 72 40 26 38 19 49 15 83 17 7 18 78 20 90 35 84 85 8 65 30
20 90 85 26 40 15 84 35 49 83 65 8 18 78 77 72 17 38 7 19 59
20 17 20 7 38 18 35 26 77 84 40 72 49 83 90 15 65 85 8 78 47
20 84 20 26 35 38 72 19 90 78 77 18 49 65 40 15 17 8 83 85 52
20 65 78 20 15 8 77 38 18 83 72 19 85 49 17 26 84 7 90 40 95
20 78 18 49 7 20 84 77 8 26 38 17 15 65 90 35 19 85 40 72 6
20 8 83 40 17 20 38 15 7 84 18 35 77 78 72 26 85 49 90 65 50
20 26 72 17 84 35 7 19 15 40 18 85 83 77 8 90 38 20 49 65 61
20 49 35 18 84 65 8 77 83 7 17 78 72 38 19 90 20 26 15 40 53
20 84 40 15 65 78 85 49 38 18 26 83 8 72 20 90 19 17 35 77 13
20 19 90 78 18 7 17 15 35 85 26 40 72 84 20 65 77 8 49 38 70
20 8 26 72 17 84 83 85 7 15 65 78 40 18 35 20 19 77 49 90 55
20 90 85 17 72 15 35 65 18 20 84 77 49 40 8 78 83 7 19 26 55
20 90 8 40 85 35 7 49 18 20 77 38 19 17 83 65 78 26 15 72 67
20 38 26 84 90 40 49 20 19 15 7 35 77 17 83 78 18 85 72 65 30
20 62 45 71 82 6 87 58 83 66 67 52 60 69 98 57 53 74 15 85 80
20 60 66 67 15 74 83 98 33 62 82 45 71 69 53 52 57 87 58 6 32
20 58 60 82 71 85 33 87 74 69 66 15 45 6 83 98 53 57 62 67 14
20 67 6 85 74 45 98 58 62 87 82 52 71 57 66 69 53 33 15 60 77
20 85 67 83 87 33 82 6 58 45 15 52 62 53 60 74 98 71 66 69 28
20 98 52 60 87 45 85 71 83 74 33 69 6 57 62 15 66 67 53 82 94
20 58 33 87 6 15 82 60 62 71 67 98 85 66 83 53 52 57 69 45 30
20 66 33 53 60 85 87 69 74 15 52 45 67 62 57 82 71 58 83 6 37
20 58 85 52 87 74 98 62 45 15 67 6 71 69 57 33 83 53 66 60 99
20 52 66 45 74 87 69 71 57 62 33 85 15 83 98 60 6 67 58 82 24
20 62 58 53 52 33 82 15 83 69 6 60 74 85 87 71 98 57 45 67 86
20 57 52 98 67 6 74 53 87 83 66 45 15 69 60 33 62 71 58 85 81
20 15 60 74 53 69 66 98 67 82 62 87 71 52 33 45 83 85 57 58 94
20 62 33 67 83 6 52 53 15 69 82 60 58 45 74 85 87 98 71 66 26
20 60 53 52 83 74 6 62 85 67 57 82 98 15 87 45 69 58 33 71 44
20 74 33 87 69 62 45 66 60 52 67 85 83 82 58 71 98 57 15 53 6
20 83 67 69 15 66 87 53 57 58 85 6 33 60 62 45 82 71 74 98 97
20 60 15 83 67 62 66 69 45 57 85 6 71 82 33 98 87 74 58 52 65
20 71 52 57 53 6 82 69 60 33 74 85 62 45 87 67 83 15 66 98 80
20 52 71 33 53 74 45 67 69 83 60 85 82 87 57 58 62 98 15 6 68
20 66 62 45 6 74 60 52 71 85 33 57 69 53 67 83 15 98 87 82 63
20 62 98 67 15 45 71 6 74 83 33 53 69 87 58 52 85 66 57 82 46
20 66 45 52 57 6 67 60 71 87 58 62 74 15 69 33 85 98 83 82 19
20 33 85 87 58 57 67 74 60 98 82 69 62 71 52 53 66 15 83 45 1
20 60 52 69 67 6 57 71 45 87 58 33 98 62 83 85 74 15 66 53 10
20 71 45 6 33 98 74 62 15 53 82 69 87 85 52 58 83 60 67 57 72
20 87 71 66 74 53 67 15 83 85 58 52 45 98 6 57 69 60 33 62 77
20 52 58 67 83 60 45 62 87 53 33 74 66 57 98 6 15 82 85 69 20
20 82 6 69 62 71 83 74 60 33 67 52 98 15 57 53 87 85 66 45 46
20 57 87 98 85 53 69 58 33 45 71 6 74 60 66 83 15 52 67 82 78
20 45 33 82 60 87 67 85 71 74 83 57 69 53 6 62 58 98 66 52 32
20 69 60 57 66 45 74 62 82 87 58 98 85 71 83 15 67 6 52 53 56
20 74 45 60 69 15 33 71 52 85 83 57 98 53 67 6 62 66 58 87 86
20 69 98 83 6 60 87 53 85 66 52 67 82 71 33 45 57 62 58 74 90
20 82 62 74 67 33 69 52 98 85 57 60 15 58 53 71 6 45 87 83 35
20 66 15 74 6 33 85 69 67 98 45 53 83 58 62 52 82 57 87 71 46
20 87 60 58 74 83 67 45 62 66 85 82 71 57 15 52 69 98 33 6 16
20 62 45 85 67 52 53 66 71 57 15 83 87 74 60 98 33 82 6 58 36
20 52 74 98 69 33 82 60 71 62 53 67 66 83 45 57 6 85 58 87 65
20 58 67 62 52 60 15 82 45 66 87 71 74 53 57 33 85 83 69 98 28
20 85 33 45 6 15 60 87 57 62 83 74 98 53 71 82 69 52 58 66 86
20 74 67 83 66 6 82 52 98 57 71 33 87 62 60 45 85 15 69 53 97
20 53 6 98 62 60 85 69 15 82 66 71 74 58 67 57 83 87 45 52 36
20 60 83 15 74 85 52 82 66 87 45 58 67 6 57 98 69 33 53 71 27
20 83 53 6 85 74 52 15 45 62 66 58 82 69 71 98 60 33 57 87 65
20 57 87 53 15 82 67 85 69 6 66 60 83 71 45 33 58 62 98 74 81
20 82 66 57 98 69 71 52 53 60 85 87 15 67 6 62 33 58 83 74 35
20 83 85 45 57 62 53 87 74 6 71 98 66 60 15 52 33 67 69 82 22
20 66 85 69 58 52 33 82 15 62 67 74 57 60 6 87 83 71 45 98 46
20 33 6 53 62 71 69 57 98 83 66 85 45 67 58 60 87 15 52 82 93
20 57 87 60 58 45 69 85 62 6 98 67 53 33 15 66 82 74 52 83 47
20 57 98 87 58 60 82 6 71 62 69 74 15 53 33 67 52 83 66 85 5
20 67 53 6 83 71 69 85 52 60 58 98 74 82 45 33 62 87 15 66 89
20 82 45 67 57 53 69 83 74 87 6 66 62 71 33 85 98 60 58 15 5
20 71 83 58 62 57 67 53 6 33 69 45 52 85 60 66 87 98 82 15 72
20 67 74 6 83 62 98 33 85 87 58 82 60 52 53 66 69 15 45 57 7
20 53 85 71 98 15 69 45 82 87 66 83 6 33 57 52 67 74 58 62 80
20 87 45 15 66 52 82 62 53 60 67 71 58 98 6 85 33 74 57 83 54
20 57 52 85 74 53 66 60 58 69 83 67 98 71 33 45 62 15 82 87 47
20 52 15 62 58 85 98 82 74 67 45 87 69 83 57 71 53 66 60 6 35
20 98 60 67 87 57 85 69 62 52 58 74 71 15 82 53 33 6 66 45 59
20 87 67 57 98 60 53 52 15 82 71 85 83 66 62 74 6 58 33 69 88
20 60 85 74 98 15 57 67 83 87 33 58 66 53 69 62 71 52 82 6 12
20 33 74 83 98 15 57 67 45 53 85 71 58 69 87 6 66 60 62 52 11
20 69 66 45 57 15 98 53 52 85 74 82 71 62 83 6 87 67 58 33 95
20 58 66 71 69 67 98 85 45 15 62 74 60 57 33 52 6 83 82 87 39
20 83 33 58 74 52 69 87 57 15 71 60 62 98 82 6 85 67 66 53 16
20 45 57 74 52 69 60 33 66 58 82 71 85 98 53 62 67 87 83 6 4
20 71 98 87 53 52 82 60 69 85 45 66 57 74 58 6 33 83 67 62 59
20 33 71 87 52 15 62 74 83 45 82 85 67 98 66 69 57 6 53 60 41
20 83 15 67 85 33 60 62 58 53 52 71 6 45 82 66 87 74 57 69 38
20 53 58 83 82 15 45 67 98 62 85 33 71 87 69 52 74 60 6 66 7
20 87 67 52 6 74 82 66 71 15 98 57 62 33 85 83 45 60 69 53 38
20 87 52 82 71 83 98 60 57 33 74 53 66 58 62 85 69 67 15 45 48
20 67 74 82 69 98 6 52 71 62 15 33 53 87 58 66 60 45 83 57 34
20 98 69 6 58 57 83 33 87 52 85 53 74 66 82 60 62 15 45 67 80
20 60 53 66 62 58 82 15 87 71 74 98 52 6 57 33 67 85 45 69 49
20 74 52 33 82 71 62 6 57 45 69 87 53 67 83 66 60 85 98 15 30
20 87 98 62 57 6 82 74 33 52 71 45 67 15 69 58 85 60 83 66 97
20 53 62 67 69 6 15 74 57 85 83 98 33 71 58 66 82 52 45 60 39
20 98 74 71 67 83 87 33 62 52 60 85 82 57 69 53 15 66 58 45 16
20 66 6 85 83 69 45 33 60 62 15 67 87 53 74 71 52 58 57 98 56
20 98 87 6 15 52 45 82 69 33 83 85 71 57 62 53 67 60 58 66 90
20 33 69 85 71 98 15 66 62 74 83 58 52 6 57 87 82 67 45 60 84
20 52 69 33 85 62 6 53 15 58 82 45 71 57 66 87 74 67 60 83 26
20 60 57 53 52 67 58 98 62 82 74 15 66 33 83 71 69 45 87 6 80
20 58 60 69 71 53 82 98 52 83 15 87 62 57 45 6 33 67 66 74 99
20 83 60 57 74 58 69 87 71 98 6 85 53 45 82 15 66 52 67 62 75
20 66 83 60 82 74 58 69 6 53 52 87 85 62 57 15 71 67 98 33 7
20 67 69 71 6 15 83 33 66 58 62 60 82 85 98 74 52 87 57 45 80
20 60 58 66 85 98 71 45 83 53 33 74 57 67 15 62 69 52 82 6 75
20 62 69 66 74 71 52 87 53 85 45 98 33 67 15 58 83 57 6 82 24
20 82 52 60 87 45 83 57 71 6 15 67 69 58 74 53 33 62 85 98 93
20 98 62 45 69 83 87 74 33 57 52 71 66 53 58 6 67 85 15 82 17
20 60 69 83 33 98 57 67 62 58 53 66 85 87 45 82 6 74 52 71 61
20 15 85 98 82 60 66 62 6 87 74 52 67 83 58 33 45 71 69 57 14
20 33 52 83 82 58 15 6 71 98 62 74 87 60 53 67 45 69 85 66 79
20 82 66 98 69 6 33 85 15 67 57 52 60 45 83 71 74 62 53 87 72
20 57 67 15 52 53 66 62 45 82 85 83 6 98 60 33 58 87 74 71 14
20 98 58 57 33 69 62 74 82 66 52 71 85 6 45 83 15 53 67 87 20
20 33 45 52 57 6 82 60 69 66 71 83 58 74 67 15 53 85 62 87 38
20 60 45 52 15 87 71 85 6 74 98 33 53 82 58 83 62 57 69 67 4
20 85 98 58 69 82 45 15 71 83 52 74 33 6 62 53 66 60 87 67 40
20 82 62 71 74 83 15 45 69 52 98 57 60 33 85 87 67 6 66 58 4
20 60 71 6 15 69 98 33 66 74 85 45 83 67 82 58 57 62 53 52 68
20 58 52 66 71 67 45 33 85 74 82 53 69 98 83 15 60 87 57 62 54
20 71 45 58 83 15 62 74 33 53 82 67 69 98 52 66 87 57 85 6 24
20 53 67 15 62 66 83 98 52 87 58 57 45 74 6 85 33 60 69 71 4
20 66 85 45 82 98 69 58 33 53 60 83 87 6 62 15 71 74 67 57 73
20 87 66 83 52 6 60 53 45 82 98 62 71 67 57 74 15 58 69 33 22
20 74 57 6 69 58 52 83 53 98 85 67 33 66 87 82 71 60 62 45 5
20 87 33 83 60 57 45 52 74 82 62 71 58 69 53 67 15 98 85 66 86
20 53 62 15 60 85 45 57 69 82 66 83 98 58 6 74 33 87 67 71 49
20 66 53 33 69 71 58 6 74 57 60 67 52 15 45 83 82 62 85 87 97
20 62 33 45 82 66 83 6 85 52 57 87 53 15 60 98 58 74 67 69 11
20 74 58 6 98 83 67 15 87 33 45 53 57 71 85 62 69 52 66 60 20
20 87 83 33 71 58 45 98 82 15 85 6 52 57 67 53 62 60 69 74 89
20 15 62 57 52 82 66 53 67 69 85 58 87 83 98 33 6 60 71 45 44
20 74 15 98 83 33 60 58 6 53 62 66 87 82 45 69 71 57 67 52 29
20 15 71 87 53 33 98 6 45 82 83 52 57 74 67 69 85 60 62 58 27
20 45 98 82 60 15 66 83 6 52 53 85 58 57 74 69 67 33 87 71 94
20 98 58 62 60 57 52 67 33 83 69 85 15 74 87 6 66 45 82 53 32
20 52 85 60 57 66 87 53 82 15 67 69 58 98 74 62 45 6 83 33 71
20 85 33 6 82 58 45 66 83 69 87 67 62 53 98 57 52 15 60 74 1
20 69 58 53 6 52 57 74 98 71 82 15 67 83 62 85 87 33 66 60 14
20 62 66 74 71 82 15 53 85 69 52 6 67 83 57 45 60 58 33 87 20
20 62 33 71 83 69 58 57 67 52 74 66 45 87 85 6 82 60 15 53 78
20 87 69 57 85 82 6 62 53 45 98 58 67 60 52 33 83 74 15 66 63
20 15 67 82 58 53 52 69 62 87 98 45 60 57 74 71 33 66 83 85 68
20 66 71 53 58 83 85 57 98 52 45 69 74 87 15 33 67 62 82 6 27
20 15 60 66 57 85 87 45 62 82 98 83 74 6 69 52 33 67 53 58 10
20 74 98 82 60 83 45 15 69 33 87 85 6 71 52 62 53 66 58 57 37
20 53 6 66 69 52 67 33 87 62 74 83 57 82 58 98 15 60 85 45 26
20 83 62 87 69 58 98 33 66 53 85 74 15 71 57 82 45 6 52 67 47
20 62 83 71 33 60 67 45 98 58 53 6 66 87 57 74 82 15 52 85 100
20 53 66 85 71 67 82 45 87 74 69 15 6 62 83 52 60 98 58 57 79
20 62 33 83 87 60 74 82 57 66 67 98 58 6 45 53 69 52 71 85 5
20 62 69 87 45 74 33 57 52 60 71 85 67 53 82 58 15 66 98 6 75
20 87 15 52 45 6 82 69 66 62 71 57 98 67 33 85 83 74 58 60 53
20 82 58 52 53 87 57 74 15 6 67 71 66 85 62 33 60 45 69 83 54
20 83 58 85 69 87 6 33 98 71 45 82 60 62 57 74 52 53 15 66 61
20 52 53 60 62 6 82 69 15 45 85 33 67 57 87 74 83 71 58 98 92
20 74 98 69 33 58 52 67 60 82 83 15 62 71 57 85 6 87 53 66 18
20 58 52 66 62 60 85 67 15 45 83 74 71 33 69 6 87 53 82 57 79
20 6 53 33 83 60 58 74 82 87 62 45 67 66 52 85 15 57 69 98 64
20 82 74 53 71 58 67 69 85 60 15 83 87 66 62 52 6 57 98 33 20
20 83 53 62 66 60 58 52 6 87 71 33 45 82 15 69 74 67 85 98 61
20 57 53 52 67 6 45 66 82 58 83 85 62 74 71 87 60 15 33 98 20
20 57 58 85 15 87 62 6 83 53 69 60 33 74 67 98 52 66 45 71 73
20 69 62 45 52 87 82 15 83 67 60 58 74 66 98 33 85 53 57 6 22
20 6 87 45 62 67 53 71 57 66 69 85 98 58 15 83 60 52 33 74 25
20 45 33 71 69 67 53 58 83 74 98 85 87 62 57 60 6 15 82 52 90
20 45 66 71 33 98 15 58 62 74 69 87 53 60 83 85 52 57 67 82 78
20 52 67 82 53 85 57 6 66 62 45 58 98 60 87 69 74 15 83 33 89
20 62 71 6 74 52 98 15 69 83 67 82 45 53 66 60 58 85 33 87 12
20 98 33 82 83 58 67 87 69 15 66 74 62 45 53 57 6 85 71 60 63
20 62 53 67 87 71 52 74 6 85 82 60 45 33 15 66 83 69 57 58 48
20 6 60 57 71 45 15 53 67 69 33 74 85 98 52 87 58 82 83 62 51
20 87 57 85 66 45 69 53 83 67 74 52 60 62 82 6 15 98 71 58 21
20 33 58 71 66 60 85 52 15 62 6 74 69 67 82 87 53 83 98 57 1
20 71 82 52 74 98 60 6 57 33 45 15 87 83 66 53 85 58 67 62 39
20 71 83 87 60 57 45 98 67 6 33 82 15 85 58 74 69 62 66 53 96
20 58 71 87 66 45 52 60 57 85 67 15 53 74 6 33 83 98 82 69 24
20 57 69 45 52 87 53 66 67 74 62 85 60 58 33 15 83 98 6 71 79
20 82 15 52 85 74 57 67 33 71 66 58 98 87 62 83 53 69 60 45 1
20 66 71 53 52 74 15 60 98 57 85 62 6 45 67 82 87 83 69 33 51
20 85 87 98 66 69 57 74 45 52 71 67 6 83 15 82 53 58 62 60 100
20 98 60 82 15 69 71 62 58 6 74 52 85 87 66 57 83 67 45 33 100
20 82 66 60 83 6 74 69 15 71 98 53 67 33 45 58 57 87 62 52 38
20 62 60 15 85 66 87 83 82 74 33 71 52 58 67 53 98 57 69 6 13
20 83 69 52 74 53 62 67 33 45 6 15 82 71 57 66 58 60 87 85 79
20 33 60 82 45 57 66 6 83 15 74 53 52 58 67 69 98 85 62 87 51
20 52 60 66 57 67 98 45 74 69 15 83 62 53 87 82 85 58 6 33 90
20 82 6 85 62 98 52 15 57 60 66 83 58 33 74 45 87 53 71 67 46
20 45 74 58 6 66 85 15 60 67 98 52 71 53 33 83 62 69 87 82 20
20 53 74 71 60 52 45 87 69 15 85 57 6 83 98 58 67 66 33 82 27
20 60 67 85 57 69 58 33 87 82 98 6 45 53 52 15 66 71 83 74 91
20 62 87 85 57 69 6 67 60 66 33 71 98 74 15 58 83 45 82 53 32
20 87 83 6 53 33 85 71 60 57 67 98 62 66 45 15 58 74 69 82 39
20 67 60 66 52 33 53 71 57 6 62 69 83 85 98 87 58 45 74 82 48
20 33 98 74 57 69 62 52 85 45 60 82 71 66 53 83 87 15 67 58 3
20 58 66 74 60 33 15 52 62 69 53 6 45 71 85 57 98 82 67 87 8
20 87 60 67 66 6 85 62 33 57 15 82 52 58 71 45 69 74 53 83 39
20 82 83 66 15 62 87 33 85 6 57 74 60 58 69 71 53 45 98 52 90
20 60 45 57 67 62 6 66 15 71 58 69 52 85 74 53 83 82 33 87 36
20 45 74 6 52 58 33 87 62 57 83 69 82 85 98 67 71 53 60 66 41
20 58 82 57 60 98 83 74 53 33 87 45 15 71 69 85 62 67 66 52 93
20 71 85 62 53 60 74 82 69 83 6 87 58 15 66 52 98 45 57 67 65
20 69 98 58 82 52 83 74 87 15 45 71 67 62 33 6 53 57 66 60 4
20 45 33 57 67 62 82 53 71 87 98 69 52 58 83 60 66 15 6 74 80
20 87 74 66 71 15 52 83 6 62 58 45 85 57 60 67 53 69 98 33 43
20 67 82 66 69 62 15 98 60 6 57 52 71 83 74 85 58 33 87 45 36
20 98 6 69 60 58 74 52 45 53 62 82 66 67 83 33 15 71 87 85 90
20 87 82 6 52 33 60 71 15 85 58 45 62 57 83 66 98 53 67 69 80
20 57 33 45 53 71 15 98 74 52 58 82 83 69 66 60 62 6 87 85 99
20 53 45 66 67 74 69 15 6 83 71 52 33 60 98 62 85 57 58 87 73
20 66 74 15 62 83 33 82 69 98 58 67 52 57 6 60 87 85 45 53 22
20 57 53 69 74 45 6 62 98 71 60 66 82 52 85 58 87 67 33 15 94
20 60 6 83 57 52 74 98 66 15 82 53 85 69 67 33 71 87 62 45 3
20 58 82 69 67 71 53 87 52 60 62 85 66 74 83 57 98 6 15 45 43
20 67 66 58 82 60 57 98 87 6 62 53 15 85 83 69 74 33 45 71 93
20 57 74 85 60 45 6 87 62 66 82 53 98 58 83 33 67 69 71 15 55
20 33 98 53 62 67 85 66 57 74 87 52 83 60 71 6 58 82 15 45 22
20 87 69 15 45 60 82 33 6 98 85 52 53 71 67 62 66 58 83 57 34
20 67 53 71 33 98 62 15 87 82 57 85 83 66 69 60 45 52 58 6 25
20 69 85 71 58 98 57 74 6 83 62 45 82 67 87 52 66 33 15 60 79
20 62 53 69 98 85 71 60 57 74 87 82 66 58 52 83 45 15 67 33 47
20 62 53 66 71 82 69 52 45 83 58 60 33 98 74 6 85 67 15 57 8
20 45 74 62 15 60 53 87 71 66 85 98 67 58 57 33 69 83 82 6 75
20 71 98 52 82 33 66 58 83 87 67 57 45 60 62 85 74 69 15 6 54
20 82 69 60 83 6 85 33 45 53 67 57 62 15 58 66 87 98 74 52 27
20 53 52 6 69 62 82 74 83 60 98 15 71 66 45 85 57 58 33 67 30
20 74 87 62 33 60 67 57 69 82 45 71 85 6 66 52 58 83 15 98 5
20 85 67 69 66 15 71 87 33 98 6 82 62 83 58 52 60 74 53 57 49
20 87 85 57 82 45 60 15 98 74 66 6 58 67 33 52 83 53 71 62 43
20 83 52 53 71 69 82 60 58 15 45 85 33 62 6 87 57 74 66 67 55
20 45 74 85 83 57 52 15 33 62 69 60 82 87 98 67 58 66 71 53 63
20 6 82 87 69 53 71 85 15 52 45 74 60 83 62 33 66 58 67 57 16
20 87 74 82 85 69 62 45 33 71 60 53 66 15 98 6 83 58 52 57 42
20 53 74 83 15 69 98 60 66 58 67 52 45 57 62 33 82 87 6 85 49
20 87 71 6 74 33 60 82 66 85 67 45 57 58 62 83 98 69 52 53 96
20 53 98 69 74 15 58 67 71 83 6 57 82 85 62 87 60 52 45 66 48
20 66 69 85 98 74 45 82 67 87 57 71 6 58 60 83 53 33 62 52 96
20 66 98 82 83 60 69 67 53 45 57 62 52 87 71 6 33 85 74 58 31
20 82 58 66 57 53 52 62 6 98 33 60 83 87 85 15 67 69 71 74 59
20 15 58 74 6 52 62 71 69 83 67 53 82 45 33 85 60 66 57 98 23
20 83 66 15 71 60 69 87 45 52 62 67 6 33 58 85 57 98 82 74 99
20 33 15 74 45 82 66 6 69 67 57 83 87 60 71 98 52 62 53 85 42
20 58 83 98 33 60 85 53 74 71 52 69 62 15 45 67 82 87 6 66 3
20 69 85 82 83 74 45 6 71 15 52 62 33 87 53 58 66 57 67 98 75
20 85 69 74 67 52 15 45 71 6 83 53 33 82 87 98 57 60 62 66 41
20 87 71 53 98 33 58 82 57 62 85 52 60 74 45 69 15 83 6 67 47
20 85 53 87 60 83 69 15 67 45 66 52 57 98 71 74 33 58 82 6 47
20 62 53 52 66 45 67 57 58 33 87 69 83 15 60 98 74 82 85 71 63
20 98 53 67 60 6 87 52 82 62 15 83 71 45 69 74 33 85 58 57 36
20 74 62 85 98 83 57 53 15 33 82 6 69 58 60 71 66 67 52 45 12
20 57 60 33 69 15 83 45 85 6 67 82 58 98 74 62 87 53 52 66 13
20 98 69 83 67 6 71 74 57 15 52 53 82 45 62 58 66 87 60 85 99
20 33 87 67 69 53 98 6 62 57 58 74 66 82 83 71 85 52 15 45 49
20 6 57 15 52 82 45 85 87 83 98 62 58 60 66 67 33 71 69 53 54
20 71 67 57 98 45 15 87 85 33 60 58 62 66 6 83 74 52 53 82 70
20 74 82 45 85 71 33 67 53 58 15 87 98 83 69 57 52 66 60 6 29
20 6 66 15 69 98 45 82 53 87 33 74 60 57 58 85 62 67 52 71 3
20 45 6 69 98 33 60 53 66 82 74 52 58 85 71 83 15 62 67 57 99
20 66 33 74 98 52 57 62 82 67 83 45 6 69 15 71 60 58 53 85 89
20 60 45 83 62 82 53 85 6 52 98 71 15 58 33 69 74 87 66 57 24
20 15 62 6 74 58 87 53 83 71 98 69 60 45 52 82 67 85 57 66 63
20 53 74 15 60 52 45 98 87 58 62 33 66 69 67 6 57 82 83 85 19
20 60 53 87 71 83 15 98 52 6 85 82 66 45 58 69 57 62 33 67 21
20 52 45 82 33 62 15 69 60 53 87 67 98 6 66 58 71 85 83 57 100
20 15 36 10 43 13 51 82 41 39 57 64 40 66 32 42 55 65 6 50 80
20 41 39 32 43 65 42 10 15 64 13 57 55 36 82 51 60 66 50 40 14
20 66 32 65 51 57 36 64 10 39 40 6 42 82 55 60 43 41 13 50 34
20 64 6 42 43 13 39 57 82 10 65 36 55 41 40 60 66 15 50 51 69
20 40 57 55 82 6 32 36 15 13 51 60 64 66 41 39 43 50 10 42 77
20 82 41 64 57 39 60 15 42 51 55 32 40 65 66 13 10 43 50 36 61
20 10 50 13 39 43 6 32 60 41 51 36 42 65 82 15 66 40 64 57 31
20 66 43 42 32 36 41 65 40 82 60 6 57 50 13 51 39 15 55 64 44
20 42 50 39 32 57 43 41 66 13 65 82 10 64 60 6 15 55 40 51 18
20 57 10 15 32 64 43 65 39 36 50 60 82 55 40 51 66 13 42 41 31
20 60 55 82 43 50 10 65 51 36 6 13 40 32 39 42 64 57 66 41 59
20 57 55 10 82 6 51 43 66 42 60 32 36 50 39 65 64 41 13 40 63
20 32 43 57 66 50 82 42 41 36 40 51 39 13 15 55 10 6 65 64 85
20 65 42 13 6 15 82 36 43 66 40 10 64 39 50 60 57 41 51 55 3
20 39 32 15 6 43 40 51 41 10 66 36 50 55 64 42 82 57 60 13 20
20 10 39 36 60 51 50 41 57 64 40 13 6 55 15 42 82 32 66 65 2
20 36 32 51 6 64 66 50 10 55 41 13 60 65 15 40 42 43 82 39 83
20 50 43 6 57 65 60 40 32 15 51 64 82 36 55 41 13 39 10 66 96
20 60 57 32 51 65 41 64 40 36 66 6 50 42 15 43 55 82 39 10 1
20 51 40 50 10 64 65 42 82 36 32 6 13 55 66 57 15 43 60 41 38
20 41 57 51 13 40 32 15 50 42 43 82 36 65 39 55 66 64 6 10 11
20 65 43 36 57 55 40 82 39 13 15 32 50 60 10 66 42 6 64 51 12
20 42 57 32 65 64 15 55 66 36 82 40 51 39 50 10 13 43 60 41 19
20 36 42 39 65 6 64 82 43 41 57 51 13 32 10 40 50 55 60 66 3
20 36 65 15 60 10 82 66 51 32 50 40 55 39 41 6 13 42 57 64 99
20 13 65 60 50 39 43 57 66 82 55 41 64 42 6 32 40 51 10 15 97
20 10 57 40 13 55 39 36 43 51 64 66 65 15 60 42 32 6 50 41 83
20 64 13 42 40 51 41 10 50 55 6 60 82 65 39 43 66 32 15 57 33
20 66 51 41 39 10 15 13 55 43 65 36 60 82 40 32 50 57 6 42 53
20 43 6 41 82 13 40 39 15 65 51 36 42 57 64 60 50 32 10 66 62
20 10 15 43 39 36 13 41 57 66 64 6 32 42 82 40 60 65 50 51 3
20 60 43 40 51 66 82 6 50 36 55 39 32 57 13 42 65 15 10 41 48
20 13 65 66 6 50 10 39 64 60 40 36 51 32 82 41 15 57 42 43 31
20 57 64 66 13 50 36 39 10 43 51 60 65 6 15 41 82 32 40 42 79
20 82 42 6 60 66 40 10 51 13 55 36 57 41 39 50 15 65 64 32 80
20 66 10 60 51 65 36 42 82 40 50 55 13 57 41 43 6 39 64 15 24
20 51 41 82 15 6 42 60 43 13 57 32 65 10 40 64 39 66 50 36 9
20 43 57 55 65 66 64 40 32 15 13 41 42 50 51 39 10 82 36 6 19
20 60 13 42 6 43 10 39 82 36 65 64 41 55 32 51 50 15 57 40 37
20 13 32 50 10 64 57 65 41 55 51 66 36 40 15 42 43 82 60 6 68
20 57 15 32 82 13 39 41 55 42 40 60 10 65 64 36 6 51 50 66 25
20 41 60 39 10 32 6 65 51 40 64 66 55 36 50 57 82 15 13 42 99
20 66 57 13 43 41 6 10 60 40 82 50 55 36 65 51 39 64 42 32 54
20 82 64 50 55 66 36 43 65 60 40 51 39 42 32 41 13 6 15 57 8
20 55 40 10 41 82 39 51 42 13 36 50 57 15 43 66 60 32 6 65 35
20 40 64 66 60 15 55 13 82 65 51 57 43 41 39 6 50 42 32 36 49
20 10 39 41 64 82 65 55 66 36 43 51 42 50 40 57 13 32 15 6 71
20 57 60 66 55 10 15 64 39 41 40 50 36 6 65 82 42 13 51 32 86
20 10 6 15 50 66 36 57 82 32 39 41 43 64 60 13 65 51 55 40 37
20 64 13 32 57 39 50 41 42 36 15 43 6 60 65 66 51 10 55 82 92
20 13 64 65 82 51 6 50 32 42 55 60 41 36 57 10 40 43 39 66 73
20 10 82 66 51 64 36 43 41 50 65 13 32 60 39 6 57 42 15 55 30
20 50 65 13 32 64 15 57 41 66 10 36 42 82 39 51 6 40 55 43 28
20 50 82 32 60 64 6 66 42 40 51 41 15 43 65 36 13 57 55 10 21
20 42 41 64 36 32 15 13 60 10 39 55 82 43 66 65 6 51 50 57 88
20 65 57 10 60 66 15 82 39 55 50 51 64 43 41 42 36 13 6 40 4
20 40 64 6 60 65 36 50 32 13 82 10 42 43 15 55 51 39 66 41 45
20 42 36 39 13 60 65 10 51 40 15 55 82 66 32 50 57 41 6 43 93
20 43 42 13 10 39 36 65 60 32 64 66 40 55 51 41 15 50 57 82 97
20 40 13 65 64 36 51 10 50 39 82 15 60 57 32 55 6 43 41 66 92
20 50 43 32 55 51 13 40 82 64 10 6 42 41 36 60 39 66 65 15 28
20 6 66 50 40 57 43 15 10 36 55 41 65 42 60 39 51 82 13 64 63
20 50 51 39 41 66 82 40 15 42 10 36 43 32 60 55 64 6 57 13 67
20 39 55 64 51 60 15 6 10 40 41 13 65 42 43 32 50 66 57 82 5
20 51 57 82 36 65 32 64 13 66 40 10 41 50 60 43 6 39 42 15 48
20 65 10 41 39 32 50 60 66 57 51 36 55 13 43 64 42 6 82 15 56
20 82 50 41 60 51 36 6 39 65 13 43 32 40 42 15 66 10 55 64 47
20 13 65 64 55 36 32 10 39 51 82 57 50 15 43 41 66 60 6 42 98
20 15 41 51 50 36 57 82 66 6 42 39 32 43 65 10 55 13 40 64 31
20 10 64 65 15 39 42 57 36 60 32 40 43 82 41 50 6 66 55 13 2
20 15 66 10 60 43 32 65 36 57 42 82 39 6 40 13 55 51 41 50 14
20 32 6 51 10 43 39 13 60 66 64 65 41 15 57 42 36 50 40 55 74
20 41 13 66 10 15 43 42 36 60 57 65 82 6 40 55 32 50 51 39 47
20 51 43 39 6 10 50 65 41 36 57 32 15 13 42 66 40 82 60 55 52
20 51 6 82 39 41 55 57 10 43 50 65 64 42 13 66 60 40 15 36 68
20 6 57 60 13 32 51 43 39 15 41 36 55 65 10 40 42 50 64 66 29
20 82 43 6 10 15 40 32 64 66 36 60 42 50 57 51 13 55 41 39 61
20 36 13 55 51 65 43 82 32 39 50 10 15 60 66 40 42 41 6 57 23
20 65 57 82 32 42 36 55 6 41 39 64 40 13 50 43 15 66 51 10 38
20 41 51 39 40 36 82 64 6 57 42 60 65 43 55 15 32 66 13 50 48
20 50 41 42 57 32 36 40 82 66 13 55 65 64 43 15 51 60 10 6 59
20 39 51 32 43 10 65 36 82 50 13 41 15 42 40 60 6 57 55 64 69
20 6 32 50 40 41 64 36 51 13 39 82 57 43 15 66 65 42 60 10 99
20 15 65 51 60 39 32 36 41 64 55 40 10 43 6 66 82 13 42 50 75
20 13 64 40 57 51 55 15 50 65 42 82 6 39 10 60 32 43 41 36 14
20 55 57 15 10 6 40 43 13 36 60 65 41 32 82 51 64 39 50 42 63
20 42 66 36 82 13 57 6 39 10 65 50 43 32 40 64 55 51 15 41 53
20 51 82 55 6 39 10 57 42 66 43 13 65 36 15 32 41 60 50 64 72
20 32 15 66 43 60 57 10 40 64 36 41 65 42 13 82 50 39 55 51 24
20 43 57 40 42 13 32 66 10 82 60 6 65 51 41 50 36 64 55 15 37
20 10 15 60 64 66 82 32 13 36 43 55 51 39 50 65 40 42 41 57 62
20 43 6 32 64 50 39 82 40 57 36 42 60 13 66 10 15 51 41 55 18
20 50 13 36 41 64 39 57 6 32 60 65 15 82 10 55 43 42 40 51 7
20 13 10 66 82 65 42 60 64 32 36 51 43 15 6 55 50 40 57 39 47
20 36 82 65 32 39 51 15 10 66 43 50 55 57 40 6 42 64 41 13 83
20 15 42 6 60 51 66 32 39 64 10 13 40 57 55 36 82 50 65 43 46
20 66 50 64 13 6 40 82 60 42 51 43 10 41 57 65 32 36 15 39 85
20 64 55 41 42 57 50 39 60 36 51 15 40 32 10 13 43 65 82 6 17
20 57 64 43 40 42 60 6 32 39 36 10 82 41 65 51 55 13 66 50 25
20 60 65 32 36 51 50 55 42 39 13 43 66 40 57 82 6 10 15 64 96
20 66 82 50 15 13 6 32 10 64 39 42 65 43 57 51 55 36 60 40 19
20 66 50 13 10 15 57 32 65 36 55 42 82 64 51 43 40 39 6 41 5
20 82 51 64 15 10 50 41 42 6 66 13 32 39 43 55 60 36 57 40 48
20 51 10 41 6 13 55 82 65 43 66 40 32 50 64 36 60 57 42 39 77
20 15 60 32 36 6 66 39 50 64 55 82 41 43 13 42 40 57 10 65 31
20 32 65 42 13 39 60 64 43 40 55 57 82 6 41 51 66 36 15 10 45
20 55 42 10 60 65 50 57 15 82 32 40 36 66 43 13 51 6 39 64 81
20 57 66 51 15 42 36 65 55 64 40 13 6 43 41 32 10 60 82 50 24
20 10 6 42 15 64 32 40 43 41 82 36 13 60 55 65 39 51 66 50 96
20 50 36 39 15 43 51 60 66 41 65 32 55 64 40 42 57 82 13 6 54
20 32 51 42 39 43 40 82 10 15 13 6 57 36 50 64 66 41 55 65 24
20 15 36 39 42 64 51 60 66 55 10 50 32 65 82 40 6 57 41 43 35
20 82 15 36 40 51 65 13 6 42 50 41 60 10 43 64 55 32 57 66 35
20 41 13 66 6 65 32 40 43 36 60 55 82 42 15 64 50 51 57 10 3
20 66 32 65 43 42 55 82 13 39 10 51 15 57 41 50 36 40 6 64 7
20 60 39 55 66 64 43 36 42 6 57 10 32 13 41 65 82 51 50 15 69
20 39 13 51 55 41 82 32 43 42 60 57 66 65 50 15 64 10 36 40 19
20 6 60 50 55 36 65 41 39 66 32 15 13 10 42 43 40 64 82 51 98
20 40 13 51 10 15 6 60 36 50 43 82 42 55 32 66 39 65 64 57 24
20 40 13 39 50 66 32 64 15 51 60 42 55 82 43 36 57 65 10 41 63
20 13 32 43 6 39 50 42 65 57 60 36 51 66 10 82 40 64 55 15 77
20 65 6 41 13 55 82 36 64 42 39 32 51 50 15 43 40 10 60 66 87
20 39 15 55 64 32 40 41 65 43 42 51 57 66 82 13 36 60 50 6 56
20 65 15 50 64 57 13 10 42 39 40 36 6 66 51 60 82 43 41 32 23
20 15 42 36 64 65 82 39 50 6 40 60 43 57 51 32 10 55 41 13 86
20 82 32 57 6 15 10 64 36 55 51 41 42 65 40 43 39 13 50 60 58
20 13 55 65 40 41 6 10 32 43 64 39 42 60 51 36 50 15 66 82 72
20 50 39 15 13 43 51 55 66 40 57 41 82 64 10 42 60 32 36 6 28
20 6 13 65 42 51 36 32 41 43 57 40 55 15 39 66 50 82 60 64 46
20 10 51 40 57 39 13 66 41 64 43 55 50 42 82 15 65 36 6 32 97
20 42 6 64 65 51 41 50 36 13 82 43 39 40 60 57 66 15 55 32 63
20 82 41 64 6 66 10 36 15 60 57 55 50 42 32 40 65 43 13 51 93
20 42 60 64 65 43 57 39 32 66 50 10 13 55 36 15 41 82 40 51 28
20 42 6 64 65 15 82 43 36 51 66 41 50 40 57 13 60 39 55 32 20
20 66 10 6 41 64 60 39 15 32 57 40 65 55 51 13 36 50 42 82 53
20 65 82 36 13 60 64 51 39 57 42 15 32 66 10 6 50 41 55 40 72
20 41 57 43 15 42 36 82 32 51 13 65 60 40 64 39 50 55 10 66 25
20 39 42 51 6 55 32 66 82 41 40 10 57 15 64 50 43 60 36 13 31
20 13 32 50 36 57 60 65 15 64 55 82 41 43 6 10 40 39 51 66 46
20 60 13 57 32 64 51 65 10 66 42 40 43 6 15 39 82 41 36 50 99
20 13 32 65 64 39 57 42 50 6 60 55 40 82 43 51 36 66 15 41 30
20 57 64 36 42 50 66 15 40 39 55 41 82 51 10 60 6 43 32 13 91
20 55 50 57 32 13 42 40 10 39 41 43 65 15 66 60 51 64 36 6 58
20 15 50 13 57 55 10 65 41 39 40 64 36 6 51 32 42 60 66 82 70
20 51 40 64 15 42 50 43 10 39 65 41 60 82 6 55 57 36 32 13 53
20 13 42 10 64 15 55 50 36 43 65 41 6 82 40 32 51 57 60 39 69
20 51 15 42 36 39 60 13 82 64 6 66 65 43 32 10 50 57 41 55 89
20 6 57 32 42 82 39 15 10 13 65 60 40 55 64 51 66 43 50 41 25
20 60 65 51 13 32 43 41 39 15 66 64 57 82 36 42 6 55 10 50 67
20 15 40 43 10 39 64 6 41 66 13 42 60 51 36 50 65 55 57 32 33
20 65 36 50 41 13 82 64 32 51 39 6 55 10 57 66 40 15 43 60 28
20 65 51 55 39 36 60 50 32 10 66 64 15 40 42 41 57 6 82 13 83
20 60 32 39 36 57 42 66 65 13 40 55 82 15 51 10 50 6 43 41 67
20 41 82 10 66 60 55 39 64 50 42 32 65 57 40 13 15 36 51 6 58
20 39 40 64 15 66 10 13 50 51 6 82 60 32 41 65 57 42 43 36 38
20 60 50 36 39 10 66 40 6 51 65 64 41 13 55 32 43 42 82 57 34
20 66 10 64 60 32 15 39 82 42 40 13 51 43 55 6 36 50 57 65 22
20 50 10 40 64 15 41 32 6 42 43 55 60 57 36 51 66 82 65 13 44
20 15 36 82 39 13 40 43 6 41 57 51 32 55 10 60 50 64 66 42 93
20 43 82 32 66 40 65 10 41 15 50 6 39 42 36 64 60 51 55 13 100
20 41 39 6 57 32 51 55 50 64 10 43 36 42 65 82 40 15 66 60 90
20 6 57 65 51 41 39 15 66 42 60 40 10 36 50 43 13 32 55 64 78
20 13 40 60 51 65 50 42 36 57 6 10 64 39 66 55 32 82 15 41 27
20 43 40 60 6 36 50 57 66 13 15 42 39 32 10 55 41 64 65 51 67
20 65 39 64 50 60 55 57 51 15 82 6 42 10 36 13 66 43 40 41 8
20 13 15 55 60 51 57 50 32 39 64 42 6 82 36 10 65 66 40 43 8
20 55 15 51 57 13 82 42 6 39 60 10 43 32 66 41 50 64 40 65 46
20 43 13 39 10 82 57 65 40 64 15 51 50 60 66 55 42 36 32 6 20
20 65 15 42 39 57 41 55 66 36 40 82 6 13 51 10 43 32 60 64 3
20 64 43 10 13 60 36 40 65 51 39 82 32 57 15 55 66 6 41 42 85
20 13 65 10 50 6 15 36 51 32 39 42 43 66 82 41 64 57 40 55 22
20 39 66 42 82 32 6 13 36 41 51 15 57 60 50 55 40 64 43 65 58
20 13 40 36 65 10 6 82 39 66 60 51 41 42 55 43 50 64 57 32 11
20 40 13 41 39 43 32 82 65 10 50 51 64 57 6 42 15 60 55 66 84
20 57 6 64 40 39 66 82 15 36 55 42 50 10 41 43 60 51 32 65 68
20 60 36 51 13 55 66 32 50 15 57 65 6 10 41 42 39 82 40 43 11
20 65 55 51 10 40 39 41 64 42 13 82 66 15 32 57 6 50 36 43 24
20 43 6 51 82 40 39 42 32 41 55 13 36 66 15 64 50 60 10 65 83
20 65 64 10 40 50 82 15 60 39 43 51 13 66 36 32 55 41 6 57 20
20 57 50 66 43 41 39 32 15 51 36 64 40 82 6 60 42 13 65 10 1
20 36 65 13 39 41 43 55 6 64 66 42 60 32 82 57 10 50 40 51 58
20 43 57 32 41 15 36 10 66 60 65 50 39 55 64 82 13 6 42 51 71
20 42 36 55 43 65 41 50 66 13 51 60 6 39 82 15 57 40 32 10 81
20 66 40 65 64 36 42 51 13 50 39 10 43 57 55 60 82 15 41 32 96
20 32 43 65 36 39 42 51 60 55 82 41 15 40 10 6 64 13 50 66 24
20 10 51 41 66 60 64 82 36 6 39 42 13 55 15 50 32 65 57 40 29
20 51 32 36 66 10 41 40 64 6 13 39 50 57 42 43 55 82 15 60 5
20 32 36 50 66 39 13 6 41 55 64 10 40 60 43 65 82 15 51 57 48
20 42 55 15 60 13 6 64 51 41 10 82 40 66 43 65 39 57 50 32 36
20 32 60 13 51 10 42 55 64 57 15 36 50 43 66 82 39 65 6 41 54
20 43 57 55 82 42 32 65 36 13 66 41 39 51 6 15 40 64 60 50 31
20 13 36 65 6 55 57 41 15 64 10 42 32 40 50 66 39 60 43 51 63
20 43 50 82 10 64 55 6 60 57 66 42 65 40 15 51 13 32 39 36 61
20 36 41 13 82 65 60 10 6 40 51 55 66 50 64 15 32 57 43 39 48
20 39 66 32 64 60 65 13 50 40 6 57 15 42 82 41 43 51 55 10 97
20 64 39 57 32 65 55 10 51 40 13 66 60 6 36 15 41 42 50 82 47
20 57 82 64 43 60 65 15 36 51 32 6 55 39 40 10 13 41 66 42 49
20 57 43 41 32 82 50 51 55 64 39 65 40 42 13 66 36 6 10 15 68
20 42 66 65 51 50 40 15 55 82 32 41 39 43 10 64 13 60 57 6 47
20 50 15 66 36 13 42 32 43 57 39 6 64 60 82 41 10 65 40 55 83
20 32 64 60 42 39 82 65 41 6 50 13 40 57 51 15 55 10 36 43 23
20 64 60 32 41 40 57 42 50 36 55 13 66 39 6 10 65 43 82 51 98
20 66 57 55 65 43 64 60 6 82 10 32 13 15 36 42 41 51 39 40 34
20 41 6 42 66 10 32 15 64 82 55 36 40 13 50 39 60 65 51 43 68
20 65 15 42 66 39 50 6 36 32 40 43 64 10 60 82 57 41 51 55 86
20 50 82 10 66 6 60 51 36 43 39 40 65 15 32 42 64 41 55 13 56
20 15 40 6 39 51 64 36 32 10 66 82 41 65 42 55 13 43 57 60 2
20 41 82 65 40 57 51 50 32 60 13 64 43 66 39 6 42 55 10 36 1
20 42 40 39 66 6 32 82 65 41 60 36 50 43 64 57 10 15 55 51 63
20 39 82 65 64 15 42 36 43 32 50 13 66 6 41 51 60 57 40 55 47
20 40 60 66 36 6 10 13 41 50 57 65 42 32 82 64 55 43 15 51 4
20 55 36 15 82 41 42 40 60 32 51 39 6 57 13 10 43 64 50 66 33
20 82 15 36 13 50 55 6 41 60 39 65 43 51 40 10 64 66 42 32 4
20 50 82 13 32 6 57 60 10 51 41 55 42 15 43 36 40 66 64 39 17
20 10 41 50 82 42 36 57 15 43 39 60 6 40 32 64 55 65 66 13 93
20 6 15 41 43 60 55 40 10 36 50 32 13 65 57 39 82 51 42 66 72
20 82 15 6 51 64 60 32 65 39 43 41 55 42 10 36 50 40 57 13 1
20 57 40 42 65 13 39 36 82 10 32 6 41 64 43 60 66 15 55 51 69
20 40 60 6 50 13 66 41 64 32 82 65 55 43 57 15 39 51 42 36 67
20 51 60 50 36 39 6 65 10 43 15 32 57 82 66 13 64 41 42 40 83
20 6 60 15 64 10 13 51 55 36 50 43 42 39 82 40 65 41 66 57 59
20 6 66 41 40 43 36 64 39 60 82 51 15 55 42 13 10 50 32 65 22
20 50 55 57 43 66 15 6 51 65 39 40 64 41 42 32 10 60 13 82 54
20 51 40 65 41 43 10 64 55 15 42 66 50 82 13 6 32 36 57 60 74
20 50 65 40 55 41 82 57 43 6 64 60 66 51 13 42 32 36 39 10 47
20 13 57 66 6 64 40 10 65 32 42 43 41 39 55 50 36 82 15 60 12
20 15 60 51 43 42 65 39 36 82 10 66 57 40 55 13 32 64 41 6 30
20 43 66 40 82 42 10 60 57 65 50 15 36 51 32 13 39 55 64 6 81
20 82 13 55 15 36 64 6 32 42 65 41 57 43 50 66 39 10 40 51 73
20 82 57 64 40 15 65 42 13 41 66 39 6 50 10 60 32 43 36 51 80
20 60 82 6 43 65 51 39 32 66 64 55 15 13 42 41 50 10 57 40 22
20 10 66 43 32 55 15 41 13 60 39 64 6 57 50 82 65 40 51 36 29
20 64 60 36 65 40 13 51 66 42 55 15 32 6 82 43 50 57 10 39 85
20 65 36 6 50 13 32 39 40 55 60 64 82 15 42 43 41 51 66 57 96
20 65 82 64 57 32 66 10 36 6 39 41 40 13 15 51 50 42 60 55 19
20 15 6 43 40 57 42 55 36 32 60 41 82 65 39 51 10 66 13 50 92
20 10 36 39 6 50 64 57 42 60 65 43 40 15 55 13 66 41 51 82 72
20 6 55 13 41 42 32 36 82 39 64 60 65 15 40 51 43 57 66 50 77
20 40 39 57 55 36 15 50 13 42 60 51 64 65 32 6 43 41 66 82 84
20 32 82 50 42 39 41 51 64 66 40 43 15 65 55 57 6 36 60 10 97
20 42 55 50 43 57 10 64 65 41 13 40 6 15 66 82 51 32 60 39 31
20 57 39 13 42 41 15 40 60 51 36 64 6 32 43 65 82 55 50 66 7
20 60 51 55 50 39 41 36 10 40 82 15 6 43 66 32 42 13 64 57 19
20 10 36 66 15 60 64 57 43 82 41 55 50 65 32 6 39 42 40 13 88
20 6 41 36 55 65 32 10 60 43 39 64 51 66 82 13 42 57 40 15 26
20 55 32 39 65 36 57 66 82 41 6 10 13 43 51 60 64 50 40 42 99
20 13 64 50 36 32 42 65 39 60 43 15 66 82 41 10 40 51 6 57 34
20 55 64 66 57 51 50 65 40 15 6 42 10 13 60 82 41 43 36 32 92
20 43 65 10 39 51 55 41 82 6 15 40 60 50 36 13 57 42 64 66 87
20 13 36 60 43 51 64 10 57 66 32 50 42 82 65 55 41 15 6 40 33
20 29 6 54 79 76 87 10 30 68 20 23 81 28 84 48 89 99 17 80 88
20 68 28 87 54 20 48 60 80 99 10 79 23 30 76 29 81 6 84 89 58
20 17 30 81 99 20 28 48 79 60 54 80 29 87 76 89 6 84 23 10 32
20 6 89 54 87 20 30 81 60 99 29 48 28 23 76 68 80 84 10 79 64
20 28 89 23 10 79 54 6 99 81 60 48 30 29 84 87 20 17 76 80 67
20 23 89 79 87 6 60 48 10 76 84 81 54 99 20 29 68 28 30 17 51
20 17 6 99 89 48 87 28 20 10 80 23 84 54 29 79 81 30 68 60 64
20 23 54 76 28 80 84 79 87 20 89 29 30 81 99 10 60 17 6 48 64
20 30 79 60 29 89 54 80 81 84 28 23 48 17 10 76 6 20 99 68 3
20 81 54 89 20 48 87 68 28 10 76 17 23 79 99 29 6 30 60 84 22
20 79 17 60 81 89 48 76 30 29 10 6 20 84 23 28 99 54 68 87 73
20 23 54 76 10 84 87 89 99 28 48 29 20 68 6 79 30 17 81 80 34
20 87 17 6 48 84 89 60 29 30 81 79 23 28 76 68 20 80 99 10 56
20 10 48 79 23 89 81 68 6 80 20 99 30 84 17 28 60 76 29 87 72
20 81 84 29 99 76 60 10 20 6 79 48 68 87 23 28 54 30 89 80 97
20 28 60 79 30 6 99 17 68 20 54 81 29 48 23 87 80 84 89 76 63
20 68 30 23 81 89 76 80 54 48 84 28 10 29 87 60 79 6 17 20 42
20 87 84 23 48 20 81 29 17 79 54 99 60 76 80 68 30 10 28 6 7
20 29 89 84 54 17 48 68 28 23 30 20 87 80 60 99 81 79 6 10 53
20 76 6 80 29 17 54 84 79 60 87 99 81 89 10 23 68 28 48 20 69
20 99 10 84 81 76 29 6 68 89 23 20 60 28 80 87 54 30 48 79 9
20 20 6 54 10 28 48 76 81 79 30 84 87 60 99 89 23 29 80 17 71
20 20 54 80 23 79 48 89 17 60 68 28 10 76 87 84 6 99 81 29 14
20 89 60 80 30 17 79 28 23 87 10 20 48 99 84 6 68 81 54 29 85
20 89 29 76 10 60 6 48 80 20 81 30 68 84 79 87 17 54 99 23 92
20 28 80 60 20 89 99 76 10 48 54 79 81 30 29 23 68 87 84 17 46
20 81 84 29 28 80 30 60 48 10 76 20 6 54 68 23 99 87 17 79 15
20 99 84 20 79 29 10 30 81 54 23 89 48 60 76 17 87 68 80 6 13
20 84 54 28 79 29 30 99 68 10 60 80 81 17 23 89 76 87 48 6 56
20 84 29 79 28 17 68 80 6 87 81 99 23 76 30 10 60 89 20 48 12
20 54 6 84 79 48 29 10 20 87 81 99 17 68 28 23 80 76 30 60 71
20 76 99 60 81 48 87 84 29 68 89 20 80 10 30 17 28 6 54 79 72
20 20 84 89 76 30 80 6 28 87 79 23 48 17 60 99 54 81 29 10 91
20 76 20 60 54 23 10 17 30 79 29 80 89 99 6 48 68 81 84 28 94
20 76 29 68 60 17 28 80 84 87 79 6 81 23 30 54 99 48 10 20 65
20 87 29 84 28 48 60 89 20 79 68 30 6 76 80 10 81 54 17 99 4
20 76 84 68 17 81 80 28 54 10 99 87 60 23 20 6 29 30 79 48 11
20 20 28 10 99 81 84 68 30 76 89 29 17 54 60 6 87 48 79 80 11
20 81 89 30 17 20 54 80 28 84 99 10 48 60 23 87 79 76 6 68 33
20 54 17 89 48 30 80 10 79 76 20 29 81 99 6 84 60 28 23 87 18
20 81 17 10 76 60 48 30 79 68 89 54 20 29 80 87 84 6 28 23 93
20 30 81 6 76 54 48 28 87 23 84 17 10 89 68 80 99 29 79 60 59
20 84 29 48 80 79 20 10 87 28 60 81 99 23 54 68 17 76 30 6 13
20 80 79 29 81 60 48 28 84 87 89 6 17 20 23 10 30 68 54 99 18
20 89 20 87 79 54 60 76 99 28 84 30 6 29 48 81 68 17 80 23 85
20 89 23 79 80 29 87 17 99 48 28 60 30 54 68 20 10 76 81 84 100
20 30 84 79 23 17 54 20 80 81 48 60 76 10 68 99 29 28 6 89 43
20 84 76 6 99 17 54 29 30 48 87 10 20 60 81 80 23 89 68 28 90
20 60 99 48 87 89 54 10 76 81 79 80 20 23 17 28 6 29 30 68 5
20 6 28 60 48 99 89 54 20 80 29 76 17 23 30 84 87 68 81 10 45
20 60 68 6 79 89 30 29 17 80 87 54 23 10 84 99 81 48 20 76 55
20 79 23 17 68 28 99 6 89 80 60 48 10 84 81 20 76 29 30 87 4
20 23 17 79 6 76 30 68 87 20 48 99 84 81 28 54 80 29 10 89 69
20 68 54 60 81 79 23 99 29 48 30 6 28 80 76 87 20 17 10 89 51
20 76 84 20 60 79 23 10 6 54 17 80 30 68 81 99 48 29 89 28 62
20 89 10 99 81 17 60 87 79 30 84 29 80 76 23 28 54 48 6 68 64
20 60 54 30 99 48 80 6 68 20 81 84 79 89 87 29 23 76 10 17 25
20 79 23 20 80 10 68 28 17 84 29 60 99 89 6 87 81 30 48 76 54
20 6 30 87 81 89 10 84 48 23 28 99 17 54 68 20 79 80 76 60 53
20 79 29 23 80 84 54 17 28 89 30 81 99 60 87 76 48 6 68 10 34
20 87 99 79 81 28 84 48 20 17 68 10 30 23 80 54 6 60 76 89 58
20 80 79 20 87 30 6 48 17 84 76 81 68 89 60 23 10 29 54 28 88
20 23 48 10 54 60 68 17 81 76 20 30 28 79 84 99 6 29 89 80 32
20 29 20 6 28 99 48 79 80 84 87 30 60 76 68 81 17 89 54 23 97
20 84 17 29 79 80 54 20 81 6 60 76 68 28 30 99 87 48 89 10 100
20 76 89 23 10 87 17 80 60 28 29 81 54 99 79 20 48 6 84 30 75
20 23 48 76 29 80 54 60 68 87 6 20 30 84 99 81 89 10 79 17 52
20 60 17 84 29 48 76 80 81 28 87 68 10 20 54 6 23 99 79 30 5
20 17 76 28 99 29 48 89 6 87 20 60 81 79 54 68 23 84 30 10 92
20 29 30 23 87 76 20 28 10 89 79 80 6 54 81 99 68 60 84 48 7
20 48 89 87 23 68 84 29 81 20 99 10 17 76 28 30 54 60 80 6 86
20 89 84 20 81 80 76 79 60 87 30 29 48 54 68 99 28 6 10 23 69
20 20 10 80 99 48 6 87 89 30 81 68 84 23 28 54 29 60 17 79 38
20 54 48 60 99 17 84 80 23 10 30 28 79 89 76 68 81 20 6 87 56
20 79 23 87 76 17 48 89 54 6 60 20 68 10 99 81 80 84 29 30 66
20 30 20 48 10 29 99 87 28 17 79 68 54 60 80 89 81 23 6 84 72
20 79 60 23 87 54 99 29 81 76 20 84 68 30 48 10 6 89 28 80 19
20 23 81 20 87 17 28 48 6 54 68 80 76 60 29 30 99 89 10 79 36
20 89 48 80 29 23 87 28 17 99 84 76 10 60 30 20 68 54 6 81 61
20 48 87 84 81 10 79 30 17 54 60 20 23 80 28 29 89 68 6 99 97
20 84 17 60 28 81 48 76 6 79 23 20 80 68 30 54 89 10 29 87 74
20 76 79 48 81 20 23 87 80 54 10 28 89 84 68 17 6 60 30 29 100
20 81 60 28 89 79 80 68 99 23 84 10 76 6 54 30 87 17 48 20 2
20 68 54 28 89 87 81 48 60 20 99 17 29 10 30 84 80 6 79 76 63
20 84 89 6 48 76 10 20 54 87 23 29 60 17 68 81 30 79 28 80 59
20 30 48 17 6 23 80 60 28 79 84 10 29 99 20 87 68 81 89 54 38
20 6 10 84 79 81 87 30 60 54 89 76 29 48 68 23 17 20 80 99 70
20 54 79 84 99 80 20 10 29 6 89 87 60 23 17 48 68 81 28 76 74
20 29 81 17 48 20 68 80 28 23 76 54 79 6 60 30 89 87 10 99 52
20 76 60 80 68 28 89 87 81 10 54 99 84 29 23 20 30 48 17 79 4
20 54 89 87 76 81 80 84 20 99 28 60 6 17 10 29 23 79 30 68 11
20 6 28 29 79 54 20 10 87 76 89 60 30 80 17 81 99 84 68 23 83
20 54 30 81 87 68 29 99 10 6 76 84 60 48 23 80 17 20 28 79 36
20 10 80 29 79 81 48 30 87 89 60 84 99 76 23 6 54 20 17 68 95
20 17 10 20 28 99 80 81 30 79 87 84 76 89 54 48 60 23 6 29 67
20 89 68 48 30 54 60 84 79 6 29 87 80 23 17 20 10 76 28 99 12
20 10 84 6 30 20 29 23 60 79 80 81 87 48 28 54 99 17 76 68 92
20 81 48 80 17 87 6 84 30 20 76 60 68 28 29 54 10 79 23 89 47
20 76 68 30 48 81 6 20 84 29 54 79 87 89 80 17 60 28 23 10 92
20 87 23 76 80 99 89 81 10 84 79 54 17 48 28 29 60 6 20 30 38
20 28 30 89 17 10 81 6 60 68 20 84 99 23 29 79 48 76 54 87 43
20 48 23 30 6 28 87 76 99 54 84 81 79 89 68 17 29 10 20 60 25
20 79 87 68 20 48 28 89 29 60 54 17 6 10 30 76 99 23 84 80 62
20 79 84 60 81 23 20 48 28 6 54 68 29 87 10 89 30 99 80 76 72
20 89 80 79 30 84 20 29 87 81 6 48 17 76 68 99 54 28 10 23 58
20 48 6 99 20 80 81 30 84 10 76 29 87 60 79 28 68 54 17 89 3
20 60 87 76 80 84 54 68 6 99 29 10 79 30 89 23 28 81 20 17 48
20 87 89 79 99 20 10 23 48 60 17 28 29 6 76 68 80 54 81 84 49
20 84 30 17 87 89 99 79 60 68 20 81 80 48 10 76 28 6 54 23 34
20 10 99 81 79 48 54 76 6 20 84 60 28 87 17 89 29 68 23 80 75
20 80 76 79 48 81 30 60 54 84 6 28 68 23 20 87 10 29 99 89 31
20 54 6 23 99 20 89 79 48 84 76 29 30 87 80 68 28 17 10 81 98
20 84 89 20 6 29 79 30 48 87 80 23 68 99 76 60 10 17 54 81 57
20 20 76 30 54 89 79 29 6 80 23 87 99 68 10 84 60 81 48 28 47
20 79 81 80 54 48 60 30 87 17 10 23 84 6 68 89 28 20 76 29 78
20 30 89 80 68 76 29 81 23 60 28 10 87 20 79 99 17 48 84 54 42
20 68 20 10 89 60 54 6 99 84 79 87 80 81 76 29 23 28 30 48 9
20 10 28 48 79 84 20 29 60 23 80 6 54 87 89 30 76 99 17 68 37
20 99 87 80 60 79 48 29 54 81 84 6 89 30 76 10 28 68 20 23 2
20 30 81 68 28 99 54 84 20 80 48 17 23 29 87 76 6 79 60 10 22
20 17 48 20 23 87 30 80 81 60 79 10 76 99 29 84 68 89 28 54 52
20 10 84 60 30 79 87 81 20 99 17 68 54 89 23 48 80 76 28 6 77
20 84 20 76 80 10 23 30 89 81 54 99 28 60 48 29 79 87 17 68 43
20 28 79 10 84 23 76 48 81 30 89 68 87 60 17 54 80 20 29 6 77
20 10 60 68 76 81 89 23 17 30 6 20 28 80 29 79 48 54 87 99 73
20 80 87 79 29 99 89 20 30 28 76 81 23 17 68 6 10 84 54 60 52
20 89 76 79 20 87 80 28 29 99 54 60 81 30 68 6 23 48 10 84 95
20 29 10 30 79 60 81 28 54 84 23 48 80 99 17 89 87 68 76 6 51
20 48 30 54 17 84 89 79 60 76 23 80 10 20 29 99 28 81 6 68 8
20 60 23 80 29 84 87 89 20 6 30 99 68 54 28 76 81 17 79 48 15
20 89 99 17 6 84 29 87 10 28 23 60 20 81 79 68 30 48 80 54 26
20 68 60 30 29 80 17 10 89 79 23 87 28 48 20 54 76 6 99 81 24
20 89 84 80 60 79 99 54 76 23 87 68 30 17 6 81 20 48 28 10 69
20 23 79 20 48 6 29 30 60 80 17 10 84 76 89 54 81 68 99 28 36
20 60 29 54 84 79 48 80 87 20 89 28 76 17 68 81 99 10 30 23 15
20 87 76 68 99 48 89 84 30 23 79 10 60 54 20 6 81 28 80 17 91
20 80 76 28 87 20 23 17 29 89 54 99 60 81 68 79 48 30 84 6 77
20 60 99 17 89 10 20 87 68 80 76 54 79 6 28 84 81 29 30 23 1
20 29 80 79 10 89 84 99 76 81 54 60 6 48 20 68 17 87 23 30 1
20 48 79 17 81 10 60 87 99 20 23 29 28 80 54 6 30 76 89 68 62
20 6 68 81 89 10 20 80 76 28 54 99 79 17 48 30 87 23 29 60 5
20 68 30 80 10 99 79 76 60 48 89 84 29 87 17 23 54 81 20 28 18
20 99 81 30 80 76 28 79 10 84 17 68 48 23 29 89 54 20 60 6 94
20 54 48 60 30 28 68 81 99 6 20 80 10 79 23 17 87 76 84 29 65
20 79 80 81 54 84 48 6 17 10 89 76 20 29 87 60 99 30 68 23 45
20 54 10 17 48 6 29 20 60 87 30 79 99 80 23 76 81 68 28 84 27
20 76 29 6 30 89 87 60 23 84 10 81 54 17 28 68 48 80 20 79 3
20 10 79 20 76 6 81 28 99 54 23 87 30 68 17 29 89 60 48 80 96
20 68 10 23 84 6 99 60 79 76 81 28 30 48 54 20 80 29 17 87 88
20 48 30 10 29 81 84 99 17 6 28 68 89 54 80 87 23 60 20 76 25
20 99 89 28 87 76 54 80 6 60 81 79 68 30 29 20 23 48 17 10 64
20 28 81 84 99 87 23 20 79 48 30 17 80 29 6 89 76 54 60 68 61
20 30 80 87 48 79 6 20 60 81 99 10 76 17 68 29 28 23 84 54 4
20 48 87 76 79 28 20 81 84 10 30 60 54 99 89 6 29 17 80 68 64
20 76 54 60 89 99 84 28 68 23 17 80 87 79 20 10 81 30 48 29 9
20 68 30 60 17 84 23 99 6 89 29 54 79 10 81 80 48 87 28 20 55
20 80 68 48 60 84 81 87 76 10 28 89 17 23 20 29 99 79 30 54 33
20 84 29 68 30 10 60 54 87 80 23 17 48 99 79 76 20 89 81 28 72
20 30 87 10 84 48 23 17 79 6 60 68 76 89 54 81 80 28 99 29 9
20 17 60 80 68 89 6 87 79 28 48 54 10 20 30 76 99 23 81 29 69
20 17 76 10 54 68 84 20 6 23 30 48 79 87 80 60 81 28 99 89 5
20 84 99 29 79 17 54 68 60 10 23 48 6 80 76 20 30 81 89 87 26
20 80 29 87 79 68 54 30 76 23 17 81 60 6 20 10 89 84 28 99 69
20 76 68 84 87 10 80 99 60 29 17 81 89 54 6 30 28 48 20 23 75
20 87 60 76 10 89 23 80 6 17 79 48 81 54 30 29 28 20 99 84 56
20 48 6 81 68 76 29 80 28 84 10 20 30 89 23 60 17 99 87 79 92
20 76 81 99 23 68 48 29 6 80 17 20 30 10 79 84 89 28 60 54 49
20 23 54 30 84 48 6 76 99 80 29 89 68 79 87 60 20 81 17 10 83
20 81 48 54 10 68 89 30 79 80 28 99 87 23 20 17 76 60 84 6 35
20 84 80 89 28 17 76 79 99 10 60 54 29 6 23 30 48 68 20 81 1
20 79 87 80 89 76 30 48 54 29 68 10 28 60 17 84 20 99 6 23 82
20 81 89 29 68 10 6 30 87 84 20 54 76 23 28 79 99 60 48 80 8
20 60 28 48 87 23 89 10 81 29 68 20 17 6 76 54 84 30 80 99 22
20 89 87 17 48 6 79 84 30 10 99 28 29 60 20 81 80 76 68 54 52
20 68 20 80 6 29 84 89 79 48 30 87 10 17 23 28 81 60 99 54 31
20 84 48 87 6 20 81 54 10 23 76 29 60 99 79 89 68 30 80 28 40
20 89 29 48 79 84 28 10 80 54 87 76 60 68 20 6 81 17 99 23 43
20 80 76 30 60 87 29 48 79 17 89 84 10 6 54 23 28 81 20 68 35
20 54 6 10 76 87 60 29 23 99 17 28 80 81 84 20 30 68 79 89 53
20 99 48 17 80 68 79 54 23 29 81 87 30 10 28 76 60 84 89 6 21
20 10 81 17 68 80 89 60 23 84 99 6 48 79 76 87 28 29 54 30 4
20 48 79 54 17 84 6 29 20 81 28 87 89 68 80 60 99 10 76 30 57
20 29 80 17 10 99 54 60 20 48 6 87 23 79 76 89 30 28 68 81 36
20 10 79 89 30 87 29 54 60 17 99 23 20 76 6 81 68 48 28 80 93
20 87 89 81 99 6 80 79 30 48 10 23 54 76 28 20 68 17 60 84 21
20 20 17 28 30 68 87 10 29 99 48 23 76 54 6 89 80 84 81 60 38
20 54 30 81 79 29 76 87 20 68 28 84 10 17 99 6 60 89 80 23 92
20 48 60 89 30 28 6 23 87 54 68 79 10 80 99 17 81 20 29 84 74
20 17 81 6 99 23 10 60 76 89 79 28 30 48 54 84 68 20 80 29 14
20 10 80 30 20 29 89 48 79 99 81 60 28 84 17 68 54 23 87 6 36
20 84 89 17 10 6 79 30 76 28 99 60 68 80 87 29 23 48 54 81 24
20 76 99 17 23 89 20 48 84 29 80 10 54 79 87 28 30 81 68 60 45
20 6 89 79 23 99 87 10 68 30 54 29 28 48 80 20 76 17 84 60 73
20 54 76 20 30 80 89 17 6 79 28 68 60 10 99 29 84 81 87 23 95
20 48 17 10 84 54 80 89 87 20 30 60 68 29 99 23 79 6 81 76 77
20 81 60 80 54 87 68 20 28 84 23 29 99 17 79 76 30 6 10 48 37
20 23 60 48 68 29 20 87 80 76 84 79 6 17 99 54 81 10 89 28 69
20 23 84 20 89 76 81 68 10 48 28 60 54 6 29 80 30 17 87 79 85
20 84 17 89 48 28 54 80 81 79 76 99 10 30 23 20 68 6 60 29 71
20 87 79 99 28 48 84 29 17 6 81 76 20 80 10 60 54 23 30 89 74
20 29 23 48 84 6 80 79 68 17 54 60 89 99 76 28 87 30 81 10 5
20 84 99 6 28 79 76 80 54 60 17 29 30 89 48 81 20 10 68 87 43
20 79 17 20 60 80 89 81 29 48 6 87 84 54 76 23 99 68 30 10 94
20 89 23 30 20 79 76 28 6 84 17 68 60 81 10 99 54 29 48 87 45
20 79 20 81 99 54 68 80 6 76 28 17 48 89 30 29 10 87 23 60 56
20 76 17 87 28 84 68 6 10 60 30 54 80 89 29 48 81 79 23 99 94
20 29 87 89 30 28 23 81 48 80 54 60 17 20 79 68 84 10 99 6 50
20 99 28 84 54 80 60 23 89 30 87 6 68 48 79 76 17 10 81 29 62
20 17 48 99 68 76 87 28 6 10 20 23 54 81 80 79 84 89 60 30 37
20 81 30 68 20 87 29 99 89 79 80 10 76 84 28 17 23 6 60 54 100
20 54 89 84 76 17 20 80 87 48 28 30 68 6 10 99 81 29 79 60 18
20 84 17 81 99 79 87 23 48 80 29 28 6 10 68 60 76 20 30 89 33
20 30 87 6 76 84 29 48 89 20 68 54 60 81 80 28 99 23 10 79 65
20 48 80 87 84 79 17 99 60 23 28 81 68 20 30 10 6 54 29 89 56
20 17 60 54 29 23 20 87 48 99 10 28 68 80 89 81 30 76 84 6 3
20 80 60 99 10 87 23 81 54 6 20 79 30 17 89 28 68 29 84 48 69
20 76 54 20 68 79 23 6 99 28 29 30 80 89 60 48 84 10 81 87 3
20 76 84 54 10 79 81 68 87 30 6 23 89 80 48 20 29 60 99 28 69
20 99 79 23 10 76 28 87 68 80 30 89 54 84 20 81 29 17 48 6 55
20 29 89 76 99 10 30 23 68 6 79 80 60 54 81 20 28 87 84 17 88
20 76 60 30 84 79 80 20 17 28 23 68 29 87 6 48 81 89 99 54 58
20 17 54 23 76 48 84 79 80 6 68 89 28 99 30 20 81 29 10 87 95
20 81 79 54 68 20 80 84 76 30 28 10 17 48 87 89 29 6 60 23 32
20 28 54 60 68 17 80 20 30 84 23 99 48 29 89 81 10 76 87 79 70
20 80 76 17 84 28 60 30 81 29 23 10 48 54 87 89 99 79 6 20 49
20 80 20 23 99 10 84 81 17 79 68 87 48 6 30 54 60 29 76 28 89
20 54 20 99 30 17 10 6 89 23 79 87 76 81 84 80 28 29 48 60 68
20 99 79 29 10 81 20 30 28 54 23 84 17 60 89 6 76 48 87 80 66
20 99 84 79 54 6 48 60 20 28 10 76 29 80 17 30 23 68 87 89 78
20 99 79 68 17 54 60 30 48 87 20 23 29 81 28 10 76 89 80 84 78
20 87 76 6 30 84 23 89 28 48 60 20 68 17 80 79 81 10 99 54 52
20 81 68 30 79 6 48 29 87 54 89 28 20 99 84 10 60 76 80 23 9
20 68 30 60 10 89 17 84 28 29 80 54 99 20 6 79 81 23 87 48 55
20 29 30 10 79 99 6 20 60 80 68 54 48 17 89 87 84 81 28 76 7
20 99 20 48 10 6 68 60 89 80 84 54 79 87 17 76 23 30 28 81 58
20 10 28 20 23 30 87 54 84 48 76 80 81 60 6 79 68 89 99 29 27
20 54 10 81 30 89 87 68 20 28 6 99 79 80 29 60 48 76 23 84 15
20 80 17 89 20 28 29 6 54 60 76 10 30 87 84 48 81 99 68 79 9
20 6 48 87 81 84 76 20 99 68 60 79 28 10 29 80 54 30 89 23 52
20 84 89 48 29 17 20 60 76 79 10 23 54 28 30 80 87 81 99 6 74
20 87 28 23 80 84 17 10 48 81 89 20 79 68 6 54 99 76 60 30 77
20 17 87 84 79 29 80 10 28 76 30 54 6 23 60 20 68 81 48 99 44
20 20 68 29 76 81 89 28 79 10 30 23 60 48 54 99 80 87 6 84 78
20 30 79 84 20 68 28 48 80 54 81 23 6 87 17 99 76 89 29 10 1
20 54 68 89 80 17 29 6 48 81 76 30 10 28 84 99 20 60 79 87 7
20 20 48 29 28 79 23 54 84 10 89 30 76 87 60 81 6 17 99 68 88
20 10 68 28 29 23 81 30 99 80 6 89 20 87 76 48 84 60 79 17 50
20 10 6 76 28 68 30 79 29 60 84 17 20 23 48 80 54 89 81 87 22
20 23 54 60 89 10 87 76 30 48 99 28 6 68 29 84 81 17 79 80 8
20 81 10 20 23 76 80 17 68 28 87 79 29 30 60 54 89 99 48 6 35
