2000 900 5
10 47 401 570 830 142 749 836 347 598 593
10 36 813 564 487 799 334 308 279 470 613
10 30 460 787 233 161 449 858 679 516 695
10 20 210 746 780 564 520 494 209 186 794
10 15 850 732 540 588 790 823 646 359 655
10 27 142 155 387 216 401 605 393 716 395
10 47 200 555 669 570 646 441 833 781 530
10 85 169 822 644 517 439 299 206 499 147
10 119 863 682 449 212 781 744 526 730 833
10 100 634 317 646 748 452 222 562 783 288
10 125 383 734 485 878 358 245 187 630 318
10 74 524 648 188 566 391 405 190 643 374
10 97 180 734 790 343 833 864 706 508 680
10 30 392 649 615 833 347 695 230 776 774
10 31 747 690 451 878 897 247 217 418 576
10 12 758 300 635 820 714 718 818 472 157
10 114 875 153 180 306 746 505 837 314 795
10 55 442 207 485 349 801 144 270 466 412
10 107 353 549 257 412 858 666 659 852 194
10 109 273 151 540 601 761 159 732 523 859
10 74 534 608 528 706 649 495 831 519 791
10 17 679 392 249 464 630 298 675 553 744
10 28 645 692 580 377 880 733 854 639 343
10 24 838 854 848 633 459 584 427 431 340
10 86 833 235 668 218 245 282 673 893 777
10 109 471 616 757 862 851 848 897 813 603
10 123 395 874 503 178 849 622 643 699 671
10 89 149 864 303 683 152 278 856 201 493
10 51 352 888 163 415 141 670 557 900 803
10 81 285 708 682 783 755 286 274 627 858
10 96 608 557 533 623 368 584 254 448 511
10 12 650 161 823 431 679 226 152 581 385
10 29 289 347 546 479 444 812 701 624 321
10 95 638 144 793 317 247 616 348 723 390
10 70 396 522 857 778 447 706 823 349 659
10 119 339 187 625 327 718 161 785 581 211
10 15 154 194 307 804 226 338 496 381 773
10 52 774 498 221 404 347 477 137 667 542
10 102 389 442 619 309 702 570 778 808 502
10 53 695 479 601 895 506 138 419 452 249
10 61 855 210 569 673 397 541 642 495 361
10 5 892 440 842 188 773 697 318 611 264
10 124 220 304 283 876 864 490 547 406 142
10 122 654 309 889 780 222 289 649 880 512
10 134 167 540 309 396 677 887 712 820 334
10 42 475 652 539 575 392 771 295 788 211
10 28 699 833 740 546 855 768 675 499 464
10 118 658 427 463 676 482 215 830 203 247
10 120 311 636 770 314 481 799 359 874 716
10 49 559 789 204 305 547 529 630 379 381
10 76 772 193 365 719 484 787 509 426 745
10 101 669 169 708 783 801 605 813 836 791
10 49 459 408 415 853 518 897 433 156 289
10 50 833 474 484 381 869 733 846 691 514
10 118 244 809 708 482 893 255 679 493 624
10 7 253 545 140 152 648 472 367 696 360
10 75 587 208 198 389 735 263 794 896 139
10 13 342 186 470 723 842 170 848 872 487
10 16 308 894 452 588 258 824 457 447 524
10 97 766 303 724 668 729 367 419 607 600
10 40 835 749 527 327 384 175 859 388 655
10 86 273 718 286 548 664 703 218 621 464
10 48 358 356 255 652 812 890 543 414 288
10 73 450 848 224 404 805 663 600 548 425
10 7 297 590 258 399 307 750 663 586 654
10 133 541 807 689 321 218 282 872 412 410
10 61 763 611 491 802 794 690 899 882 720
10 52 501 274 142 451 311 542 532 242 544
10 30 318 898 528 779 851 554 899 169 568
10 77 199 350 323 242 521 844 737 474 828
10 15 809 342 669 285 425 441 308 577 469
10 90 281 371 356 607 852 341 297 462 707
10 69 692 753 878 837 186 360 399 387 176
10 24 170 801 717 460 177 624 557 430 873
10 1 408 848 453 194 151 501 855 187 430
10 48 173 182 844 715 462 349 196 405 567
10 5 883 254 339 322 590 448 871 558 401
10 93 305 613 717 143 879 413 549 747 146
10 37 499 886 709 549 642 757 860 665 156
10 53 228 159 562 441 236 674 675 331 215
10 123 775 583 484 149 667 556 654 226 796
10 11 531 449 672 786 776 321 794 204 893
10 74 343 388 791 708 587 560 711 201 393
10 118 237 214 502 611 437 702 721 172 262
10 94 751 174 169 525 883 755 175 349 343
10 7 597 167 280 237 187 832 244 545 347
10 117 578 369 180 484 798 247 668 619 406
10 18 691 637 600 449 221 736 339 565 483
10 52 793 742 628 481 340 401 307 767 331
10 26 754 714 681 264 600 719 258 622 438
10 40 236 786 597 691 444 272 480 347 507
10 103 546 372 739 400 302 715 798 215 670
10 13 469 852 492 522 654 720 517 140 555
10 13 839 143 476 618 672 845 855 851 576
10 50 194 178 817 213 345 286 769 153 710
10 66 641 838 391 190 372 170 765 159 516
10 24 218 365 854 268 557 324 245 881 356
10 97 879 808 456 891 155 370 423 594 308
10 97 635 739 494 199 814 801 588 237 292
10 111 474 315 357 826 791 848 703 832 360
10 128 159 649 351 758 836 731 175 540 353
10 77 256 268 723 171 505 708 898 663 590
10 59 653 278 459 228 197 844 607 511 246
10 17 320 604 872 438 185 724 597 509 669
10 112 897 290 353 182 477 623 659 260 648
10 42 581 682 686 756 786 840 196 770 855
10 54 553 254 577 168 641 174 184 500 208
10 81 583 582 429 157 537 894 757 720 705
10 86 384 599 283 435 530 818 242 809 158
10 47 241 778 721 176 586 610 680 271 427
10 40 407 317 202 459 874 261 468 418 553
10 133 654 775 524 898 491 402 769 198 742
10 134 507 348 814 884 627 177 395 636 791
10 3 331 169 787 714 560 503 848 507 256
10 49 837 417 731 501 787 437 273 542 856
10 18 759 634 708 297 445 577 514 490 824
10 110 500 816 640 754 839 748 879 520 193
10 9 669 408 473 490 173 899 710 193 786
10 133 885 684 186 597 755 257 241 237 310
10 18 395 167 406 625 306 615 790 693 554
10 47 808 240 698 304 530 854 443 629 728
10 80 288 287 385 174 444 428 881 296 367
10 132 141 643 745 839 881 568 600 447 866
10 134 374 863 344 452 540 713 689 799 525
10 112 279 770 593 173 269 533 761 240 516
10 65 216 356 898 743 381 305 641 292 583
10 9 528 708 505 610 313 693 321 226 470
10 12 278 145 590 576 161 319 599 182 719
10 53 778 190 711 345 402 421 803 212 571
10 134 310 713 499 621 177 491 809 749 666
10 3 258 821 641 414 347 789 863 263 728
10 44 832 640 900 668 190 652 233 879 591
10 114 899 319 177 822 813 896 750 577 814
10 39 890 282 587 793 435 461 857 409 868
10 106 214 740 540 348 415 265 178 770 796
10 31 331 862 746 760 741 363 393 591 574
10 50 148 582 444 368 687 510 622 759 229
10 121 577 529 377 344 470 834 192 232 280
10 97 454 409 298 819 563 262 235 389 277
10 51 643 667 288 748 342 194 534 787 406
10 97 272 157 438 743 792 223 455 188 651
10 22 504 802 502 382 536 422 580 508 814
10 5 678 884 158 837 495 450 851 157 590
10 121 269 154 815 459 638 668 654 229 507
10 63 639 573 239 674 372 194 307 525 849
10 15 541 599 857 561 377 550 758 832 819
10 114 151 874 158 250 145 152 766 433 768
10 55 339 532 585 367 758 752 417 234 878
10 23 646 176 791 214 829 295 412 162 248
10 124 764 526 144 563 868 668 884 348 642
10 48 174 857 664 499 313 900 345 349 324
10 24 309 883 511 834 308 151 584 439 427
10 84 172 723 546 232 304 430 328 310 488
10 72 865 233 670 418 224 396 843 198 881
10 98 580 613 233 362 858 427 438 214 159
10 117 835 275 781 802 366 382 345 570 889
10 81 283 577 412 203 300 421 321 753 763
10 122 169 370 448 733 830 310 845 366 728
10 45 867 176 481 377 277 600 779 204 160
10 66 561 861 254 669 602 240 448 724 241
10 117 426 401 235 656 472 187 811 439 502
10 109 444 345 395 577 825 688 881 759 589
10 20 569 828 250 264 635 178 378 410 654
10 18 299 160 492 655 439 484 171 572 648
10 58 335 858 677 275 410 815 177 328 774
10 104 359 165 670 212 517 858 820 227 704
10 115 138 858 878 703 804 569 415 295 159
10 57 182 883 344 799 612 367 877 150 792
10 18 339 471 311 571 513 773 246 146 541
10 124 703 860 625 258 869 186 779 472 893
10 31 801 151 538 539 250 763 357 584 579
10 50 147 264 764 875 656 238 329 698 225
10 115 148 305 321 481 395 424 277 585 832
10 45 859 389 541 576 799 715 871 505 165
10 16 746 863 290 806 388 810 340 832 269
10 110 446 349 197 418 605 824 493 153 794
10 11 549 654 778 531 212 227 591 367 311
10 99 775 789 495 295 869 396 648 504 293
10 64 669 236 411 385 283 222 777 718 874
10 38 808 505 692 699 250 844 643 891 412
10 60 225 446 635 572 326 214 244 136 404
10 93 491 436 359 628 570 853 408 528 761
10 13 368 360 849 731 259 730 653 337 637
10 9 503 449 536 677 631 415 345 350 576
10 130 800 552 885 474 860 258 803 607 889
10 118 717 446 371 305 665 152 546 221 720
10 36 376 337 289 340 354 292 752 149 505
10 25 526 417 342 415 234 671 454 717 349
10 10 467 793 256 540 469 244 296 850 648
10 55 657 286 580 321 146 550 818 578 870
10 28 701 322 835 446 534 842 687 567 170
10 105 254 768 350 529 422 281 563 535 162
10 57 763 823 472 817 497 137 552 708 375
10 23 178 210 735 152 634 462 555 480 172
10 37 588 806 753 506 698 740 865 278 364
10 21 445 221 773 666 289 602 462 878 531
10 38 818 880 708 600 457 155 696 670 407
10 100 204 412 401 819 287 239 244 205 856
10 127 425 859 378 495 532 416 653 877 527
10 39 707 335 769 464 229 568 355 765 772
10 64 243 877 885 352 729 638 876 138 494
10 91 609 180 139 309 689 226 199 244 200
10 85 432 422 499 151 523 899 199 868 741
10 39 680 511 843 542 778 429 730 269 248
10 20 270 234 679 802 337 854 650 782 524
10 69 310 165 381 628 872 601 319 552 222
10 105 784 354 439 372 563 145 672 552 859
10 10 384 468 647 182 503 817 336 267 487
10 34 307 659 306 860 527 340 292 728 346
10 12 436 144 440 484 718 476 648 639 602
10 100 707 783 597 572 367 198 747 652 621
10 13 785 623 255 588 224 189 426 548 642
10 80 246 498 240 846 582 459 620 394 615
10 92 754 398 446 654 794 175 716 225 522
10 28 593 443 484 470 864 670 413 620 486
10 9 877 172 490 263 594 228 611 668 851
10 70 199 430 159 547 548 549 190 756 607
10 48 753 552 318 505 347 607 448 292 827
10 104 331 544 308 721 139 706 492 557 760
10 111 686 282 265 588 734 713 688 663 249
10 81 663 628 896 848 826 738 493 844 466
10 26 759 459 575 761 653 227 442 735 782
10 126 599 403 793 472 678 508 795 660 466
10 106 614 260 639 631 735 330 215 593 163
10 20 857 554 505 641 530 855 430 847 444
10 7 377 553 738 304 447 797 264 879 513
10 106 395 328 705 329 455 884 220 369 469
10 13 268 664 464 187 175 557 143 819 482
10 81 609 566 539 588 170 223 868 825 789
10 6 673 777 734 489 511 842 820 246 263
10 113 286 744 555 564 732 407 574 377 529
10 128 469 885 210 336 427 604 572 164 151
10 75 490 798 644 142 304 324 732 557 876
10 35 666 175 884 703 889 727 821 663 359
10 116 893 432 778 750 712 571 728 187 517
10 83 658 557 308 688 789 386 430 356 569
10 63 775 418 731 724 572 543 738 851 678
10 128 647 587 396 565 160 197 155 887 151
10 37 783 574 372 193 657 278 306 415 684
10 54 636 224 269 513 884 831 405 621 713
10 20 896 466 176 792 492 373 350 717 210
10 26 355 411 821 429 521 309 588 223 176
10 41 701 184 675 314 865 656 771 151 662
10 83 466 776 504 712 769 335 569 403 493
10 106 435 631 213 440 581 832 256 450 324
10 94 828 419 478 517 237 506 618 549 386
10 132 513 647 315 765 285 475 243 332 303
10 129 311 832 173 273 657 600 467 537 369
10 63 337 535 270 309 420 817 212 843 662
10 122 829 269 708 377 769 496 753 750 333
10 95 235 347 855 780 237 875 662 751 695
10 70 297 549 897 892 708 807 212 619 568
10 132 799 208 800 606 396 457 439 610 413
10 101 153 600 485 352 661 568 804 537 154
10 86 301 745 218 653 183 550 590 225 277
10 26 584 851 701 562 402 438 867 178 655
10 122 459 400 408 158 280 205 493 416 393
10 37 677 826 248 287 431 479 829 637 536
10 66 711 318 591 407 147 565 869 498 671
10 24 355 867 461 657 897 824 546 222 538
10 42 411 747 625 716 801 751 276 870 236
10 93 392 344 316 189 729 258 659 263 236
10 62 461 609 549 708 567 607 457 294 467
10 32 213 383 848 370 468 594 197 651 662
10 28 774 587 351 152 828 579 647 360 535
10 47 287 716 756 787 302 390 498 886 162
10 75 743 390 705 859 528 500 376 225 776
10 33 507 143 395 187 679 232 149 241 252
10 73 603 535 642 718 345 681 287 261 519
10 16 514 880 187 784 645 535 641 884 618
10 6 824 893 553 890 426 568 298 491 692
10 61 377 618 712 156 477 188 546 441 160
10 27 814 570 892 250 571 137 307 477 590
10 94 196 136 687 800 839 276 303 510 219
10 39 679 747 148 687 520 491 870 538 405
10 73 759 489 492 198 771 554 173 792 462
10 130 735 192 261 670 612 456 331 228 346
10 22 202 319 847 716 379 611 677 877 792
10 83 870 563 577 805 631 779 228 546 168
10 128 424 413 850 289 151 377 625 177 697
10 100 882 595 467 469 381 190 196 422 159
10 44 891 865 206 279 798 595 147 695 515
10 70 574 298 358 161 180 739 807 612 768
10 84 715 242 890 623 141 823 330 686 226
10 43 502 381 673 608 411 265 697 274 625
10 28 712 321 517 570 469 893 409 396 687
10 36 709 681 850 459 886 670 813 736 324
10 13 503 340 790 520 522 436 748 572 630
10 80 638 145 372 591 894 739 224 445 484
10 41 369 810 322 714 751 199 815 163 532
10 76 823 499 765 409 846 276 255 261 560
10 46 252 286 813 630 213 152 324 682 623
10 39 815 195 767 667 565 419 625 141 339
10 129 220 500 257 163 594 455 875 479 771
10 85 210 707 462 539 576 245 643 173 302
10 116 361 379 705 873 783 834 326 322 508
10 106 399 660 184 777 335 628 793 303 368
10 118 272 463 707 264 848 717 604 283 262
10 58 229 612 589 660 823 189 768 188 798
10 128 393 432 263 414 592 719 717 447 654
10 73 779 289 752 664 430 265 159 380 155
10 59 235 595 316 287 335 402 323 717 191
10 114 516 219 879 308 785 171 812 355 441
10 32 857 396 722 177 216 684 789 297 658
10 120 597 883 834 183 240 219 475 694 657
10 38 560 420 681 197 597 410 541 777 614
10 9 510 590 157 678 479 654 815 415 232
10 76 596 499 661 451 869 264 257 715 889
10 45 586 321 166 519 141 649 867 351 816
10 21 680 887 271 264 403 200 308 471 184
10 117 380 312 553 470 661 754 433 763 366
10 116 898 259 575 209 789 838 712 477 738
10 74 400 550 464 497 839 150 261 404 673
10 109 887 320 449 480 766 167 537 314 375
10 51 488 157 611 563 727 314 321 567 791
10 55 266 490 517 808 366 741 329 863 244
10 114 601 177 436 659 217 429 608 297 590
10 36 842 800 228 293 463 408 651 503 395
10 39 492 507 635 139 466 291 598 247 178
10 92 622 525 601 187 178 702 591 281 407
10 90 661 311 228 235 213 285 712 151 840
10 83 278 418 361 431 377 884 211 632 568
10 66 261 367 854 161 822 479 612 614 595
10 135 555 441 487 576 144 427 309 383 398
10 85 895 769 772 274 576 828 532 598 201
10 117 662 407 508 444 211 872 370 278 519
10 31 667 297 843 777 670 451 143 842 548
10 89 228 332 608 244 705 252 802 792 879
10 10 286 151 481 766 727 744 453 672 796
10 97 897 162 174 644 381 445 631 610 837
10 25 258 386 867 703 633 170 846 304 893
10 21 673 552 854 749 232 145 471 297 606
10 61 420 615 763 415 650 657 304 258 700
10 11 429 369 882 276 308 618 795 201 857
10 100 841 410 544 369 210 785 327 151 426
10 49 864 379 289 628 608 595 222 838 390
10 52 710 468 364 260 268 857 874 702 784
10 101 162 145 870 254 794 543 547 213 205
10 90 663 288 522 362 185 776 229 520 458
10 37 311 893 723 704 896 172 637 564 301
10 95 793 231 302 476 301 845 603 548 798
10 40 402 360 689 301 735 166 390 863 388
10 106 333 503 406 892 255 872 250 594 484
10 133 452 199 186 246 304 245 558 303 218
10 3 195 880 309 651 897 798 204 313 277
10 80 862 387 441 810 790 677 877 307 258
10 27 591 868 701 232 534 808 880 153 398
10 112 213 277 730 868 558 479 568 347 569
10 115 291 618 619 811 558 845 745 533 347
10 63 395 403 772 520 211 593 296 466 779
10 109 621 404 178 486 388 766 780 470 828
10 64 853 613 643 639 419 438 407 204 301
10 99 791 468 350 187 846 544 898 740 808
10 49 530 243 321 437 382 633 189 374 413
10 45 581 676 894 887 834 288 863 598 303
10 52 245 136 304 541 542 572 651 715 735
10 81 793 375 569 166 835 755 431 204 619
10 37 458 266 151 308 891 426 844 171 572
10 49 839 800 732 355 478 427 409 481 402
10 85 405 456 847 489 343 810 760 595 752
10 93 696 640 225 900 623 396 546 543 164
10 4 633 856 466 739 681 150 293 336 746
10 71 538 717 323 579 502 612 659 772 565
10 6 447 163 189 183 791 798 546 543 816
10 125 632 373 763 219 284 853 245 862 710
10 122 584 235 553 488 834 829 891 149 666
10 64 647 383 731 713 640 646 456 507 792
10 88 796 773 411 249 293 680 567 748 888
10 9 777 544 580 598 647 476 575 508 459
10 39 874 389 494 351 240 385 553 796 769
10 19 884 772 551 801 651 565 480 496 186
10 93 569 263 145 197 809 888 775 716 328
10 32 409 743 385 443 646 672 341 702 404
10 2 474 494 529 586 148 145 342 730 448
10 97 391 217 188 389 690 647 754 732 399
10 38 588 659 841 222 510 889 521 770 621
10 45 200 822 181 622 396 849 586 747 470
10 27 266 588 738 210 493 232 796 309 436
10 61 537 369 800 324 677 197 149 895 706
10 120 146 233 863 869 754 706 829 484 230
10 132 429 875 833 376 177 896 404 498 620
10 18 553 272 639 393 875 743 189 382 333
10 106 328 735 500 350 190 560 801 483 343
10 106 282 184 740 772 788 548 660 261 750
10 47 601 208 315 642 808 445 173 865 571
10 52 251 515 160 558 873 731 352 713 832
10 81 204 459 647 547 577 653 164 620 763
10 89 567 217 830 185 371 521 783 153 744
10 46 718 900 541 291 302 725 884 596 895
10 49 231 581 550 540 141 656 187 298 768
10 43 142 365 344 707 624 230 339 366 198
10 119 295 686 562 138 896 795 458 261 527
10 9 575 680 620 260 849 793 423 384 214
10 102 764 841 273 844 427 825 322 321 543
10 18 222 469 799 478 345 208 229 665 733
10 89 842 136 468 212 643 591 420 173 733
10 51 823 734 255 463 688 798 600 327 515
10 73 652 801 624 374 209 404 686 263 299
10 28 718 733 208 820 200 240 272 143 412
10 38 697 807 734 834 852 145 245 312 426
10 82 231 583 421 263 722 373 358 826 779
10 91 394 501 717 577 345 779 665 898 440
10 7 493 300 279 358 727 137 175 610 827
10 56 306 615 462 356 389 702 589 420 836
10 86 754 663 769 254 313 787 702 333 152
10 51 726 228 168 328 871 852 868 534 157
10 15 441 666 641 583 825 567 566 662 774
10 52 845 360 240 479 210 591 793 503 320
10 42 712 326 361 734 211 722 765 387 549
10 55 777 703 728 249 634 652 467 596 335
10 13 465 494 375 744 850 670 495 717 823
10 100 232 576 357 719 832 516 627 172 601
10 34 412 494 675 340 841 647 192 532 375
10 112 243 750 363 648 163 517 230 136 892
10 125 644 272 377 730 768 590 626 361 739
10 80 535 262 278 490 266 443 228 342 843
10 37 382 518 816 497 863 689 638 625 185
10 85 180 637 204 371 344 840 244 790 520
10 62 807 537 223 796 789 583 357 447 368
10 20 655 309 874 305 410 433 462 571 603
10 87 807 503 886 622 350 320 657 663 420
10 48 789 618 497 506 296 644 834 756 319
10 58 191 509 879 676 423 874 462 297 596
10 50 698 832 386 178 547 432 202 642 726
10 20 708 605 239 748 147 139 673 291 858
10 99 606 182 778 337 777 193 593 287 587
10 52 720 818 677 646 477 347 265 487 622
10 37 265 434 590 449 815 569 258 633 899
10 75 467 843 599 342 236 230 425 389 662
10 127 687 583 593 180 301 529 895 450 413
10 103 636 184 662 453 199 809 398 774 399
10 57 671 457 650 171 887 550 539 760 518
10 35 464 809 559 440 668 209 804 348 454
10 111 851 627 257 425 774 402 576 382 372
10 123 773 697 794 193 516 331 152 518 167
10 9 417 638 360 234 303 359 148 798 780
10 32 352 618 185 779 356 640 825 337 774
10 98 807 369 355 677 479 390 320 727 513
10 104 221 239 423 536 332 191 601 847 709
10 89 656 795 838 501 560 295 414 609 781
10 86 807 846 323 616 638 526 784 861 840
10 33 423 291 407 163 567 684 309 212 389
10 83 180 848 852 657 209 488 700 552 490
10 4 137 878 845 532 182 270 467 430 771
10 91 725 706 603 719 614 797 358 810 536
10 118 614 583 282 240 266 200 196 322 292
10 116 660 136 180 680 595 448 330 716 181
10 71 186 656 196 152 616 633 548 146 335
10 58 425 840 645 382 674 356 531 430 873
10 14 662 696 719 529 554 810 562 593 798
10 51 855 649 824 829 885 201 717 185 279
10 42 231 366 644 136 200 357 499 447 440
10 31 779 482 563 780 566 246 607 608 609
10 5 769 681 726 442 771 495 256 871 156
10 50 837 519 598 368 444 411 859 586 758
10 61 729 539 868 411 796 519 401 859 786
10 82 735 454 808 440 731 748 588 230 765
10 72 454 354 462 810 256 725 451 255 294
10 101 374 514 294 792 697 885 246 507 788
10 43 299 210 532 855 686 603 715 496 194
10 3 723 655 653 575 625 313 455 892 784
10 127 880 535 175 380 223 786 191 301 392
10 18 799 526 401 847 716 768 702 802 890
10 28 848 844 459 567 232 235 177 819 416
10 76 877 301 632 428 461 898 213 821 187
10 115 784 769 524 455 810 564 559 876 752
10 58 518 773 646 636 641 212 707 504 794
10 125 676 630 636 266 409 440 385 419 522
10 37 431 899 256 601 223 305 518 661 171
10 14 382 734 195 655 429 142 478 343 258
10 79 466 763 348 312 698 552 630 695 393
10 84 571 230 434 246 268 136 414 836 191
10 69 798 173 159 377 900 858 430 167 876
10 19 773 326 693 466 778 473 859 547 634
10 72 592 390 281 430 233 322 656 260 863
10 31 377 648 328 481 687 204 595 493 741
10 69 418 179 199 216 140 233 688 581 698
10 105 486 885 526 268 332 246 231 539 677
10 48 694 703 257 237 862 741 304 814 472
10 114 549 379 746 640 233 245 747 266 814
10 21 319 285 615 784 224 146 351 375 158
10 66 270 291 777 575 424 562 795 451 895
10 99 386 357 344 311 260 829 510 606 309
10 122 390 384 139 665 264 310 358 435 752
10 135 468 471 890 707 850 785 348 334 555
10 112 518 860 758 770 676 565 866 328 354
10 80 813 753 628 566 358 626 637 177 632
10 79 236 873 507 189 145 693 433 840 402
10 133 322 811 139 588 203 142 532 602 462
10 26 423 638 249 450 871 250 533 756 554
10 64 499 646 752 778 590 562 664 741 426
10 41 887 282 569 448 385 722 684 760 438
10 8 282 434 840 280 521 725 144 317 544
10 80 305 554 374 663 409 416 160 482 440
10 81 302 691 592 777 740 887 264 552 367
10 135 852 683 297 610 137 186 187 222 690
10 82 486 164 159 669 750 301 492 610 313
10 87 168 205 600 688 788 301 303 148 346
10 93 729 405 770 432 668 387 460 453 361
10 128 319 696 759 328 240 351 897 459 287
10 5 556 691 733 718 369 898 344 683 889
10 19 441 617 629 391 171 272 535 222 566
10 103 228 450 886 839 314 838 566 275 644
10 62 564 243 512 498 517 497 867 399 850
10 36 488 890 138 874 873 395 452 189 825
10 22 787 193 421 861 313 323 502 199 772
10 97 294 143 794 243 774 448 369 216 336
10 57 610 546 600 642 849 393 661 282 458
10 108 179 466 364 879 294 599 199 512 290
10 48 290 734 873 848 745 194 480 264 180
10 43 300 439 495 898 143 535 485 276 699
10 123 819 880 207 266 695 318 418 378 432
10 108 433 520 238 210 477 828 358 257 279
10 66 408 837 506 228 568 139 563 490 172
10 104 742 211 213 463 892 306 449 272 170
10 102 292 201 763 855 315 900 670 309 748
10 121 740 860 604 886 884 542 257 490 446
10 44 859 771 500 372 479 140 361 811 802
10 23 869 502 889 656 140 525 880 588 428
10 48 868 397 457 311 524 749 853 746 474
10 133 690 457 411 476 807 323 577 352 240
10 132 174 699 731 208 184 721 661 554 470
10 62 886 623 172 522 888 865 277 145 601
10 117 254 716 147 549 427 817 465 312 870
10 85 698 642 717 828 445 484 321 457 472
10 110 895 688 566 260 182 658 248 270 237
10 2 696 157 653 843 716 611 850 802 747
10 3 240 555 434 286 697 819 437 358 251
10 79 201 612 799 232 778 500 682 160 746
10 47 312 393 480 670 459 738 594 891 614
10 126 574 325 729 196 775 879 419 393 209
10 135 838 376 358 180 862 382 538 592 607
10 51 509 619 439 726 285 476 578 268 844
10 21 539 518 149 203 304 601 760 227 391
10 79 136 146 483 588 275 496 144 161 521
10 110 189 566 615 266 852 728 823 463 809
10 74 641 336 422 417 353 863 757 829 812
10 94 525 533 178 885 169 416 265 776 671
10 88 422 798 201 781 359 338 678 390 282
10 110 385 516 652 891 676 315 683 415 381
10 19 450 453 201 819 788 493 790 846 671
10 9 415 678 600 149 861 393 383 826 265
10 61 646 263 745 190 572 458 754 808 847
10 47 772 152 422 201 785 408 891 374 346
10 95 346 742 139 168 151 170 751 674 789
10 56 195 390 445 669 289 592 627 855 300
10 114 729 565 741 728 774 685 789 404 636
10 24 721 668 282 525 888 830 549 653 411
10 21 590 358 662 340 652 441 896 270 320
10 63 255 777 622 887 239 208 862 396 880
10 105 209 397 232 493 833 260 557 858 391
10 96 529 723 146 661 442 773 761 724 152
10 41 892 787 634 250 850 160 621 473 273
10 100 584 186 795 395 410 839 422 738 504
10 116 156 778 660 627 615 562 413 565 348
10 22 236 297 639 740 226 749 629 343 640
10 71 869 801 141 530 512 595 223 412 288
10 33 634 492 515 659 531 852 409 542 885
10 16 621 772 472 375 799 232 685 821 235
10 40 664 806 865 716 491 771 757 653 488
10 32 521 563 510 180 455 600 360 368 422
10 37 704 637 692 230 150 570 726 182 664
10 10 648 385 377 469 664 259 633 825 814
10 79 640 677 603 408 391 517 795 711 668
10 13 656 636 840 149 750 429 405 787 711
10 10 156 483 244 695 841 444 317 685 504
10 108 568 443 749 847 412 602 791 580 849
10 13 466 227 851 178 166 441 534 179 257
10 126 162 155 205 754 319 839 713 267 404
10 19 624 898 634 600 137 405 830 547 180
10 4 720 181 607 240 207 750 298 621 283
10 100 387 771 694 838 459 385 804 490 316
10 7 577 233 747 630 515 878 900 652 446
10 59 520 494 320 181 203 785 822 405 751
10 85 307 483 490 413 407 398 782 315 372
10 3 183 216 478 758 219 644 489 361 313
10 30 862 577 661 607 253 594 890 575 489
10 128 804 515 433 550 205 641 253 829 858
10 50 872 731 448 343 251 859 138 789 178
10 81 498 147 586 496 584 684 669 302 264
10 78 746 603 514 543 526 409 655 472 378
10 8 648 475 354 410 457 312 400 261 797
10 11 634 649 533 478 724 502 434 349 709
10 50 645 705 709 143 186 194 700 672 444
10 52 427 719 503 521 649 477 295 595 383
10 80 793 622 804 697 323 741 625 317 305
10 70 760 734 684 246 178 256 389 214 611
10 78 864 457 460 518 788 693 199 539 548
10 3 712 365 155 863 601 831 304 749 706
10 12 367 471 190 800 275 573 256 171 614
10 109 586 898 176 253 667 757 624 277 754
10 104 718 182 885 747 422 664 273 858 443
10 135 658 433 204 890 577 376 785 663 816
10 42 349 850 565 621 731 471 176 539 535
10 30 468 788 299 780 522 371 323 272 277
10 15 831 475 590 182 379 589 742 477 864
10 79 439 680 321 698 639 298 819 247 192
10 27 712 350 173 562 165 377 483 885 360
10 28 366 253 526 293 844 159 502 747 142
10 5 739 436 384 137 832 231 538 262 348
10 109 884 853 821 855 677 776 271 430 671
10 113 646 183 193 468 142 453 214 376 165
10 39 673 763 498 317 388 801 201 234 240
10 62 874 450 880 307 459 541 583 349 138
10 133 468 448 273 145 146 613 741 853 827
10 57 670 839 294 815 809 737 743 841 336
10 5 465 457 429 175 193 737 816 819 539
10 61 237 375 770 727 724 369 596 524 322
10 51 412 822 259 314 807 436 626 315 152
10 70 458 424 407 394 479 448 294 427 876
10 37 271 603 770 519 555 795 414 269 234
10 90 603 499 605 425 271 237 817 652 736
10 126 747 446 650 486 886 456 347 162 191
10 70 669 316 741 851 700 640 439 872 199
10 68 219 842 507 583 764 350 770 253 616
10 134 361 260 380 446 542 265 550 837 591
10 42 724 561 480 802 604 661 594 346 159
10 80 553 466 338 200 362 524 267 340 266
10 81 234 669 170 862 675 809 208 799 141
10 116 691 693 371 843 733 506 867 714 458
10 4 145 844 727 800 196 257 206 329 168
10 80 190 565 557 647 834 414 817 362 590
10 32 860 429 574 846 442 426 797 410 854
10 109 271 395 858 500 496 646 782 877 799
10 84 572 471 644 497 811 762 402 180 487
10 56 618 875 846 462 347 800 678 514 444
10 106 634 788 449 717 767 803 141 813 355
10 11 542 487 900 195 213 805 846 597 851
10 120 778 864 361 233 813 693 156 798 462
10 39 250 518 677 769 522 352 339 583 139
10 105 862 777 630 478 430 177 518 773 521
10 119 316 876 429 368 810 441 191 404 420
10 93 548 590 278 785 891 760 670 459 385
10 7 822 186 866 735 397 629 722 197 564
10 36 892 844 691 788 607 424 778 782 740
10 36 196 774 627 536 625 761 799 281 561
10 108 261 257 822 658 353 622 411 307 493
10 114 237 872 773 201 584 856 168 208 434
10 53 153 479 198 742 337 625 162 185 449
10 83 406 276 166 417 890 816 640 745 269
10 10 671 530 212 649 161 765 396 868 165
10 56 535 448 357 341 575 518 561 771 774
10 54 762 296 345 793 369 726 685 173 478
10 121 478 652 396 282 162 431 409 535 579
10 24 279 177 892 330 857 534 327 861 443
10 105 656 557 563 716 485 865 287 267 586
10 67 463 622 316 332 835 864 259 761 689
10 13 773 435 710 894 332 693 659 776 347
10 50 773 157 742 181 210 751 571 142 463
10 10 654 731 202 649 590 691 429 373 810
10 51 191 501 269 825 680 676 445 758 177
10 95 215 737 352 600 876 763 187 593 316
10 104 136 522 454 348 461 664 554 877 670
10 38 296 556 479 886 501 209 312 278 619
10 74 284 330 183 379 430 816 828 352 600
10 103 337 259 680 541 288 607 595 880 309
10 92 648 329 193 693 326 892 346 513 244
10 102 643 790 637 787 197 602 626 728 251
10 15 810 573 159 223 205 544 180 735 771
10 47 449 517 867 711 216 323 235 374 415
10 98 534 307 322 244 387 403 274 819 413
10 20 739 661 452 523 585 421 264 413 345
10 96 348 833 729 691 868 535 531 221 538
10 94 738 432 213 174 857 344 282 819 399
10 18 387 230 895 137 168 195 527 506 857
10 108 376 783 359 724 803 528 792 368 821
10 33 474 412 187 322 743 715 540 813 419
10 6 161 536 329 553 346 555 734 788 189
10 62 295 248 551 387 545 412 591 345 314
10 60 700 528 774 858 651 638 343 768 287
10 54 827 288 138 436 459 699 720 561 444
10 86 847 519 291 725 574 335 217 889 755
10 112 736 698 224 559 689 474 723 350 397
10 37 875 382 555 683 681 417 534 715 536
10 15 791 280 491 590 744 683 144 274 614
10 117 376 164 207 653 440 505 622 885 303
10 68 329 143 592 206 748 563 303 820 380
10 72 570 242 236 477 444 615 656 880 674
10 86 789 657 677 407 742 529 830 263 445
10 12 486 585 744 884 434 330 668 794 850
10 40 770 291 572 568 838 154 276 439 638
10 26 349 175 837 471 576 205 854 233 470
10 68 250 586 350 277 377 480 393 150 717
10 41 186 141 546 261 710 573 508 475 497
10 47 393 178 307 776 582 554 228 855 552
10 48 853 169 493 431 725 453 600 797 606
10 27 363 846 723 613 553 499 816 734 330
10 3 404 590 625 408 241 775 890 459 272
10 133 316 663 870 477 474 275 417 525 249
10 53 311 699 524 830 523 868 545 687 166
10 69 796 706 172 208 485 830 433 158 484
10 55 894 392 205 645 584 347 364 274 845
10 6 283 347 897 359 288 685 567 900 307
10 12 206 889 170 801 627 167 316 661 446
10 58 763 442 280 332 182 573 605 667 649
10 101 468 436 747 237 694 300 607 600 264
10 51 254 619 287 618 881 475 647 742 162
10 121 642 204 405 356 810 818 512 179 591
10 66 205 371 531 757 886 293 174 868 403
10 100 265 407 331 615 174 395 484 379 785
10 12 821 235 428 744 648 522 224 855 685
10 122 654 838 284 626 537 781 452 200 184
10 8 870 607 601 281 816 476 237 713 729
10 9 306 737 537 457 515 502 200 195 750
10 106 136 852 356 889 144 829 807 568 849
10 34 333 451 857 156 438 642 466 598 180
10 86 816 197 652 357 414 768 403 511 237
10 70 168 427 469 479 584 471 345 779 480
10 108 225 214 205 580 378 376 455 139 149
10 132 510 743 463 461 450 710 522 436 473
10 94 569 832 777 433 625 268 553 509 736
10 34 872 500 635 567 540 495 435 501 791
10 39 900 416 722 211 253 364 348 243 181
10 51 339 309 744 439 556 707 706 213 806
10 134 774 400 377 550 613 702 212 489 835
10 30 716 297 303 298 481 338 449 372 310
10 36 209 218 212 849 707 676 731 873 395
10 68 743 225 164 385 762 413 580 308 418
10 105 556 351 198 400 452 479 441 420 653
10 80 447 529 151 607 362 209 641 602 350
10 95 624 182 180 410 435 499 357 634 629
10 113 314 615 779 687 385 326 334 612 833
10 41 407 146 253 355 607 568 137 713 781
10 129 834 607 141 644 754 825 597 236 467
10 92 331 464 697 699 400 522 365 263 609
10 93 524 477 314 260 447 210 406 432 841
10 20 744 148 205 313 803 835 656 336 723
10 61 208 186 532 307 190 545 677 862 647
10 87 424 137 441 348 447 265 900 536 509
10 59 175 488 348 748 147 355 163 392 672
10 44 304 836 783 565 222 154 895 667 657
10 8 358 295 672 325 516 763 144 185 256
10 81 485 745 638 837 826 314 855 173 411
10 82 626 884 701 651 175 600 876 357 431
10 67 272 663 231 647 201 557 860 613 310
10 77 615 170 607 502 448 407 884 774 200
10 34 481 326 683 275 222 611 592 727 445
10 30 142 478 144 813 761 542 177 854 673
10 120 774 221 839 496 726 795 236 153 232
10 133 853 425 598 284 778 566 651 383 755
10 124 249 772 594 460 711 189 505 770 685
10 131 153 611 518 150 591 356 361 165 706
10 132 253 592 632 326 325 721 627 741 764
10 87 210 581 475 834 558 778 180 862 170
10 61 586 325 490 862 281 304 696 779 277
10 88 378 282 712 608 164 815 610 419 873
10 79 328 237 756 576 388 560 352 874 607
10 41 328 287 767 465 536 661 177 273 447
10 119 457 506 348 436 674 278 438 800 789
10 112 544 552 858 635 195 898 393 238 872
10 134 319 619 228 217 611 688 406 599 258
10 133 620 297 382 878 520 819 775 185 809
10 13 430 219 151 805 415 529 559 757 779
10 121 639 792 820 875 209 898 248 528 578
10 59 180 231 481 516 265 223 548 386 520
10 78 606 470 692 462 488 202 189 287 680
10 86 896 817 711 144 668 232 465 736 496
10 99 617 268 562 630 871 458 320 425 547
10 127 531 183 349 746 272 382 567 431 379
10 4 826 865 494 791 875 203 150 210 530
10 36 723 185 898 575 796 324 417 622 208
10 27 306 475 878 597 200 322 433 742 485
10 5 825 385 323 851 260 383 407 657 325
10 15 719 628 346 780 171 241 364 270 305
10 130 755 813 631 166 349 699 208 688 369
10 68 560 619 829 783 399 219 176 249 517
10 6 184 357 472 845 481 560 589 804 227
10 118 646 631 443 838 842 390 296 649 413
10 43 219 374 818 547 733 408 355 759 751
10 117 764 714 514 762 657 738 534 370 796
10 97 677 893 388 421 167 215 225 682 358
10 96 628 452 608 891 642 580 866 388 671
10 132 806 886 823 267 295 609 563 843 486
10 26 236 215 354 568 699 732 587 884 212
10 50 630 708 652 530 526 699 760 615 353
10 52 420 365 641 329 552 376 498 702 540
10 51 772 384 276 641 248 520 428 243 346
10 89 532 485 789 304 747 311 349 681 254
10 131 780 547 185 150 773 645 505 484 263
10 42 783 152 752 390 303 811 653 375 784
10 11 866 314 326 150 897 579 481 448 783
10 119 682 328 597 193 823 210 662 513 856
10 16 280 847 633 815 806 749 353 776 885
10 31 410 336 771 801 236 835 466 557 339
10 126 691 539 684 566 756 241 349 177 755
10 28 142 307 558 467 575 543 238 463 744
10 46 503 316 141 700 186 765 800 621 880
10 101 328 456 604 616 787 505 233 186 647
10 1 351 846 748 311 360 752 642 367 504
10 84 214 683 804 291 380 166 373 253 447
10 33 194 356 890 656 887 560 161 739 664
10 50 820 248 145 275 501 782 296 354 564
10 89 866 615 211 857 474 635 224 854 312
10 116 484 232 249 812 568 654 173 177 539
10 63 403 815 371 535 609 887 769 258 785
10 94 767 653 843 324 313 408 254 644 626
10 121 529 324 391 373 836 268 413 398 234
10 90 783 485 664 445 674 815 807 401 746
10 76 304 218 846 398 549 416 459 831 476
10 3 657 863 535 327 193 247 665 817 532
10 26 540 429 285 757 817 344 496 688 420
10 84 310 195 220 880 507 717 734 264 219
10 47 687 465 743 295 753 160 498 603 851
10 6 388 717 513 649 485 385 142 443 779
10 79 524 770 861 320 756 726 343 185 704
10 61 767 261 843 686 567 350 656 434 518
10 40 719 464 255 393 148 493 242 786 285
10 77 369 809 614 387 264 238 842 713 775
10 73 627 274 900 458 201 358 748 795 758
10 105 284 495 670 263 705 521 763 649 274
10 59 337 616 497 139 612 366 556 871 339
10 78 863 488 222 204 196 726 669 712 247
10 111 213 801 194 628 240 564 531 234 444
10 41 778 731 741 148 870 279 507 604 415
10 26 835 289 544 785 314 705 584 204 263
10 6 432 137 162 797 666 447 849 856 139
10 46 855 196 629 815 784 577 201 326 204
10 88 642 794 282 711 295 457 306 694 687
10 112 688 681 357 736 151 589 256 695 321
10 135 652 509 762 413 224 695 551 286 522
10 53 504 192 301 493 562 728 604 419 659
10 60 507 887 506 335 533 172 600 827 482
10 85 269 626 174 578 404 435 838 419 486
10 100 713 171 187 404 683 375 179 288 345
10 93 334 498 323 709 849 238 664 158 821
10 102 352 804 209 204 681 648 499 169 424
10 70 809 236 413 478 212 200 471 435 602
10 84 378 711 865 890 724 157 842 547 546
10 94 229 557 447 398 293 350 898 663 211
10 96 850 376 440 674 744 428 697 633 706
10 27 516 887 180 816 858 414 726 885 424
10 50 880 781 468 254 832 432 497 592 272
10 39 250 724 312 371 804 226 663 172 368
10 5 870 882 294 648 174 172 741 422 158
10 130 298 746 705 766 762 438 458 552 850
10 71 465 486 251 710 843 231 871 866 680
10 58 716 424 379 492 575 722 170 541 354
10 69 172 687 196 766 651 713 587 743 770
10 135 402 172 782 687 138 498 483 141 723
10 123 342 783 665 754 656 442 522 381 417
10 69 505 640 179 728 371 699 148 470 164
10 69 272 158 574 464 756 487 657 421 547
10 58 148 285 884 428 642 233 741 324 715
10 21 812 629 297 646 355 283 391 714 671
10 61 358 775 204 714 452 611 620 212 391
10 13 377 544 508 173 749 430 532 142 145
10 45 831 614 167 802 145 454 762 238 353
10 35 269 481 566 484 826 515 342 696 681
10 105 678 888 713 451 676 340 783 567 336
10 72 431 664 350 180 314 179 602 268 166
10 30 406 574 277 807 175 622 700 294 198
10 14 660 387 847 750 862 178 392 681 413
10 50 705 301 275 832 379 732 842 294 365
10 115 822 577 764 695 751 439 527 874 735
10 129 679 803 602 582 317 235 374 887 713
10 33 174 289 210 686 391 623 462 535 733
10 106 623 168 650 143 447 190 639 452 562
10 121 391 464 863 890 714 573 390 368 685
10 111 853 551 844 705 874 219 284 545 808
10 13 413 428 551 173 868 824 403 176 198
10 33 858 316 841 536 894 156 648 884 278
10 100 239 404 786 305 658 162 309 828 508
10 94 593 872 812 836 201 891 724 148 466
10 34 157 224 253 194 152 883 831 181 336
10 21 520 159 789 310 257 776 595 749 662
10 32 435 897 580 655 338 544 445 153 449
10 90 780 616 560 692 139 449 267 794 244
10 75 332 874 812 766 790 761 672 495 837
10 18 348 737 244 433 210 317 171 779 246
10 91 363 681 199 584 513 570 189 774 480
10 72 575 465 410 689 809 801 373 666 441
10 60 293 843 204 409 208 243 585 274 262
10 94 462 679 224 637 815 232 358 476 318
10 62 590 583 358 234 801 419 745 336 175
10 47 618 390 284 649 648 678 699 539 199
10 129 426 419 362 341 149 642 761 663 315
10 88 146 472 732 401 395 228 782 524 479
10 64 292 403 395 479 170 668 387 738 778
10 100 232 307 198 827 752 411 484 521 160
10 97 383 431 787 476 265 864 269 767 508
10 88 338 728 278 647 432 748 408 671 677
10 41 393 840 272 888 777 640 633 832 368
10 103 296 151 185 517 759 535 196 498 325
10 107 535 587 747 509 327 843 447 693 376
10 33 505 372 370 436 752 825 204 293 344
10 9 441 549 855 422 804 172 661 494 725
10 11 337 152 667 443 450 157 761 752 494
10 107 784 441 764 735 168 550 205 453 673
10 127 595 385 765 305 821 173 296 806 458
10 125 588 140 321 835 370 823 507 364 750
10 128 493 781 245 146 555 360 711 374 660
10 26 807 324 895 342 780 556 410 720 894
10 43 477 651 507 224 650 308 588 645 670
10 119 270 819 244 835 336 629 204 549 843
10 45 207 255 527 532 193 843 734 874 816
10 7 594 759 633 766 407 702 530 595 877
10 134 353 853 745 833 463 332 677 604 617
10 96 837 233 309 867 167 399 559 718 807
10 130 669 596 394 607 569 169 875 469 742
10 45 656 164 636 697 236 223 892 341 612
10 125 347 705 764 458 834 861 745 358 779
10 38 577 745 442 333 847 832 324 199 733
10 28 374 272 232 352 253 539 893 801 853
10 24 549 689 737 604 155 301 327 745 313
10 106 416 461 859 792 805 303 393 868 440
10 46 169 704 408 673 484 422 165 592 462
10 48 222 455 479 871 265 616 632 683 824
10 3 817 486 392 670 889 428 635 679 416
10 9 750 840 789 147 199 213 707 378 646
10 29 142 760 721 283 866 212 231 196 421
10 72 529 821 695 685 459 815 501 621 822
10 50 514 697 759 391 529 280 635 154 437
10 87 733 175 214 203 825 544 753 351 767
10 14 836 888 818 771 876 868 701 198 654
10 11 749 525 414 883 172 505 404 825 801
10 17 313 670 671 609 599 412 425 733 607
10 48 297 288 737 758 616 610 666 755 242
10 133 348 456 260 610 290 753 474 156 264
10 38 411 892 628 256 513 334 176 261 556
10 58 377 336 684 740 411 157 764 537 665
10 101 433 649 323 364 764 368 853 525 145
10 66 574 509 775 524 748 363 725 532 573
10 84 835 227 338 246 523 435 527 479 443
10 42 848 297 392 557 366 570 451 751 706
10 59 843 224 461 680 230 805 258 624 491
10 87 511 600 816 638 331 818 281 229 758
10 106 610 570 628 704 545 688 794 513 362
10 11 675 868 359 136 314 263 776 713 467
10 111 485 665 627 269 496 335 734 855 527
10 135 585 404 285 218 829 467 779 610 580
10 118 654 140 742 227 387 343 842 900 779
10 99 537 664 589 424 714 266 483 780 207
10 74 162 410 755 506 735 870 628 495 600
10 134 157 574 277 732 747 353 188 273 389
10 82 203 289 186 739 687 315 536 814 212
10 97 643 623 628 294 397 615 140 632 691
10 111 346 745 848 487 831 532 504 214 614
10 59 560 460 282 269 174 603 355 325 579
10 24 389 137 824 727 706 177 379 885 560
10 43 307 173 216 460 872 415 529 887 297
10 23 886 745 655 407 713 737 870 285 178
10 113 565 286 556 540 683 414 384 771 774
10 135 700 820 325 425 208 674 162 402 339
10 25 511 288 309 706 889 660 645 307 175
10 81 704 216 741 545 731 412 357 296 354
10 132 607 427 545 791 196 487 272 863 837
10 4 298 432 349 737 632 400 503 291 574
10 59 771 776 428 870 417 552 346 170 673
10 120 348 208 749 872 813 617 623 900 578
10 98 666 530 318 484 371 193 807 314 698
10 10 653 445 678 283 892 399 506 567 543
10 20 485 683 790 241 772 225 147 617 500
10 129 294 193 618 731 302 267 764 572 668
10 109 647 674 227 466 635 882 708 526 536
10 71 415 479 445 400 707 631 564 583 260
10 116 898 404 526 696 604 572 645 497 319
10 68 154 760 165 160 653 391 174 881 334
10 105 742 306 157 586 694 398 547 610 538
10 28 243 611 466 193 497 599 297 498 496
10 67 649 863 178 496 506 444 566 626 548
10 5 153 413 497 662 342 151 316 871 277
10 110 301 682 743 170 200 534 490 800 162
10 86 290 638 710 496 668 889 458 464 645
10 61 312 565 538 804 210 246 419 188 239
10 66 472 693 432 689 397 419 875 845 427
10 114 900 192 267 628 853 778 766 171 803
10 52 335 417 447 269 549 379 344 411 530
10 55 399 840 259 362 647 739 271 145 549
10 26 418 692 663 181 369 313 237 378 476
10 58 817 727 710 230 545 316 591 760 144
10 57 820 424 176 584 798 310 527 387 496
10 42 424 400 356 471 739 869 381 473 189
10 43 179 567 556 850 455 136 281 452 193
10 123 836 230 523 520 819 727 581 410 725
10 92 601 669 729 340 581 552 333 486 353
10 87 705 456 710 867 560 303 172 746 532
10 53 221 552 395 721 733 597 885 658 740
10 126 443 679 676 609 329 867 675 473 228
10 76 611 569 289 862 244 149 238 541 434
10 13 646 350 575 275 764 165 162 823 369
10 115 645 327 332 318 613 388 166 446 335
10 50 145 722 233 606 468 392 777 506 596
10 117 807 711 363 658 586 749 409 756 805
10 119 674 632 452 764 249 752 880 382 328
10 100 205 238 657 557 285 668 519 542 337
10 41 196 416 804 586 647 300 275 259 793
10 11 723 268 450 388 327 653 895 218 475
10 14 273 778 673 204 608 328 486 829 324
10 62 260 287 503 794 358 319 497 207 699
10 72 247 688 243 808 326 229 774 416 392
10 3 838 272 879 428 219 657 279 791 541
10 24 546 834 592 872 448 775 698 705 535
10 45 695 747 172 835 556 185 661 773 684
10 32 264 168 190 400 513 238 157 399 325
10 131 839 163 831 737 145 335 245 334 161
10 64 566 754 584 865 558 465 820 649 582
10 100 542 721 400 851 853 891 808 279 481
10 42 856 513 876 774 347 742 508 861 559
10 75 805 773 710 800 478 318 641 634 242
10 9 895 644 160 239 391 409 479 295 419
10 83 735 400 397 729 203 148 465 225 398
10 64 437 400 690 470 604 772 443 609 457
10 5 610 510 661 354 774 628 459 566 389
10 40 456 582 856 209 672 685 229 344 531
10 5 330 798 247 828 221 226 522 213 417
10 34 833 501 248 504 247 300 251 295 231
10 57 186 589 352 865 542 734 616 251 570
10 26 570 664 526 897 865 155 309 795 705
10 88 508 699 822 477 503 467 804 144 586
10 128 140 437 606 755 697 281 416 720 885
10 78 887 621 799 357 389 307 417 681 520
10 117 350 169 184 165 784 702 715 733 265
10 81 464 241 635 584 287 366 865 286 671
10 111 405 871 658 489 800 492 393 687 896
10 49 228 192 509 542 231 545 191 229 280
10 18 727 157 853 733 564 226 522 404 599
10 129 329 339 332 452 854 699 223 479 809
10 80 585 267 445 438 704 626 624 521 484
10 30 835 444 380 340 367 189 550 671 501
10 35 400 601 813 409 353 661 734 673 684
10 42 510 896 155 460 769 897 363 410 196
10 111 662 283 616 561 445 482 367 366 144
10 11 793 662 669 869 720 654 159 264 756
10 111 814 728 839 152 547 459 210 819 212
10 55 206 741 495 458 760 168 530 334 594
10 130 589 420 296 178 356 647 211 774 805
10 90 799 835 435 694 806 865 139 527 393
10 31 758 319 624 254 471 616 575 603 468
10 23 170 272 179 184 435 306 887 794 574
10 120 167 212 327 400 836 438 590 478 401
10 105 577 282 794 348 145 839 503 219 621
10 66 622 639 259 166 509 866 293 458 392
10 75 742 766 885 438 297 767 469 839 184
10 89 488 386 209 362 367 383 256 234 723
10 71 395 352 453 401 306 172 354 321 470
10 17 652 331 501 524 863 550 674 621 862
10 67 195 728 362 751 763 392 876 413 155
10 79 249 748 598 528 182 751 886 405 752
10 51 482 537 731 658 374 638 757 155 404
10 101 622 208 527 179 858 561 831 892 533
10 120 381 141 261 730 664 880 441 301 852
10 95 357 146 641 490 610 797 800 824 766
10 74 298 445 758 791 206 855 619 390 454
10 97 880 328 519 882 497 796 228 149 195
10 92 426 825 139 157 495 597 599 178 428
10 59 827 651 871 630 812 418 408 830 868
10 77 201 399 441 477 576 871 308 448 794
10 8 464 630 423 864 642 881 624 748 328
10 49 163 334 298 482 526 566 429 703 880
10 122 195 468 400 780 383 370 257 644 745
10 120 441 712 248 783 616 813 555 779 253
10 119 368 331 665 472 697 308 733 269 278
10 111 217 491 793 696 284 834 522 588 553
10 103 286 473 824 357 596 318 327 540 734
10 121 448 557 892 784 686 809 409 366 704
10 50 315 589 885 414 532 521 760 769 770
10 116 348 794 475 788 504 821 789 718 431
10 86 761 247 254 224 668 769 299 812 560
10 3 357 194 684 557 576 276 556 448 328
10 75 567 796 536 557 376 468 428 835 265
10 31 507 509 191 879 640 593 745 431 524
10 9 492 286 822 211 202 539 760 282 330
10 75 146 310 743 674 661 628 567 428 211
10 16 863 385 740 773 266 883 682 554 184
10 121 597 274 535 279 227 243 226 763 183
10 67 580 303 252 697 560 839 300 203 851
10 130 459 800 681 493 605 434 516 202 563
10 128 876 807 540 893 428 798 348 739 615
10 33 672 650 173 153 337 581 678 634 651
10 48 301 517 483 468 328 721 304 209 244
10 108 396 718 204 831 890 344 770 749 192
10 130 390 213 778 242 686 514 838 190 471
10 80 348 610 533 547 400 138 236 211 170
10 108 873 659 508 851 206 368 671 246 442
10 41 357 793 878 583 192 590 193 454 665
10 108 225 328 674 336 457 717 250 714 521
10 98 591 217 237 494 199 767 141 752 362
10 127 859 565 885 366 592 807 414 819 233
10 42 870 883 810 209 409 210 875 354 655
10 54 506 483 457 334 355 306 620 706 585
10 22 688 727 405 344 404 696 708 864 739
10 77 821 335 854 864 825 380 686 540 479
10 4 332 873 184 651 349 741 627 499 686
10 42 607 703 457 264 278 761 495 160 486
10 121 408 191 234 211 894 403 587 316 351
10 125 618 848 329 792 565 665 803 207 814
10 105 281 170 701 805 870 760 682 591 429
10 49 583 354 278 770 857 214 478 832 222
10 125 385 424 765 411 629 803 392 283 209
10 123 489 248 157 577 403 494 397 345 495
10 126 238 821 357 415 726 154 772 742 890
10 109 573 554 860 713 853 811 366 621 483
10 16 372 602 897 643 645 438 554 199 669
10 39 384 500 700 672 522 564 383 315 418
10 128 611 763 769 876 806 562 421 613 389
10 109 482 891 449 523 440 215 181 824 289
10 96 224 808 307 531 836 810 799 514 448
10 51 160 796 312 700 802 383 767 595 587
10 91 692 674 385 684 772 197 758 817 543
10 1 353 797 566 409 590 715 303 869 342
10 84 316 576 295 551 174 533 427 432 546
10 52 853 343 615 162 254 693 508 243 382
10 83 554 616 326 727 615 147 471 473 658
10 51 591 760 415 813 269 651 764 670 785
10 94 525 580 519 421 292 227 754 756 588
10 59 594 496 857 428 718 711 737 217 175
10 1 336 612 680 870 273 524 180 893 392
10 66 535 421 757 853 354 671 477 739 709
10 35 882 501 164 879 701 354 195 568 806
10 82 671 543 160 766 146 665 139 485 405
10 51 656 488 536 635 806 875 301 602 841
10 93 255 869 325 779 691 316 420 625 528
10 134 763 577 853 746 180 673 340 704 718
10 55 172 764 429 215 507 629 394 777 506
10 89 511 419 665 571 370 382 248 629 778
10 7 498 252 303 435 837 865 414 870 141
10 73 616 821 461 894 261 569 827 391 726
10 79 835 728 861 683 848 842 656 793 658
10 51 795 441 626 797 235 447 835 396 666
10 81 248 160 309 811 891 741 894 540 753
10 70 159 785 495 579 508 379 869 497 725
10 56 604 475 668 807 387 193 725 557 641
10 63 502 156 683 475 374 278 696 218 616
10 40 218 149 215 208 246 211 222 317 186
10 51 485 454 343 246 348 496 858 378 762
10 120 137 275 554 238 840 895 749 437 839
10 102 309 731 703 408 736 805 661 485 389
10 81 786 241 547 525 519 275 335 258 708
10 108 137 149 656 674 664 528 799 378 496
10 48 887 480 369 564 302 656 523 312 287
10 129 596 179 536 320 637 713 520 635 230
10 120 244 472 140 852 612 202 424 890 856
10 52 268 767 480 350 438 182 358 835 574
10 121 250 186 266 457 508 189 761 280 516
10 114 180 322 151 614 736 568 306 181 567
10 123 867 379 762 219 467 552 378 713 826
10 10 413 743 603 316 289 345 811 684 325
10 30 294 323 418 846 398 564 876 321 580
10 77 601 196 723 152 704 200 403 345 378
10 16 322 703 546 240 730 744 620 199 861
10 101 721 554 240 491 592 375 710 661 515
10 12 784 543 483 327 140 804 663 409 230
10 62 649 867 467 240 271 873 150 766 668
10 57 447 435 577 862 298 832 657 548 490
10 132 238 602 586 779 715 360 771 844 349
10 98 874 723 794 592 838 717 250 175 575
10 37 738 206 396 297 867 692 821 401 885
10 23 807 622 416 675 385 273 584 233 239
10 125 585 273 797 481 404 334 610 789 160
10 44 242 344 586 576 547 347 845 748 366
10 40 228 485 861 888 438 271 384 350 465
10 10 640 793 469 751 794 262 710 622 730
10 98 405 667 288 537 748 324 822 196 895
10 61 773 555 880 650 725 625 761 166 273
10 128 437 734 787 200 281 409 231 195 756
10 5 381 431 263 563 518 834 467 646 463
10 121 888 257 407 577 734 271 600 824 172
10 128 589 416 312 690 390 303 656 623 352
10 4 677 232 806 646 643 517 751 603 715
10 2 343 486 731 136 461 676 613 548 540
10 117 747 774 599 438 707 405 854 380 315
10 131 448 737 219 615 764 363 626 517 755
10 100 602 864 361 264 156 567 504 400 359
10 48 577 195 850 774 464 477 355 563 801
10 42 562 329 175 395 208 398 661 777 702
10 101 809 440 365 176 893 710 534 346 305
10 91 863 427 718 784 260 301 798 369 290
10 67 258 742 180 658 723 861 406 522 165
10 37 465 874 295 500 397 603 263 768 327
10 42 860 362 900 621 418 550 679 183 859
10 108 479 627 288 215 728 822 523 795 326
10 65 675 759 825 274 688 435 202 784 692
10 52 881 247 720 807 350 610 155 178 511
10 64 487 476 460 341 539 592 617 165 794
10 130 694 800 455 747 172 540 418 752 410
10 72 208 400 735 528 383 145 767 705 834
10 131 535 217 784 425 429 792 676 649 608
10 132 596 269 823 226 499 442 703 808 371
10 113 688 267 460 266 370 528 747 392 732
10 9 684 654 323 876 696 497 852 284 236
10 60 425 413 320 231 659 505 261 166 855
10 110 334 770 735 263 660 469 603 368 554
10 95 449 545 720 717 783 643 397 363 166
10 41 215 530 501 254 597 246 605 182 813
10 6 257 210 794 145 217 738 779 186 200
10 20 421 692 481 405 890 209 261 520 508
10 51 850 462 637 227 722 731 439 457 680
10 14 472 590 809 159 478 821 500 324 359
10 46 664 590 693 835 653 631 880 722 698
10 117 170 759 616 217 181 423 686 766 653
10 106 145 639 367 569 668 354 433 817 561
10 50 610 597 758 705 241 899 821 311 420
10 21 153 390 424 597 891 633 781 667 542
10 95 542 674 621 670 641 711 474 811 635
10 14 517 715 744 714 497 545 541 304 496
10 9 861 314 322 800 435 165 509 221 395
10 58 705 769 799 677 507 582 283 347 843
10 4 577 457 853 306 206 277 635 570 324
10 134 549 244 524 723 408 460 837 263 421
10 101 471 885 265 769 742 859 467 642 709
10 325 376 213 207 295 645 663 591 427 810
10 418 244 315 608 749 710 218 181 488 255
10 508 539 169 657 715 880 189 615 802 200
10 387 441 696 670 802 785 684 760 831 147
10 534 341 568 478 244 436 508 170 546 402
10 161 515 601 226 336 144 377 174 456 640
10 803 173 337 199 708 770 802 228 808 305
10 681 596 157 629 293 458 702 534 883 767
10 788 153 739 563 452 249 742 645 711 622
10 809 716 790 152 656 667 677 776 527 769
10 647 796 613 602 500 791 899 200 485 529
10 668 808 438 202 847 472 632 304 781 305
10 722 473 668 576 463 435 803 570 549 837
10 740 393 176 578 320 284 818 311 381 139
10 746 273 894 459 652 461 887 296 448 763
10 709 676 713 229 756 758 183 277 859 404
10 748 504 720 780 342 896 842 500 635 347
10 614 451 634 161 519 703 808 371 683 821
10 182 822 306 476 525 618 761 585 511 473
10 522 324 187 372 696 818 354 619 140 875
10 251 243 575 618 152 170 874 868 176 817
10 636 320 681 845 183 188 751 572 730 193
10 598 547 395 425 546 251 440 628 606 358
10 363 665 537 696 320 856 558 153 291 761
10 334 146 745 725 510 714 216 813 208 769
10 424 362 588 822 349 895 242 723 188 339
10 420 528 439 737 236 803 685 265 571 791
10 530 347 649 313 604 357 479 569 367 729
10 283 858 290 587 154 827 328 734 866 807
10 539 569 500 424 685 871 419 577 849 232
10 770 878 560 372 447 835 687 254 298 430
10 522 555 797 793 471 712 767 849 538 341
10 763 364 176 578 623 427 232 688 250 765
10 142 391 584 273 495 805 891 323 319 227
10 811 744 738 177 636 561 226 548 349 167
10 536 881 484 180 775 867 295 829 760 711
10 653 177 776 156 638 759 502 366 667 829
10 751 752 692 262 892 589 512 772 646 420
10 894 396 143 555 640 266 569 798 221 241
10 274 470 506 389 449 252 552 566 445 282
10 335 470 429 519 291 828 139 897 259 640
10 529 640 364 669 712 333 181 670 162 229
10 210 656 631 559 296 387 220 659 738 770
10 579 454 240 772 587 196 359 603 769 524
10 298 237 366 392 535 651 375 224 175 734
10 647 362 710 597 665 695 198 501 432 844
10 675 772 524 278 359 385 778 436 367 428
10 148 877 725 351 735 749 355 537 150 441
10 763 247 376 819 248 768 584 612 420 772
10 835 345 164 400 815 216 454 529 487 555
10 650 595 213 706 242 358 637 454 899 361
10 688 735 864 775 469 609 753 545 637 657
10 156 274 627 774 258 809 646 852 307 308
10 891 584 418 162 453 313 395 307 457 140
10 223 687 575 424 375 594 693 348 516 757
10 374 399 522 362 409 380 899 719 313 229
10 518 895 569 803 890 175 147 217 855 818
10 652 665 685 750 225 412 336 861 393 611
10 341 831 448 884 386 645 268 507 843 226
10 363 615 718 749 496 765 301 721 657 397
10 609 690 140 736 147 893 192 462 183 201
10 245 845 457 198 235 237 698 541 694 663
10 432 428 811 384 469 758 365 497 886 523
10 618 609 440 881 591 664 180 828 879 836
10 314 342 843 578 618 412 779 272 396 161
10 749 137 558 367 762 612 217 810 713 464
10 472 547 154 812 641 376 355 276 854 616
10 651 216 691 293 441 474 159 444 449 147
10 148 439 841 837 212 333 250 710 691 734
10 174 149 771 433 338 278 356 181 423 789
10 466 394 770 549 621 818 562 758 344 418
10 332 336 652 724 709 276 874 513 442 602
10 680 521 328 233 651 654 883 384 818 505
10 230 548 274 799 265 846 436 898 534 333
10 285 509 730 811 897 250 789 217 154 427
10 663 363 819 552 612 642 863 606 283 438
10 417 708 227 555 539 300 890 283 477 232
10 493 527 184 374 512 556 338 825 635 171
10 516 696 794 190 375 549 253 305 635 276
10 806 351 427 358 342 489 353 344 477 694
10 361 562 791 851 782 207 823 553 561 730
10 154 895 289 585 403 298 504 529 186 373
10 417 396 162 209 215 765 585 869 719 762
10 348 297 172 865 608 630 218 174 830 500
10 696 173 458 703 687 178 824 772 893 699
10 385 348 527 811 147 784 257 466 381 515
10 759 279 354 437 840 748 752 535 532 593
10 856 165 804 616 149 309 229 359 325 530
10 669 264 372 884 526 270 806 676 689 719
10 472 792 399 391 250 265 251 217 728 434
10 478 343 856 507 892 850 697 262 233 787
10 284 144 157 345 411 715 794 385 523 245
10 900 870 367 442 411 627 711 485 646 217
10 266 894 301 766 699 669 389 664 442 755
10 706 149 503 349 238 436 839 382 372 373
10 370 794 730 569 173 359 837 762 890 267
10 577 802 220 188 273 867 488 567 674 246
10 329 542 811 758 773 366 264 319 553 583
10 737 756 630 731 613 445 647 285 730 746
10 679 820 888 172 274 361 640 726 387 804
10 404 224 726 805 411 268 737 190 294 518
10 589 884 289 896 374 473 892 148 246 770
10 844 645 714 340 258 848 655 283 871 207
10 838 854 879 345 507 256 344 339 313 171
10 544 895 667 412 307 553 754 261 278 746
10 474 454 291 536 260 228 780 807 145 628
10 390 635 152 693 185 608 865 878 339 604
10 576 237 443 281 637 826 272 301 615 373
10 304 259 250 724 231 403 361 552 786 260
10 723 351 827 393 293 447 619 594 569 154
10 615 667 352 435 376 485 173 736 559 456
10 832 759 526 732 237 271 645 843 434 376
10 582 671 730 574 381 653 828 315 748 838
10 770 808 839 235 252 620 721 888 353 533
10 833 744 591 537 301 824 693 731 896 650
10 846 675 250 805 627 162 888 501 486 586
10 793 409 837 740 151 138 689 808 226 325
10 603 732 511 775 625 899 711 410 877 734
10 851 712 691 698 274 268 353 422 160 431
10 224 589 228 380 539 568 423 894 527 494
10 610 377 591 875 189 711 539 217 645 514
10 891 359 299 327 733 435 668 418 230 365
10 807 706 397 273 723 635 389 373 673 326
10 440 430 842 309 493 488 219 242 725 764
10 490 623 320 305 798 384 388 240 398 405
10 884 817 888 737 896 450 568 869 358 145
10 831 848 664 473 856 652 850 272 263 768
10 566 850 300 529 460 347 363 501 723 381
10 165 860 511 252 668 452 456 537 186 610
10 747 464 191 622 605 606 793 539 592 504
10 785 712 188 888 252 801 320 237 378 243
10 590 189 198 875 147 464 354 587 457 774
10 874 724 562 642 325 167 182 210 384 382
10 441 842 389 822 824 709 193 563 877 780
10 773 636 266 793 339 508 305 761 326 680
10 205 626 718 858 652 387 629 728 451 614
10 665 320 890 564 315 347 308 487 276 809
10 158 427 137 562 185 305 592 323 721 208
10 604 577 480 492 659 423 264 381 468 427
10 878 673 304 429 183 765 333 343 771 648
10 321 395 792 879 889 181 202 471 733 875
10 793 688 147 232 883 786 548 559 202 459
10 188 543 424 421 683 361 224 216 187 864
10 159 508 214 490 163 368 153 895 301 528
10 742 361 878 881 744 281 497 176 775 495
10 247 668 141 868 442 520 151 871 806 619
10 171 383 417 272 864 709 576 214 876 886
10 464 163 834 185 469 713 655 722 632 504
10 835 621 676 662 487 412 865 773 207 372
10 893 314 881 786 517 326 215 605 806 662
10 228 694 623 547 529 848 778 586 207 632
10 260 388 459 787 145 689 706 648 735 191
10 882 712 571 276 349 517 681 654 804 351
10 801 563 836 346 502 340 535 416 898 652
10 589 446 384 186 836 539 492 176 363 501
10 772 830 777 836 515 191 183 415 167 877
10 853 367 550 798 771 139 522 264 301 259
10 152 502 256 406 189 325 632 400 574 616
10 550 628 376 651 166 379 745 237 502 562
10 705 171 224 256 516 350 240 663 568 859
10 624 243 680 817 417 734 331 888 319 540
10 658 855 806 273 630 398 211 697 800 307
10 503 860 842 749 886 493 845 898 815 706
10 777 642 549 697 774 405 211 646 566 346
10 300 619 585 289 355 500 552 728 862 295
10 657 811 255 370 827 324 438 346 758 435
10 724 191 879 654 565 162 771 467 298 252
10 824 292 844 565 160 151 619 640 746 783
10 688 172 616 746 261 551 436 571 302 594
10 886 853 362 495 552 819 585 815 401 621
10 784 632 746 900 740 449 708 881 810 165
10 261 344 762 566 684 539 731 477 722 888
10 237 312 329 351 471 257 688 651 526 794
10 691 592 243 626 867 285 299 656 630 667
10 201 877 223 352 154 600 731 164 313 278
10 590 568 274 450 330 641 221 502 307 672
10 889 252 469 895 494 183 675 245 336 471
10 763 823 363 663 452 536 642 703 864 454
10 204 790 362 609 802 697 210 167 365 503
10 142 275 893 762 455 708 600 273 248 290
10 588 684 625 712 808 402 141 455 549 248
10 198 358 826 464 418 825 812 327 442 865
10 218 543 350 187 704 579 254 861 699 435
10 784 584 549 481 678 379 186 882 433 470
10 373 442 821 586 203 370 271 508 705 615
10 203 542 634 729 725 810 144 351 795 229
10 749 818 332 157 262 581 372 160 545 758
10 284 435 693 387 219 402 453 485 397 598
10 602 555 469 443 824 217 137 650 843 405
10 292 485 730 211 246 790 416 516 718 340
10 295 342 315 249 302 447 286 887 188 248
10 527 194 467 176 517 829 525 409 784 174
10 364 722 273 791 890 474 416 812 355 435
10 394 349 167 253 220 325 732 221 303 719
10 463 221 872 399 632 763 295 555 454 673
10 210 289 816 615 726 712 212 892 389 209
10 803 754 250 175 264 179 335 843 360 706
10 600 213 789 470 205 319 869 511 244 285
10 575 222 141 652 154 571 558 413 457 406
10 300 572 249 334 669 366 328 895 474 489
10 519 843 569 406 467 479 895 651 173 151
10 742 885 688 888 200 329 842 834 195 347
10 317 613 717 203 291 645 734 808 490 742
10 292 746 489 405 178 661 620 614 756 800
10 681 411 324 624 855 240 584 376 788 568
10 842 895 253 784 463 248 795 886 638 781
10 747 569 798 479 204 428 737 637 860 426
10 541 439 234 730 147 650 683 857 364 665
10 412 883 153 580 528 502 575 220 238 574
10 761 317 217 614 384 737 541 414 792 315
10 883 391 844 443 527 334 216 667 726 595
10 362 203 246 649 578 868 650 614 476 342
10 221 539 843 533 858 593 159 175 647 722
10 596 270 254 524 391 642 534 636 536 646
10 385 621 509 528 671 397 518 626 894 809
10 783 859 810 194 425 880 178 639 283 702
10 334 284 428 413 156 551 899 609 163 488
10 323 771 559 553 628 664 535 457 337 614
10 432 814 794 749 176 779 200 815 386 223
10 600 296 144 162 728 763 648 636 616 591
10 170 820 410 840 805 144 745 218 391 267
10 867 296 245 373 651 537 672 815 549 255
10 178 207 757 411 779 276 427 827 787 631
10 349 542 666 757 828 891 143 176 348 436
10 543 142 763 764 215 675 336 633 789 791
10 292 187 456 459 560 223 710 484 592 747
10 782 874 855 442 824 563 756 523 426 525
10 795 697 581 191 654 757 347 642 440 545
10 895 415 763 377 263 515 289 687 827 175
10 750 784 701 264 819 799 810 346 736 718
10 234 899 448 447 371 254 797 670 467 386
10 844 328 840 818 894 792 368 142 192 292
10 666 353 624 148 458 213 680 333 888 706
10 361 742 655 814 780 335 866 364 330 442
10 841 303 732 719 631 803 864 395 657 460
10 147 639 776 665 774 796 526 646 249 443
10 287 306 574 382 447 649 237 340 241 203
10 217 328 269 627 799 387 252 302 858 248
10 494 639 223 685 335 244 365 237 393 513
10 754 170 485 864 532 686 306 424 874 538
10 746 442 291 515 828 237 393 554 553 192
10 410 256 546 277 353 162 227 390 432 603
10 457 401 740 184 695 771 871 158 320 845
10 509 175 433 165 712 720 524 536 637 566
10 741 483 763 702 138 708 761 754 281 341
10 604 242 546 181 528 627 818 643 408 873
10 324 363 290 216 441 420 544 355 885 816
10 689 232 481 585 393 280 655 509 376 578
10 696 293 527 307 594 863 141 390 178 138
10 367 162 202 842 697 886 191 608 185 662
10 555 526 476 828 415 559 424 512 531 540
10 374 619 354 756 505 617 210 733 247 877
10 598 331 510 716 319 851 626 275 317 589
10 742 328 646 738 870 184 746 719 482 712
10 695 812 343 324 718 405 154 144 492 877
10 681 252 241 175 378 629 453 142 766 684
10 419 490 483 299 536 688 477 789 724 412
10 548 575 759 359 381 429 173 217 170 672
10 728 449 200 156 717 578 815 266 767 625
10 674 830 194 377 279 603 702 398 842 715
10 613 548 420 688 481 651 879 872 171 461
10 205 862 522 233 265 501 149 166 305 253
10 267 579 354 259 214 791 788 708 594 151
10 619 210 650 329 772 807 398 898 825 725
10 839 760 207 387 428 427 593 717 417 281
10 218 198 756 596 254 406 415 136 387 636
10 569 226 305 315 317 793 534 786 345 375
10 220 799 203 804 493 800 326 691 144 447
10 390 696 864 244 202 362 860 657 602 297
10 379 310 364 574 553 171 221 213 782 900
10 755 633 773 486 667 649 140 819 283 355
10 208 282 524 673 171 442 300 173 789 638
10 587 868 861 747 477 661 580 431 464 366
10 169 656 889 541 852 245 732 556 568 816
10 174 415 759 373 605 789 649 255 440 175
10 489 452 342 726 671 180 283 815 147 319
10 514 423 661 698 497 235 556 184 309 725
10 280 894 628 399 850 885 381 169 345 403
10 550 888 634 195 739 731 781 824 321 141
10 227 355 738 608 845 814 871 426 225 847
10 559 176 345 262 247 465 628 456 475 233
10 283 561 805 144 316 559 300 868 363 411
10 147 618 506 569 186 443 885 335 571 717
10 227 826 418 595 454 507 900 687 310 449
10 678 514 627 528 865 366 170 559 180 628
10 313 489 860 847 270 833 400 718 594 355
10 260 428 572 528 786 678 787 668 453 564
10 219 347 896 151 801 765 763 664 721 147
10 165 475 532 553 801 651 537 534 430 402
10 718 212 527 891 409 843 774 566 634 255
10 242 552 308 501 374 766 760 291 735 817
10 695 514 363 639 501 665 172 724 207 338
10 557 312 407 627 643 890 752 287 814 682
10 460 485 247 664 545 817 325 523 585 756
10 446 584 465 171 757 869 382 142 281 717
10 434 313 370 525 408 385 471 846 893 857
10 875 192 272 879 198 811 840 363 537 149
10 551 854 316 402 425 771 282 141 805 832
10 858 586 239 581 647 392 787 882 591 841
10 691 364 602 851 348 868 397 732 574 407
10 289 493 497 778 145 155 251 178 575 175
10 187 437 192 644 667 806 198 627 810 381
10 141 888 190 765 645 670 441 407 665 880
10 842 667 768 315 619 857 696 588 386 627
10 416 860 216 483 775 395 695 700 578 354
10 883 712 195 436 208 700 702 411 593 487
10 869 832 527 825 291 537 628 540 853 366
10 261 543 160 601 285 574 154 420 392 291
10 178 330 610 522 791 665 788 230 340 843
10 273 801 704 431 189 386 582 252 649 323
10 477 555 251 492 493 816 789 772 194 762
10 468 635 195 327 488 798 871 166 708 820
10 314 403 880 460 198 405 704 530 152 524
10 748 191 624 160 320 323 519 193 356 836
10 825 747 179 867 538 718 742 808 549 469
10 772 627 502 528 447 641 330 181 499 894
10 723 525 499 414 593 502 226 728 441 589
10 859 220 661 154 479 592 766 810 471 819
10 159 747 509 366 338 232 675 463 606 292
10 316 568 237 718 674 543 666 855 185 822
10 508 560 420 198 234 747 815 892 238 572
10 433 138 416 862 548 839 661 594 509 414
10 278 861 862 352 153 503 842 471 345 696
10 834 512 644 836 411 578 811 230 841 867
10 738 561 590 665 476 514 823 210 549 440
10 176 513 428 602 807 361 442 783 629 703
10 447 877 268 328 717 781 685 252 835 397
10 768 712 495 779 882 180 205 422 829 237
10 636 277 896 334 399 554 759 713 899 168
10 540 802 634 581 137 485 783 409 847 533
10 396 238 852 275 512 766 885 634 444 295
10 556 521 309 321 380 504 219 582 306 768
10 351 285 222 809 726 330 169 642 827 174
10 565 741 827 139 394 539 302 675 232 729
10 642 576 802 625 273 439 294 528 577 745
10 707 679 806 481 558 577 185 800 488 306
10 752 440 403 575 144 198 361 857 163 483
10 633 826 599 851 279 193 837 297 803 897
10 330 856 538 682 370 216 293 304 899 884
10 693 750 137 454 370 735 550 415 422 749
10 585 400 439 624 328 602 821 610 691 572
10 151 346 651 597 807 203 263 706 678 673
10 265 673 900 290 687 793 828 426 191 599
10 206 837 310 578 223 419 563 318 379 435
10 651 337 430 598 151 173 700 628 558 800
10 619 253 611 854 155 454 143 326 352 675
10 561 166 174 268 377 781 766 558 318 348
10 696 195 266 389 374 540 572 774 660 306
10 715 517 645 577 665 395 506 800 746 352
10 322 304 149 297 434 375 305 768 541 474
10 515 620 425 819 739 679 209 261 220 156
10 319 239 591 803 195 272 249 396 604 222
10 160 234 593 315 757 579 599 205 325 421
10 259 483 418 543 825 244 284 729 650 725
10 503 762 514 862 255 415 594 647 658 204
10 167 761 295 162 533 879 648 269 332 414
10 509 310 342 789 682 373 283 677 535 784
10 525 216 414 766 352 580 203 471 256 318
10 883 677 550 880 813 391 898 465 222 198
10 746 517 149 673 602 670 584 467 439 458
10 725 261 665 463 232 888 532 287 648 160
10 584 301 635 346 469 819 665 206 491 543
10 540 396 245 477 172 235 691 668 205 179
10 628 448 841 712 474 861 480 225 510 168
10 453 309 333 313 452 764 363 811 754 525
10 370 192 277 266 475 386 633 725 690 205
10 473 373 566 294 531 583 379 220 186 601
10 142 315 658 745 581 817 482 214 478 201
10 782 852 876 891 660 382 523 768 537 759
10 875 616 160 841 297 884 225 839 610 627
10 810 399 813 202 491 607 480 699 402 164
10 627 750 732 394 258 680 712 881 340 631
10 436 324 773 603 410 537 805 144 239 269
10 453 329 508 239 194 177 735 351 626 762
10 158 186 513 879 243 601 283 304 629 721
10 280 664 198 525 552 586 711 736 389 434
10 895 458 408 350 264 601 796 207 884 689
10 651 681 304 684 356 665 600 736 797 441
10 321 873 670 656 138 652 415 688 564 565
10 779 441 889 661 414 354 515 370 256 283
10 892 772 731 674 477 416 419 817 775 204
10 597 391 170 658 833 624 332 149 786 687
10 750 884 678 190 419 880 310 853 577 665
10 619 315 678 849 815 767 218 899 865 480
10 884 401 159 293 876 758 288 286 857 732
10 767 882 393 814 868 725 554 752 401 296
10 417 637 545 190 146 692 526 566 653 207
10 200 653 448 390 524 585 206 844 245 445
10 220 359 640 515 604 817 289 811 480 760
10 175 583 276 368 435 506 405 622 795 748
10 817 290 381 602 582 782 139 434 833 496
10 869 486 634 491 893 657 850 644 882 415
10 719 542 470 736 602 361 623 700 323 174
10 387 246 561 575 144 740 773 424 397 211
10 847 874 503 253 854 423 784 547 635 359
10 657 794 483 572 785 751 846 599 424 625
10 859 693 896 761 820 502 211 706 351 448
10 778 552 791 535 779 652 391 860 308 307
10 728 609 772 467 136 875 398 347 771 368
10 486 235 633 330 611 191 504 196 374 594
10 586 413 864 434 737 751 332 376 587 621
10 300 285 287 226 506 761 817 261 492 567
10 426 451 232 710 324 405 463 266 378 545
10 441 366 312 363 217 805 746 843 606 418
10 412 264 556 773 643 418 296 438 606 312
10 236 355 646 256 178 142 752 582 411 664
10 407 330 748 389 751 642 792 719 367 151
10 801 692 551 435 208 596 296 710 595 225
10 573 159 406 821 665 160 240 455 217 142
10 197 227 596 152 825 748 401 509 717 880
10 710 611 194 885 828 196 287 217 626 313
10 170 724 407 206 240 442 256 634 430 661
10 176 423 160 593 164 812 297 864 534 461
10 393 883 399 754 744 655 270 200 773 237
10 769 298 403 472 545 773 572 851 285 883
10 680 611 781 700 875 534 708 505 601 627
10 287 650 223 491 663 459 515 881 171 486
10 674 789 750 403 203 428 422 717 560 500
10 164 678 196 729 358 598 774 528 666 256
10 500 151 265 628 876 767 590 711 511 856
10 831 737 707 881 333 448 695 474 169 176
10 701 136 839 870 306 468 408 471 567 554
10 194 724 581 287 676 388 804 862 293 465
10 306 222 472 473 514 417 153 496 226 793
10 751 189 453 849 517 169 531 141 763 544
10 483 154 359 261 439 249 797 362 220 735
10 850 529 843 732 139 433 357 739 682 228
10 341 739 809 585 610 169 512 643 639 193
10 615 616 136 288 734 491 737 459 189 460
10 473 186 804 269 283 400 738 206 873 761
10 198 845 248 299 861 303 229 210 163 330
10 433 444 188 525 869 309 213 515 703 201
10 480 705 577 604 376 269 753 343 715 722
10 305 461 761 883 455 422 817 481 443 276
10 262 653 220 873 884 650 170 559 820 843
10 645 307 846 191 700 519 388 874 784 200
10 696 826 842 417 507 467 644 248 166 890
10 240 839 309 548 547 652 450 631 847 639
10 766 822 323 773 747 337 566 374 664 597
10 845 896 694 651 787 828 761 506 236 444
10 302 336 395 516 564 698 344 770 400 394
10 400 548 493 769 806 175 422 747 768 861
10 179 587 840 614 851 620 260 521 297 310
10 445 389 787 522 593 358 536 383 152 518
10 207 378 500 409 666 167 251 428 241 754
10 755 194 500 156 259 743 374 711 641 892
10 620 362 748 612 187 503 501 611 630 491
10 356 429 149 650 851 282 545 565 697 447
10 783 698 731 565 512 166 316 756 335 542
10 570 485 408 402 530 668 588 799 404 160
10 703 241 779 730 766 754 202 836 718 209
10 240 813 584 681 258 802 435 722 683 517
10 742 565 781 346 305 320 791 371 778 636
10 875 580 880 721 338 891 419 673 280 630
10 315 708 546 368 767 386 805 568 354 209
10 772 149 823 228 698 892 751 169 845 372
10 480 435 515 260 592 255 860 380 478 470
10 545 424 891 382 667 186 263 791 794 203
10 437 167 255 263 171 813 231 681 637 772
10 409 543 274 886 142 820 667 750 201 725
10 612 626 328 171 738 622 689 687 533 252
10 690 209 533 729 886 477 537 624 741 221
10 873 493 749 531 561 312 421 214 602 797
10 578 407 662 663 197 400 586 223 821 493
10 723 495 322 320 670 672 171 238 151 573
10 835 279 776 762 188 850 708 598 158 375
10 151 390 873 869 215 450 216 354 498 738
10 711 837 659 750 405 609 719 759 599 891
10 146 743 454 524 224 305 272 211 544 151
10 670 635 633 881 686 602 214 371 188 825
10 868 752 272 805 563 140 146 828 519 533
10 327 393 279 413 240 396 272 635 733 336
10 622 533 314 834 191 655 873 534 367 632
10 541 504 440 673 272 229 169 397 770 876
10 529 694 176 140 137 781 728 597 319 845
10 722 320 273 691 594 839 795 513 650 252
10 159 440 267 371 742 797 263 506 429 439
10 568 730 857 495 255 329 365 424 584 437
10 235 499 736 549 462 485 836 864 614 751
10 806 455 151 713 581 890 452 573 887 368
10 381 801 565 252 483 414 699 354 628 726
10 567 571 510 494 451 191 680 231 350 889
10 622 869 657 434 556 188 192 754 541 638
10 887 661 454 673 718 713 686 768 143 210
10 236 547 266 659 340 718 759 719 243 723
10 192 434 155 828 332 889 263 352 574 555
10 464 187 302 249 797 163 730 501 300 589
10 844 141 385 759 465 312 293 705 889 560
10 344 156 785 361 900 488 742 702 650 777
10 362 857 414 860 802 461 321 258 624 262
10 422 466 891 241 380 577 202 215 484 728
10 636 601 856 351 565 253 536 314 462 356
10 557 383 632 876 575 477 805 620 158 502
10 718 614 749 202 804 366 851 815 572 666
10 596 288 790 708 314 262 716 714 524 724
10 753 475 473 242 752 657 352 188 849 793
10 630 559 756 867 488 561 209 218 303 535
10 268 215 738 472 843 610 544 835 810 600
10 394 789 329 437 457 889 215 344 806 443
10 612 828 897 264 373 295 882 570 671 830
10 188 740 216 844 162 810 624 392 386 751
10 350 448 504 287 139 712 824 674 469 322
10 767 327 895 660 743 491 475 668 263 782
10 739 640 222 578 171 537 398 776 860 785
10 547 395 745 733 626 777 529 211 894 498
10 871 806 153 417 434 491 457 668 423 676
10 881 588 177 248 291 282 826 144 373 430
10 855 418 602 794 712 411 391 702 845 310
10 654 449 154 213 734 651 190 222 689 824
10 380 178 712 661 239 203 393 483 893 403
10 415 517 618 628 435 709 855 587 357 748
10 569 255 283 442 141 696 664 788 654 684
10 284 662 666 624 521 554 605 580 752 529
10 414 218 300 406 387 625 349 746 549 767
10 808 295 422 640 733 837 886 646 514 431
10 676 508 856 315 872 331 371 531 391 598
10 481 259 519 625 614 483 765 830 291 678
10 683 496 294 638 183 189 208 197 511 860
10 762 447 713 267 428 313 524 698 467 235
10 758 883 336 521 304 574 342 645 315 176
10 249 310 844 643 407 457 598 622 841 197
10 891 222 686 567 170 328 321 501 176 821
10 260 390 519 726 825 792 245 200 627 339
10 721 617 255 887 814 578 840 762 243 531
10 415 595 616 843 240 385 871 554 831 518
10 284 566 561 747 304 787 696 630 203 316
10 420 669 649 643 140 418 878 459 341 636
10 692 762 368 212 456 460 199 285 551 480
10 572 402 877 372 350 421 551 698 165 829
10 433 554 698 823 428 347 516 265 611 581
10 548 350 474 297 685 623 315 686 647 351
10 345 625 695 893 766 649 878 380 584 334
10 567 299 659 514 820 180 306 434 386 140
10 696 488 684 671 653 677 681 146 732 839
10 239 343 214 399 572 163 183 696 346 675
10 686 396 877 391 649 739 241 406 696 222
10 142 246 837 818 234 252 768 884 411 432
10 853 142 429 773 539 686 404 344 226 254
10 841 889 519 571 527 600 139 189 802 241
10 609 376 687 890 321 259 675 235 310 144
10 741 625 512 804 875 715 735 830 680 754
10 204 665 714 378 651 601 617 688 237 790
10 363 631 282 240 702 887 389 654 379 613
10 168 184 875 768 459 265 344 186 247 892
10 855 548 720 456 234 490 436 249 373 883
10 423 513 645 145 190 814 660 343 512 391
10 412 220 454 806 874 564 894 186 746 807
10 344 571 620 512 446 177 582 818 541 459
10 645 823 210 399 858 591 699 760 454 596
10 663 474 246 591 191 698 649 182 867 479
10 691 665 614 617 348 853 281 895 804 328
10 899 807 486 848 648 150 453 874 501 354
10 508 170 789 257 137 623 467 696 216 167
10 694 838 600 199 855 746 646 861 651 315
10 471 225 178 377 172 207 240 260 569 429
10 606 197 505 788 267 645 225 524 482 425
10 578 172 761 515 399 412 242 148 874 382
10 487 610 419 277 564 437 795 173 552 160
10 402 142 157 525 682 607 733 800 635 465
10 368 281 314 801 873 769 679 621 308 218
10 330 372 565 804 458 294 401 818 382 548
10 469 879 483 823 745 359 210 776 859 732
10 672 619 321 198 205 794 775 255 558 189
10 579 434 754 400 420 136 292 517 365 674
10 231 233 623 491 422 420 565 814 796 647
10 731 899 827 825 206 882 734 282 717 596
10 608 491 231 248 230 784 635 250 257 190
10 285 513 294 595 691 610 250 394 734 181
10 631 375 374 222 227 553 310 413 143 882
10 507 502 485 240 329 581 826 865 625 409
10 795 364 330 283 711 362 593 157 365 759
10 159 885 154 307 153 764 163 782 365 697
10 283 749 435 585 313 862 739 544 649 655
10 462 742 805 728 288 732 509 464 228 374
10 646 557 877 792 439 783 325 769 735 677
10 823 184 668 581 480 275 638 196 574 271
10 169 590 295 298 602 579 470 372 146 539
10 202 594 895 568 712 530 669 601 795 387
10 318 888 399 373 424 533 161 207 523 548
10 573 316 738 789 642 846 748 553 629 504
10 361 298 644 508 229 421 273 436 272 136
10 686 611 751 736 417 763 438 207 670 290
10 541 453 298 682 575 161 724 339 838 536
10 347 154 414 745 563 690 816 661 222 793
10 865 856 863 385 160 614 893 167 498 357
10 209 609 687 176 760 396 755 571 599 378
10 785 799 254 339 550 517 449 437 410 574
10 398 713 721 335 794 232 403 569 846 356
10 468 336 723 273 472 785 469 831 278 216
10 494 454 704 172 626 524 235 493 450 808
10 455 392 275 728 555 400 814 891 450 650
10 299 764 193 543 860 207 379 481 501 346
10 881 489 525 739 392 668 731 582 728 349
10 212 719 783 173 709 169 426 660 803 422
10 390 813 513 843 808 698 736 150 731 431
10 603 270 434 808 800 739 297 378 271 529
10 680 258 147 613 305 450 505 204 574 523
10 190 815 684 224 753 477 417 657 264 186
10 552 297 764 619 848 278 379 462 840 835
10 160 525 395 857 216 898 211 164 312 392
10 306 497 235 849 618 226 572 227 850 884
10 576 855 530 881 514 626 372 373 891 155
10 794 519 705 568 303 283 643 553 562 536
10 775 850 421 187 705 651 551 416 290 782
10 445 649 605 338 142 745 223 461 161 657
10 154 260 861 218 643 548 720 479 445 339
10 677 346 897 573 137 455 721 817 191 408
10 816 247 896 390 264 571 604 230 662 409
10 797 157 378 874 545 180 834 196 457 667
10 328 433 488 184 456 532 784 159 376 434
10 394 732 836 425 229 160 499 299 610 362
10 809 594 854 451 687 657 708 180 208 479
10 543 863 555 558 616 215 320 321 833 357
10 644 536 761 743 775 590 852 328 321 324
10 196 422 797 470 433 235 469 529 825 313
10 293 440 391 386 421 747 378 731 740 506
10 499 668 648 277 198 294 461 459 426 839
10 757 352 605 197 302 528 744 332 459 264
10 764 319 287 206 716 434 523 304 169 407
10 477 635 375 204 263 746 697 250 875 553
10 589 576 647 692 504 145 617 593 622 334
10 366 699 198 313 751 709 411 625 710 856
10 443 444 145 585 287 358 457 277 522 589
10 423 310 285 893 459 547 139 299 536 151
10 502 571 670 504 610 507 282 216 420 404
10 215 205 560 779 430 364 169 174 186 278
10 589 546 270 612 753 552 411 503 201 792
10 258 660 788 282 760 767 805 604 814 219
10 868 160 568 508 489 481 560 563 271 181
10 720 384 353 774 370 365 592 442 737 828
10 299 438 193 608 572 580 405 181 404 858
10 304 666 640 443 653 773 562 486 220 528
10 615 557 347 817 820 514 308 693 231 245
10 781 863 896 282 310 698 873 752 612 537
10 601 688 759 175 431 471 792 600 140 747
10 763 294 519 823 624 769 796 268 707 424
10 391 313 172 411 560 183 749 177 774 186
10 325 692 443 633 336 757 859 845 529 742
10 421 512 677 569 591 252 153 557 562 801
10 311 422 634 669 305 511 248 655 515 556
10 203 430 872 590 322 325 816 826 545 335
10 682 583 719 285 796 543 797 496 152 365
10 593 870 186 858 722 407 174 384 524 703
10 658 234 891 439 509 143 195 208 396 467
10 742 556 778 861 428 637 269 802 837 751
10 291 434 662 728 742 881 392 691 689 757
10 895 279 169 199 838 346 167 342 496 623
10 662 796 664 737 760 551 193 588 351 512
10 423 729 256 273 890 779 200 780 830 478
10 692 623 728 146 432 448 311 230 367 512
10 139 461 241 546 790 235 490 823 351 806
10 481 347 897 158 638 502 434 766 359 233
10 785 587 212 838 883 358 508 347 289 297
10 686 676 817 598 208 455 375 262 519 444
10 431 667 480 290 569 794 806 784 147 353
10 169 685 820 225 335 286 536 331 456 565
10 456 240 314 201 147 151 475 769 816 486
10 152 623 438 416 540 883 288 689 386 307
10 193 498 422 755 721 738 232 538 380 169
10 813 462 861 442 570 528 143 622 737 653
10 226 804 215 877 211 508 411 600 802 650
10 831 289 342 853 867 678 773 282 324 597
10 331 319 898 769 328 828 267 209 164 576
10 738 270 853 449 456 466 354 602 603 169
10 616 800 627 259 815 723 551 137 317 837
10 716 577 807 158 670 622 416 457 900 572
10 299 834 716 800 417 607 217 329 735 528
10 366 868 333 557 253 523 279 274 791 372
10 825 695 359 306 657 151 312 753 464 701
10 561 603 435 291 891 775 229 250 834 331
10 855 270 549 508 759 439 381 177 361 384
10 735 448 408 549 468 588 227 374 519 850
10 520 397 382 139 562 159 402 707 538 844
10 808 235 422 794 312 318 301 622 597 598
10 397 308 830 609 580 570 222 325 735 706
10 746 622 582 220 529 301 801 729 681 372
10 263 577 167 587 748 520 831 619 578 558
10 702 517 409 650 142 778 697 527 162 458
10 751 803 296 683 742 387 775 697 488 851
10 558 881 485 624 602 559 160 873 817 327
10 166 562 280 879 756 885 357 595 626 483
10 761 862 318 218 537 461 138 164 552 874
10 406 833 580 689 258 154 428 231 308 334
10 332 147 313 476 220 312 563 378 416 608
10 233 499 750 609 568 226 644 305 517 690
10 318 683 654 461 663 420 674 184 330 559
10 679 465 685 168 455 568 501 703 310 757
10 372 437 599 817 347 464 310 365 292 266
10 212 746 889 632 384 654 185 677 138 306
10 673 549 411 831 499 513 284 167 228 540
10 623 307 566 640 324 356 641 761 595 370
10 653 678 879 440 856 353 420 311 295 730
10 143 318 295 861 894 378 222 321 268 408
10 579 547 658 759 378 441 183 752 408 188
10 806 821 287 435 655 774 667 393 314 816
10 272 495 210 358 213 588 419 235 181 289
10 572 754 679 595 190 632 546 217 682 347
10 449 686 878 568 238 675 383 463 719 304
10 315 223 218 737 795 269 797 333 186 412
10 736 582 773 457 437 402 378 301 859 746
10 524 849 230 632 154 601 331 422 706 647
10 703 668 525 432 707 338 293 376 374 585
10 364 432 149 713 459 190 823 489 626 752
10 354 727 720 744 444 449 628 476 266 397
10 805 281 703 694 412 682 150 714 178 845
10 380 461 622 543 807 542 813 861 302 444
10 430 829 281 735 535 666 414 667 841 193
10 214 234 462 875 693 759 285 369 181 751
10 445 421 493 784 768 172 662 313 463 425
10 670 279 218 844 740 258 691 419 262 728
10 887 428 479 845 818 631 520 443 172 362
10 382 510 616 576 834 229 522 736 212 899
10 850 743 849 557 407 551 194 530 334 676
10 484 757 447 351 847 530 755 485 408 780
10 660 848 372 508 535 422 688 269 543 598
10 662 896 858 677 807 862 719 140 548 381
10 147 894 467 617 235 491 498 388 264 561
10 452 556 300 490 184 773 784 238 353 743
10 299 469 474 400 272 642 352 226 818 718
10 589 361 764 650 675 669 588 761 543 260
10 309 648 857 493 624 634 382 832 802 593
10 373 468 375 145 610 677 706 749 439 338
10 621 786 522 682 558 163 478 641 178 262
10 847 243 680 460 484 175 253 161 482 139
10 198 149 206 635 158 824 651 345 312 368
10 321 629 788 286 780 738 355 224 489 272
10 246 826 186 653 611 462 588 854 705 560
10 521 598 221 554 803 325 614 753 749 516
10 518 592 672 280 792 222 721 636 334 139
10 269 589 184 535 892 711 749 255 257 320
10 311 498 596 243 569 707 519 449 769 566
10 368 294 168 227 897 272 719 364 731 302
10 591 874 897 533 769 626 540 160 210 840
10 607 668 827 793 391 322 738 489 508 569
10 827 212 172 865 670 371 746 854 833 269
10 776 580 206 566 676 187 260 758 166 460
10 322 324 852 313 453 442 428 631 194 157
10 159 712 741 142 851 433 686 233 792 278
10 321 709 398 520 842 383 180 584 504 303
10 773 551 270 624 214 545 428 873 350 159
10 766 522 828 670 551 254 268 879 541 597
10 718 388 805 605 854 147 186 454 727 738
10 575 187 735 622 244 315 199 414 366 437
10 279 588 893 390 415 465 510 553 594 563
10 479 440 683 407 149 490 523 494 221 355
10 848 582 763 665 446 322 685 774 572 504
10 305 277 575 477 153 520 334 335 825 490
10 266 237 601 207 365 515 395 875 404 316
10 855 615 763 385 862 620 499 643 608 419
10 384 165 573 339 799 432 469 535 195 184
10 365 681 713 667 695 378 887 563 698 236
10 214 142 270 812 699 144 360 347 661 797
10 158 652 819 539 179 203 279 880 883 626
10 430 663 886 546 383 580 190 798 826 237
10 321 202 657 661 660 678 690 664 188 800
10 190 233 724 321 584 668 633 146 406 828
10 166 239 842 220 502 642 686 893 517 892
10 626 490 708 226 218 321 158 828 549 766
10 492 580 721 240 671 731 221 181 775 405
10 519 621 584 185 616 411 219 830 167 688
10 645 864 660 340 597 207 384 762 746 571
10 388 706 310 649 484 445 415 875 502 352
10 861 813 198 462 760 361 251 775 415 727
10 292 192 783 859 153 469 316 167 895 658
10 243 444 530 802 587 348 851 347 826 360
10 758 543 196 523 560 897 755 332 650 756
10 366 459 607 310 411 351 719 863 436 560
10 404 279 657 552 273 506 419 656 179 765
10 163 209 666 849 869 779 251 240 899 232
10 787 166 765 237 515 454 400 808 161 706
10 501 647 836 847 873 258 778 749 676 382
10 195 270 576 446 639 503 899 355 382 653
10 581 523 404 440 502 879 382 172 859 576
10 306 646 587 714 664 842 455 578 217 668
10 231 740 457 547 653 545 335 392 428 664
10 459 792 724 472 887 862 528 236 827 424
10 281 889 853 249 835 156 410 398 626 450
10 146 330 648 220 776 881 899 833 514 437
10 284 671 169 420 481 329 762 737 853 822
10 599 245 571 367 508 357 266 779 142 852
10 229 757 298 565 734 417 395 520 439 480
10 288 855 685 358 234 421 508 273 540 432
10 793 243 252 359 514 696 225 522 752 799
10 842 726 142 480 410 463 882 721 372 444
10 675 631 628 625 897 775 256 700 285 236
10 757 401 490 196 780 766 142 394 302 175
10 232 519 853 699 482 774 549 195 397 301
10 408 329 418 709 825 391 538 234 813 399
10 257 768 663 811 807 446 774 786 829 781
10 225 857 535 198 285 324 468 270 833 533
10 468 813 777 191 874 407 847 301 393 531
10 508 563 882 572 565 735 481 279 410 203
10 251 250 609 546 433 460 744 178 764 488
10 159 258 796 283 448 188 356 774 777 847
10 227 805 612 470 155 349 494 695 694 415
10 610 301 673 340 892 584 230 844 672 251
10 614 461 330 841 235 374 279 337 862 236
10 490 564 885 376 596 463 880 898 634 372
10 173 816 302 751 574 764 898 490 732 401
10 776 501 515 377 518 571 654 761 741 425
