200 100 3
6 1 89 33 99 16 73
6 13 62 96 37 42 95
6 3 84 22 36 21 91
6 2 62 22 52 53 25
6 7 61 72 68 34 96
6 12 92 31 66 82 85
6 10 66 87 78 79 49
6 11 45 74 83 98 19
6 3 62 72 51 77 52
6 13 42 85 81 38 56
6 6 97 87 39 56 85
6 8 71 64 24 60 29
6 7 59 19 66 69 93
6 7 89 80 45 32 69
6 2 23 86 82 94 73
6 13 68 34 73 92 21
6 12 68 77 42 21 69
6 12 52 84 38 29 39
6 8 44 36 29 85 99
6 8 54 39 67 36 22
6 10 54 32 100 34 56
6 14 83 98 61 74 26
6 2 75 70 91 19 20
6 15 85 79 70 69 51
6 6 63 51 72 75 39
6 13 62 70 31 83 52
6 1 27 17 36 42 99
6 9 49 62 61 24 96
6 7 34 97 55 84 16
6 13 28 77 53 61 19
6 15 45 35 74 77 27
6 3 35 32 88 83 44
6 3 62 55 100 20 79
6 10 28 23 47 91 29
6 13 93 59 58 72 46
6 12 82 49 66 51 58
6 3 28 40 100 90 47
6 4 50 55 46 70 57
6 14 79 43 45 57 29
6 12 81 27 58 49 90
6 5 23 55 79 82 62
6 11 73 45 62 100 80
6 2 94 55 32 30 47
6 7 69 59 98 73 90
6 1 89 59 88 47 32
6 10 54 46 63 55 87
6 14 27 60 51 75 79
6 4 23 96 87 93 18
6 13 75 42 90 22 78
6 14 87 24 52 58 81
6 6 59 31 49 69 63
6 3 20 86 57 90 66
6 15 31 79 33 64 19
6 8 57 68 55 59 92
6 15 70 96 18 83 43
6 2 69 36 65 44 31
6 6 21 28 97 34 96
6 1 50 34 43 77 54
6 8 25 29 83 28 50
6 11 41 31 18 20 85
6 12 83 31 82 51 57
6 10 21 37 54 73 16
6 9 44 79 64 58 59
6 5 16 39 29 47 45
6 13 16 79 45 46 30
6 8 92 63 29 56 86
6 6 17 50 55 62 43
6 6 73 36 72 89 61
6 4 55 66 44 47 31
6 15 37 98 99 31 97
6 4 21 47 80 22 89
6 7 89 47 74 19 71
6 13 66 18 95 37 87
6 10 72 39 78 100 95
6 13 96 38 44 81 72
6 2 79 30 76 69 92
6 10 34 66 80 70 77
6 4 24 85 73 55 41
6 15 67 86 58 26 40
6 12 75 39 78 40 28
6 11 90 25 41 32 53
6 4 23 19 45 67 59
6 8 80 45 37 61 56
6 3 33 27 92 58 99
6 5 92 60 20 75 97
6 10 39 45 27 54 36
6 11 74 47 50 86 22
6 11 92 64 43 42 96
6 10 84 61 59 60 32
6 7 71 70 54 40 88
6 10 53 40 38 76 45
6 9 81 62 18 42 99
6 5 63 46 77 34 59
6 2 79 49 31 93 77
6 13 57 90 17 92 82
6 4 34 88 30 59 89
6 13 24 53 32 31 65
6 11 69 38 83 45 36
6 6 76 75 96 24 17
6 13 87 72 47 95 19
6 6 18 72 37 46 93
6 2 16 42 88 71 43
6 13 59 33 58 44 52
6 11 47 28 75 30 91
6 11 38 94 27 81 16
6 3 23 99 42 59 60
6 2 64 87 82 62 28
6 7 60 61 39 91 21
6 14 36 37 63 93 61
6 4 31 23 18 50 38
6 8 72 38 74 84 32
6 8 90 98 23 43 87
6 1 25 52 61 26 70
6 7 43 69 30 27 52
6 12 26 35 91 43 21
6 3 39 57 80 71 23
6 11 69 85 53 95 42
6 4 60 65 22 25 56
6 11 94 46 92 55 63
6 12 66 47 61 35 87
6 39 36 57 86 85 29
6 85 52 76 19 70 63
6 49 82 74 53 68 99
6 80 59 47 21 19 70
6 94 36 17 44 100 40
6 55 76 51 29 84 46
6 74 73 20 89 78 62
6 22 71 32 18 31 78
6 47 31 76 22 66 28
6 71 100 54 29 46 49
6 62 96 36 85 91 65
6 34 65 64 66 98 81
6 97 50 73 69 24 47
6 45 96 42 81 20 84
6 72 19 56 74 59 43
6 26 39 38 27 21 18
6 42 81 98 76 74 47
6 16 72 20 55 50 43
6 78 46 69 91 24 60
6 72 69 20 35 78 59
6 51 38 68 59 40 19
6 93 43 36 79 78 67
6 94 51 78 23 33 72
6 47 30 64 43 68 60
6 17 62 64 88 54 19
6 50 96 42 26 86 80
6 31 52 39 46 29 78
6 85 91 93 41 44 66
6 73 16 95 79 22 31
6 94 93 80 84 21 88
6 84 66 78 70 26 99
6 63 25 46 22 70 85
6 69 60 31 43 45 53
6 35 38 42 34 30 18
6 82 27 42 47 22 70
6 22 85 37 67 50 56
6 82 41 43 70 86 42
6 59 57 90 53 54 46
6 42 65 41 88 89 68
6 31 30 90 45 59 41
6 45 24 41 67 79 70
6 74 86 31 79 25 21
6 66 89 85 100 68 56
6 93 90 30 78 59 25
6 99 89 30 78 47 85
6 41 89 85 79 28 93
6 64 73 70 95 85 21
6 96 64 26 49 47 21
6 19 45 44 30 71 91
6 66 48 83 16 32 57
6 83 89 48 100 61 88
6 64 70 53 91 29 97
6 17 94 21 27 47 87
6 43 98 54 91 61 16
6 41 68 91 61 37 81
6 62 42 57 29 54 86
6 73 41 68 54 76 44
6 83 57 34 30 72 46
6 30 60 24 44 69 80
6 85 57 40 95 66 98
6 33 63 36 79 44 19
6 72 62 98 69 60 86
6 70 84 85 78 27 88
6 48 87 99 84 77 54
6 98 17 44 33 47 61
6 24 61 26 81 45 48
6 73 81 49 34 72 82
6 49 46 100 66 58 41
6 60 39 71 33 38 63
6 40 44 33 28 26 72
6 18 80 39 88 49 44
6 56 17 88 70 69 22
6 96 17 34 49 37 57
6 69 72 61 86 53 64
6 17 37 59 77 62 84
6 31 19 94 22 72 63
6 34 75 58 83 26 100
6 83 40 72 53 94 63
6 43 94 75 67 91 49
6 63 42 45 31 82 73
