200 15 3
6 1 5 6 14 10 9
6 1 4 5 15 9 11
6 2 3 13 8 6 15
6 2 7 9 14 5 11
6 1 12 3 5 8 10
6 1 14 5 8 11 7
6 1 6 10 7 8 11
6 1 11 7 6 12 10
6 2 10 11 8 7 9
6 2 4 13 8 5 10
6 1 12 10 3 4 14
6 1 14 4 5 12 7
6 1 11 14 6 5 13
6 2 11 8 15 13 6
6 2 10 8 4 7 9
6 1 15 10 6 9 5
6 1 3 4 8 13 9
6 1 12 4 7 10 3
6 2 12 8 4 7 14
6 2 3 12 14 8 15
6 2 11 12 15 5 13
6 2 10 6 12 15 8
6 1 10 7 14 9 6
6 1 15 7 6 13 5
6 1 5 9 12 13 7
6 1 6 14 10 11 8
6 2 6 9 4 10 12
6 1 3 10 12 15 6
6 2 3 9 4 10 15
6 2 8 3 14 6 13
6 2 8 3 4 6 5
6 1 13 5 4 15 12
6 1 15 7 12 14 4
6 2 7 6 3 5 9
6 1 5 7 8 13 12
6 2 8 12 10 3 15
6 2 14 3 8 7 11
6 1 4 3 7 9 10
6 1 15 7 10 3 14
6 1 5 4 10 13 7
6 2 7 14 5 13 8
6 1 10 11 5 15 3
6 1 7 10 14 5 15
6 2 9 7 14 8 10
6 1 12 15 8 10 11
6 2 14 11 4 3 13
6 1 11 10 6 5 8
6 2 11 13 10 6 15
6 2 15 13 3 7 4
6 1 6 13 14 4 10
6 2 11 10 3 5 14
6 1 10 3 13 11 15
6 1 3 4 7 6 9
6 2 15 10 14 9 5
6 1 15 5 8 9 7
6 1 10 12 7 6 13
6 2 13 15 3 10 6
6 2 11 7 15 3 14
6 2 8 5 11 4 3
6 1 12 14 6 13 11
6 2 3 12 7 4 10
6 1 6 12 10 8 4
6 2 12 13 10 8 15
6 2 3 4 15 8 11
6 2 10 12 6 9 4
6 1 3 15 5 12 7
6 1 15 9 8 7 10
6 1 9 13 3 15 8
6 1 7 13 14 12 8
6 1 15 3 8 11 6
6 1 14 12 4 9 11
6 1 7 8 3 14 6
6 2 5 8 12 9 4
6 2 6 11 4 8 15
6 1 6 9 5 3 13
6 2 13 8 14 4 9
6 1 10 13 5 3 14
6 1 8 10 14 13 5
6 2 4 7 6 14 3
6 2 9 8 13 10 15
6 1 14 12 5 13 7
6 1 12 14 9 13 8
6 2 6 3 15 5 11
6 1 10 5 4 9 3
6 1 10 13 7 11 6
6 1 3 4 12 11 8
6 1 10 3 8 13 5
6 2 6 4 15 9 8
6 1 4 13 8 6 11
6 2 13 10 15 5 7
6 2 5 4 7 3 9
6 2 6 7 8 5 3
6 1 12 8 3 4 13
6 2 8 12 7 3 5
6 2 9 8 12 7 5
6 1 15 5 3 14 8
6 2 6 10 3 12 5
6 2 3 6 9 7 14
6 1 6 12 9 8 10
6 2 8 3 9 11 6
6 1 4 10 7 11 8
6 1 12 6 4 8 15
6 1 14 8 15 7 12
6 1 3 15 10 12 14
6 2 8 13 4 11 5
6 1 10 3 5 8 7
6 1 8 4 10 6 13
6 2 14 13 7 3 10
6 1 6 10 3 14 13
6 2 9 6 10 14 15
6 2 6 7 12 10 4
6 2 11 15 3 10 13
6 2 7 15 4 12 3
6 2 8 11 4 7 13
6 1 14 7 12 11 8
6 2 7 10 6 3 5
6 1 12 9 7 5 3
6 2 7 15 14 12 10
6 2 14 10 9 4 5
6 1 11 8 12 9 4
6 13 15 4 7 10 3
6 14 11 7 4 15 3
6 7 8 12 10 3 14
6 4 11 3 5 12 6
6 7 14 3 4 11 5
6 4 5 12 14 10 11
6 11 8 15 9 6 10
6 15 14 9 3 12 13
6 9 5 12 6 7 14
6 8 9 7 5 15 14
6 5 4 14 11 3 12
6 3 10 5 6 9 14
6 14 12 13 9 5 7
6 9 8 5 3 12 7
6 8 9 13 15 12 7
6 8 13 3 9 10 7
6 10 4 8 6 12 5
6 12 9 6 10 11 14
6 10 8 5 9 14 12
6 4 13 11 10 7 9
6 11 14 5 13 12 6
6 15 9 13 7 4 10
6 6 15 3 7 5 12
6 3 5 9 12 10 4
6 5 8 7 3 15 11
6 9 7 15 11 12 14
6 8 3 14 13 7 10
6 7 8 14 3 9 13
6 15 10 12 7 4 9
6 15 10 14 3 4 8
6 14 8 11 12 3 10
6 15 10 7 5 6 4
6 13 14 7 6 3 12
6 10 12 6 13 15 3
6 3 8 5 13 9 10
6 11 3 13 12 5 7
6 12 14 10 9 11 6
6 9 4 15 10 13 11
6 11 4 7 5 12 10
6 10 12 15 8 14 5
6 13 14 12 7 8 15
6 7 13 10 5 4 11
6 6 14 7 10 3 15
6 12 6 11 3 14 9
6 6 15 4 5 9 8
6 11 8 5 15 13 6
6 8 7 10 13 6 11
6 4 10 3 12 14 8
6 9 3 8 14 13 11
6 8 13 3 9 7 12
6 15 9 3 6 7 5
6 10 12 4 15 11 7
6 15 14 8 10 4 6
6 10 12 11 15 6 3
6 6 11 12 4 7 8
6 5 15 13 4 6 3
6 6 12 11 3 7 14
6 6 15 14 13 4 8
6 12 5 11 7 13 14
6 10 11 4 8 14 12
6 12 11 3 15 9 6
6 9 15 11 13 5 14
6 6 12 3 7 9 13
6 14 6 13 9 10 12
6 15 5 14 8 3 11
6 15 10 9 3 13 11
6 12 15 8 10 11 9
6 14 6 8 11 5 13
6 9 12 5 14 11 6
6 13 3 15 9 11 12
6 5 14 4 3 9 8
6 5 7 10 3 15 8
6 12 6 11 3 7 15
6 8 12 9 15 6 10
6 4 8 12 7 14 15
6 10 6 9 8 3 15
6 6 5 8 3 15 4
6 7 5 9 10 11 14
6 7 6 14 5 8 13
6 10 4 3 6 13 8
