1000 100 5
12 99 63 61 69 90 66 53 64 19 81 7 95
7 32 29 27 8 1 84 25
11 17 37 33 4 7 34 85 18 46 55 25
10 34 61 96 27 72 35 94 59 75 65
11 35 30 64 20 42 87 77 5 61 72 29
14 35 47 87 38 44 70 68 93 8 57 4 19 23 51
19 80 33 74 81 29 68 32 14 82 89 78 64 86 35 51 28 58 67 59
7 89 78 1 15 37 48 76
8 80 59 8 50 16 78 4 38
25 53 20 34 56 33 7 79 41 63 87 81 66 48 73 28 76 96 60 58 78 91 21 30 68 6
9 68 44 27 28 97 23 31 5 21
20 85 75 13 97 72 88 44 6 54 19 73 14 84 45 77 91 7 59 81 30
21 27 42 86 97 75 67 30 100 78 19 41 64 12 82 88 85 50 74 93 11 58
13 41 58 38 37 19 36 51 48 27 84 77 1 15
16 97 100 80 21 62 66 75 41 8 26 40 72 58 50 78 9
10 4 35 88 63 34 37 64 12 57 79
12 69 89 82 84 37 31 16 44 15 81 1 64
9 41 49 95 33 69 42 38 62 83
9 78 45 75 100 61 35 66 90 31
9 31 81 27 72 23 88 51 44 55
7 69 80 25 99 90 55 63
12 49 39 46 26 44 70 66 47 4 9 62 78
17 43 35 64 2 87 42 46 63 1 28 81 3 94 18 78 26 41
12 58 39 77 84 31 57 96 45 41 20 62 75
18 4 63 89 21 79 94 51 70 20 95 47 60 72 38 59 78 87 34
9 60 39 63 25 66 41 88 57 73
7 73 96 51 91 88 15 77
14 9 60 77 72 86 99 71 48 27 34 82 42 81 23
10 21 53 10 41 3 22 72 27 93 61
9 15 78 83 45 56 16 21 95 70
11 49 100 31 76 10 16 74 32 41 40 44
23 40 64 41 71 75 55 4 33 24 35 6 82 92 86 18 94 26 13 98 99 16 93 47
9 84 41 16 20 69 50 36 80 98
12 38 31 80 30 99 12 64 34 60 40 16 91
9 3 81 1 61 8 66 14 21 68
9 82 27 56 95 65 94 8 84 85
15 48 11 59 15 94 20 90 61 49 57 28 68 92 22 54
23 70 43 54 96 29 88 9 15 17 36 82 79 62 31 14 83 73 27 80 51 39 41 84
8 56 40 70 68 69 50 65 86
19 23 75 43 32 67 70 39 42 15 84 64 92 65 74 27 29 97 66 57
10 52 22 53 45 11 28 36 31 40 60
14 52 40 9 53 76 20 91 33 84 30 21 88 97 86
10 26 38 11 68 87 83 79 31 40 25
11 83 73 52 32 26 60 19 21 18 100 71
25 49 88 50 63 62 29 4 96 2 46 61 94 23 66 9 13 25 45 80 77 10 90 22 52 60
7 60 44 94 23 68 63 89
15 85 53 9 92 18 43 99 15 26 73 81 95 58 93 34
11 67 7 19 55 36 18 23 49 90 32 100
10 91 3 20 8 88 73 15 86 74 32
9 13 22 75 4 47 20 31 68 2
19 15 18 64 79 35 69 93 65 71 66 41 59 9 95 98 14 72 37 29
8 90 22 57 48 4 63 98 65
7 33 4 83 65 81 27 24
15 29 12 46 38 42 27 13 11 54 43 63 16 30 62 10
11 64 62 85 57 42 76 84 67 73 65 86
9 76 36 100 45 1 87 86 4 89
21 27 13 48 32 41 25 35 54 53 1 90 57 38 81 100 82 76 21 69 9 72
14 57 63 61 5 14 96 93 70 41 27 98 85 51 4
10 31 8 64 72 58 93 48 57 68 41
14 87 6 80 9 53 92 43 18 56 44 70 32 4 54
8 43 98 54 9 11 99 62 3
32 86 71 92 99 96 45 43 53 1 48 7 18 41 82 37 81 56 67 52 27 70 66 75 39 73 84 68 30 55 40 5 29
17 69 78 62 39 40 89 64 32 87 47 27 26 66 67 7 30 17
15 30 92 81 59 49 45 32 68 15 72 5 41 66 86 63
15 35 20 63 71 78 51 90 56 2 70 98 29 83 39 6
7 14 60 39 48 56 89 70
17 66 94 95 62 22 90 6 76 97 24 60 19 78 32 23 42 14
11 59 66 100 37 62 9 77 95 31 69 91
34 54 75 42 71 68 59 34 48 19 80 51 93 100 57 26 87 37 69 31 41 97 64 36 49 83 90 11 58 22 45 96 74 85 53
10 15 76 55 49 37 66 58 97 33 91
24 76 4 79 99 84 70 44 62 15 57 37 98 58 45 77 86 51 48 40 9 87 47 85 89
15 59 54 1 89 14 13 12 45 18 30 38 2 77 73 31
16 98 34 58 72 35 49 14 99 78 26 88 45 29 91 37 85
17 33 92 41 13 38 15 14 84 2 64 82 88 56 86 53 40 98
19 25 74 29 86 53 41 28 35 66 68 3 69 46 47 27 37 93 24 71
8 30 95 31 70 24 77 63 81
16 53 96 60 8 51 29 56 30 64 83 44 54 89 33 97 23
10 25 93 13 94 99 39 87 75 84 66
11 65 95 85 31 53 11 71 98 90 57 92
10 35 52 29 91 15 99 94 22 49 51
16 94 29 2 62 100 98 35 7 71 23 32 92 42 82 76 90
15 40 52 62 45 76 26 34 65 38 39 69 80 25 66 88
9 51 14 63 44 100 43 81 46 26
18 65 48 43 68 38 90 81 58 92 36 83 33 49 31 11 55 19 4
11 98 28 11 49 24 13 45 23 36 7 60
10 67 63 97 20 68 60 14 10 23 64
9 11 44 8 57 96 91 75 81 19
8 90 36 95 56 34 48 38 94
20 79 63 91 93 89 13 87 29 48 31 41 22 4 54 82 56 61 16 73 85
13 93 6 98 62 28 46 23 76 5 24 32 96 36
14 62 1 6 11 99 92 55 91 69 25 89 58 37 98
9 61 80 93 43 64 58 34 89 75
27 98 29 68 64 10 40 99 92 48 28 83 73 78 39 23 70 93 43 50 75 52 5 18 89 16 44 33
15 87 40 61 26 19 88 58 8 92 83 7 48 72 30 60
12 72 98 21 43 55 76 29 58 59 91 22 6
8 94 60 49 73 97 56 36 17
7 65 88 100 19 83 30 20
12 45 39 78 43 58 25 97 71 24 13 88 75
25 26 68 37 45 60 73 28 5 91 2 80 16 49 44 72 76 24 22 38 34 35 84 61 46 54
9 18 98 41 8 47 61 4 91 3
10 95 92 37 30 97 22 20 46 87 58
20 10 69 38 48 89 28 100 57 23 24 35 91 63 93 46 36 7 85 27 56
9 81 55 58 90 59 69 6 91 97
12 81 7 85 12 63 97 13 27 80 65 18 94
11 48 88 61 9 33 5 63 76 82 35 17
12 4 95 70 58 32 31 62 5 48 82 84 71
9 91 59 94 6 7 13 69 58 84
21 11 87 45 2 70 50 18 34 38 40 61 21 25 86 46 7 68 77 30 58 79
7 99 45 83 49 36 76 2
9 1 73 17 4 24 20 77 62 98
33 11 65 58 95 93 20 41 15 96 63 22 44 36 46 28 97 62 38 90 85 13 91 27 9 82 1 92 78 70 21 18 10 34
23 9 37 87 75 62 93 51 34 95 45 64 58 12 63 10 2 98 28 85 78 25 54 70
7 59 12 21 4 40 86 90
22 48 79 75 68 50 60 18 26 27 82 89 37 65 66 62 85 63 71 69 72 46 93
10 28 59 91 66 5 50 88 84 57 20
11 71 23 73 3 53 11 18 2 16 31 87
7 28 6 13 71 66 87 63
25 94 16 48 80 58 9 69 33 11 42 29 63 41 4 77 86 13 97 53 35 84 12 92 21 44
15 51 94 4 66 64 82 91 35 18 27 60 86 22 39 1
18 16 22 96 61 42 81 7 67 46 13 49 50 72 37 29 71 97 58
9 20 80 50 65 6 4 28 40 84
20 12 15 91 70 80 38 89 92 8 23 48 17 76 87 75 52 16 36 27 14
17 85 76 97 99 64 48 50 68 34 29 27 90 40 93 98 83 80
7 24 28 17 15 3 12 42
27 28 21 93 80 68 63 34 18 13 10 6 70 56 66 24 39 9 35 41 8 20 79 90 26 58 82 27
9 26 90 11 67 10 60 28 70 9
31 34 94 63 28 53 16 59 47 22 45 1 20 18 93 64 72 38 90 39 6 17 42 35 15 8 84 67 2 74 23 4
35 24 68 81 30 71 100 92 12 34 33 70 48 7 39 25 16 32 60 20 55 84 83 73 49 85 36 88 2 13 18 11 35 72 75 93
14 93 38 53 61 25 97 71 95 41 74 77 4 96 36
12 24 31 9 93 15 6 25 72 32 2 52 98
10 8 36 92 62 23 38 27 89 68 14
30 2 8 19 50 27 60 20 66 3 54 76 33 41 82 11 78 48 52 99 100 58 80 29 53 44 70 9 61 23 28
13 89 87 19 68 71 33 69 95 42 83 15 76 75
10 25 33 4 71 11 8 59 95 49 91
16 62 76 83 24 28 1 17 45 41 32 48 4 68 92 96 11
10 90 96 55 15 33 24 22 87 100 20
14 58 65 15 56 40 62 11 9 36 76 24 96 69 33
7 38 20 58 18 15 98 11
7 94 84 37 72 25 58 44
14 71 98 17 86 62 97 48 60 42 67 37 68 40 66
7 75 8 45 46 93 49 36
7 31 100 76 15 80 38 7
8 45 98 52 11 58 15 38 80
15 47 39 5 16 61 99 91 63 97 59 52 72 1 60 26
9 51 88 48 65 86 9 54 68 63
29 46 90 76 95 58 64 45 55 68 70 11 92 72 10 25 98 17 32 5 63 87 85 71 60 69 16 53 40 82
7 63 49 70 79 78 38 99
18 85 54 60 9 74 21 89 56 28 34 96 66 24 41 19 73 35 37
18 59 70 100 29 79 11 10 58 36 49 85 65 22 94 21 60 12 75
8 83 13 98 66 58 30 25 28
11 95 48 42 30 79 18 53 44 31 97 87
13 38 35 76 53 26 91 70 43 62 2 4 5 72
10 85 34 55 93 71 41 21 25 27 20
21 31 35 60 19 61 49 20 81 86 73 71 21 80 99 56 48 30 43 98 84 82
18 10 87 66 68 72 41 48 23 78 80 5 3 53 24 81 55 70 63
15 49 44 27 2 61 8 43 80 59 77 39 1 89 91 64
7 61 79 96 54 21 39 57
12 16 26 67 70 55 63 58 43 92 65 12 37
18 83 41 76 42 66 72 32 21 20 8 27 90 55 18 54 44 14 24
11 12 40 20 35 15 41 59 9 90 1 52
28 54 87 11 6 88 71 72 44 46 9 25 13 80 92 77 91 42 24 65 73 64 21 83 31 14 10 22 3
25 49 53 7 17 21 74 92 67 26 66 40 6 28 9 90 85 51 82 27 69 2 81 80 32 79
7 28 17 83 88 58 96 20
22 70 20 17 45 65 19 88 18 80 57 36 85 23 7 59 26 99 75 13 14 49 94
19 83 19 49 53 64 79 73 76 4 82 14 35 8 46 66 32 27 65 91
7 8 57 74 66 52 5 72
7 68 46 17 56 75 16 90
7 61 48 35 18 1 4 11
9 100 44 69 90 62 76 88 27 51
11 48 75 31 60 63 10 80 86 50 16 97
14 82 3 34 28 92 16 53 50 85 52 64 15 32 14
9 32 8 98 11 95 38 4 65 85
19 25 60 69 94 93 10 75 99 47 27 12 31 100 26 74 83 78 87 21
13 13 5 99 95 82 89 52 19 15 76 58 94 18
12 39 67 28 45 85 22 29 12 27 44 16 23
12 2 71 20 43 30 19 74 56 89 62 9 29
12 86 48 56 6 83 13 64 52 24 61 76 67
7 45 88 84 22 51 86 89
8 49 84 60 35 89 13 18 91
13 91 88 74 42 55 58 48 36 30 27 32 76 84
15 1 82 4 71 35 43 55 40 86 47 44 37 41 94 49
10 28 21 73 57 32 50 46 89 22 17
13 82 5 11 70 30 8 89 29 66 12 64 35 39
9 69 52 93 74 78 33 79 90 66
30 93 92 9 85 79 12 1 34 14 15 49 10 19 58 95 28 81 87 78 40 99 80 84 61 38 47 64 98 6 43
9 7 38 56 99 73 15 63 2 53
9 54 71 12 13 37 21 39 41 96
12 63 95 97 54 81 30 35 37 39 52 22 72
11 67 24 97 41 20 38 50 23 3 30 78
15 97 37 64 5 18 27 13 12 25 10 40 39 17 62 54
9 28 12 89 13 53 39 87 96 33
13 37 84 29 18 35 44 42 65 69 53 1 58 28
11 77 83 32 38 57 12 64 75 54 14 76
11 32 43 68 23 83 62 9 69 46 67 31
15 51 81 7 69 24 15 91 40 62 70 32 64 46 66 71
9 88 63 82 18 5 42 17 59 1
11 9 14 61 69 76 79 65 68 43 67 22
10 67 76 71 59 15 73 21 43 9 68
13 29 16 27 54 87 98 95 66 42 4 71 78 21
14 12 54 29 62 86 36 1 10 76 79 15 11 46 61
9 24 44 62 41 92 16 75 4 57
12 37 40 88 15 89 70 100 43 46 55 33 67
8 18 74 38 94 30 45 9 12
11 44 56 18 97 19 4 54 23 33 86 46
7 20 9 68 74 5 64 93
9 56 75 70 25 44 92 100 69 98
25 22 79 62 49 42 46 7 66 44 59 14 10 37 54 25 86 35 48 2 96 85 64 33 29 98
21 78 35 54 83 27 48 96 89 12 2 86 95 6 34 17 63 10 20 67 29 92
13 92 66 26 23 76 38 14 39 71 43 45 30 18
13 16 56 87 69 36 19 30 77 41 22 13 49 37
25 16 24 26 53 86 34 45 22 13 8 58 18 33 47 2 95 12 71 65 27 75 6 82 80 62
9 27 36 64 18 40 67 94 47 19
10 8 95 75 42 30 91 45 1 60 65
12 24 83 76 98 41 43 62 32 74 46 65 47
13 45 37 76 24 97 13 74 39 18 44 2 32 80
24 42 12 33 44 51 34 3 91 31 60 13 93 10 39 66 25 81 100 36 29 56 61 28 19
7 36 32 49 9 15 61 2
9 17 52 29 36 10 12 18 66 24
9 4 77 20 7 13 100 76 42 81
11 64 43 95 50 98 73 48 90 91 84 70
11 93 95 10 1 89 22 72 3 44 82 20
11 24 27 14 80 3 51 72 75 53 70 40
12 43 2 70 22 81 52 47 89 4 97 41 20
9 96 46 63 35 27 82 22 97 37
7 16 6 65 4 93 42 84
7 11 88 33 58 19 29 30
10 87 49 75 82 25 60 45 21 85 39
19 82 70 41 77 84 86 24 11 89 27 22 1 5 88 4 55 39 61 18
13 91 59 34 48 25 47 100 79 84 35 45 32 36
10 27 54 22 56 26 24 60 2 48 75
8 11 72 2 48 63 30 36 83
24 10 35 49 53 96 82 71 84 30 88 76 33 64 74 18 48 68 20 42 44 54 93 61 98
10 70 13 93 63 53 61 22 55 66 46
11 47 36 60 76 93 96 64 32 13 6 38
9 73 63 27 3 45 25 52 48 99
18 66 34 35 10 33 70 76 94 12 84 92 18 75 38 83 27 80 7
11 30 53 92 57 76 74 94 35 37 14 58
7 20 37 99 49 87 44 84
9 78 69 51 22 15 91 95 77 86
8 49 9 60 48 17 84 12 23
9 16 31 89 99 52 61 15 17 55
10 71 17 58 74 87 80 54 7 73 52
14 53 26 24 92 19 32 84 54 51 23 97 47 30 93
7 60 91 69 45 43 20 34
7 15 16 73 71 87 72 93
11 89 73 36 7 4 100 3 20 16 81 5
31 53 49 2 33 13 1 34 18 20 5 55 12 85 29 41 96 14 59 35 62 80 51 100 17 58 56 10 70 40 71 68
16 37 11 36 61 24 95 83 28 82 45 32 63 8 4 74 31
7 16 29 54 37 62 38 31
8 13 24 91 11 83 15 8 62
7 17 22 64 4 46 81 39
33 6 13 44 19 18 37 76 71 9 34 1 14 17 98 27 96 8 11 58 64 50 85 47 65 28 72 63 75 68 61 90 82 69
16 19 93 3 37 77 31 33 54 75 25 56 35 63 14 43 48
15 10 56 73 88 82 51 14 64 89 54 9 40 21 23 47
25 30 74 36 5 25 16 81 27 95 3 75 78 88 82 12 43 72 11 8 10 21 15 45 48 42
7 37 30 53 4 91 94 95
8 28 1 5 11 31 49 55 72
23 12 40 64 57 97 76 10 27 19 87 15 31 69 61 5 51 43 78 33 90 89 29 36
9 71 93 87 81 78 48 64 65 49
26 21 93 40 81 97 91 22 76 86 64 99 32 78 26 62 6 100 79 20 88 46 56 50 80 35 48
14 87 15 40 45 11 1 65 60 43 23 97 85 18 5
10 21 90 28 60 93 4 56 6 92 2
12 57 90 95 42 81 82 39 64 38 60 94 37
13 20 36 57 58 33 76 16 98 30 71 9 46 19
15 67 33 8 96 72 91 63 44 80 21 14 42 40 43 53
11 69 80 5 100 4 60 63 8 66 3 90
33 100 21 58 65 17 43 56 62 51 83 19 4 32 38 45 10 30 92 70 47 59 3 81 50 72 57 36 41 8 86 71 20 27
7 40 91 43 7 4 54 15
22 25 31 89 54 96 82 28 98 63 24 9 34 59 37 87 27 70 2 74 67 48 92
27 24 6 33 78 40 10 100 48 61 18 50 46 83 30 99 66 64 1 71 41 57 53 8 29 9 44 32
20 20 17 62 75 84 30 64 5 74 98 42 52 92 56 87 66 6 15 68 21
13 29 98 74 55 18 20 73 36 56 21 30 27 96
11 28 2 37 5 42 83 70 36 35 31 82
12 48 61 54 14 60 92 89 88 75 26 64 98
11 55 98 20 6 7 57 77 51 88 87 75
7 86 96 63 38 64 26 8
22 51 94 59 97 2 43 54 19 89 87 58 22 4 10 49 44 99 69 32 47 45 76
8 11 87 58 90 85 77 73 66
8 5 38 40 41 24 64 51 18
9 64 87 96 37 80 40 50 98 11
18 90 19 100 72 15 45 54 74 18 75 48 40 11 9 4 69 26 44
9 11 85 46 70 92 56 2 22 87
8 87 73 61 78 23 44 41 26
15 70 31 93 99 35 33 21 51 7 36 100 5 22 53 97
17 19 63 84 36 56 98 76 89 69 64 26 11 39 54 48 100 29
18 88 3 11 54 32 19 33 47 36 98 59 30 45 70 83 75 66 74
12 85 64 96 80 74 60 67 10 17 78 4 54
8 53 15 21 24 23 82 29 64
10 83 15 77 86 22 98 70 80 20 87
9 36 8 26 83 69 67 75 63 33
19 28 58 32 83 56 71 2 76 67 47 42 24 40 39 52 77 53 91 26
16 65 86 97 4 85 16 37 11 67 76 83 23 72 54 79 55
35 99 36 55 76 88 12 37 24 87 94 27 62 61 3 50 96 68 74 67 9 11 2 93 60 14 13 69 5 25 42 45 33 52 53 64
11 5 11 92 96 99 49 91 18 60 29 53
27 56 18 73 24 49 51 12 2 82 65 74 87 45 39 11 44 42 9 70 96 84 6 57 16 19 68 91
13 59 26 76 70 88 9 13 75 69 60 56 80 49
10 23 20 22 56 65 5 73 66 21 14
32 52 18 45 31 3 72 75 29 97 65 35 50 71 15 87 32 1 90 80 93 86 85 74 6 21 67 99 88 59 58 82 73
11 16 65 18 79 5 95 14 61 15 98 8
8 59 54 68 50 14 66 29 83
20 39 10 23 19 6 84 1 91 36 8 17 65 21 74 77 58 2 93 34 94
14 17 89 85 73 84 60 53 29 47 27 63 80 97 11
10 62 72 3 95 34 41 56 28 40 48
14 22 40 83 97 64 72 69 39 99 94 37 63 9 49
7 15 89 37 24 12 57 23
32 39 41 65 83 53 58 23 35 33 12 69 70 78 28 63 66 89 73 61 59 47 24 14 98 37 76 6 80 7 13 27 100
8 32 68 31 1 63 71 9 70
13 82 17 60 85 99 96 68 24 22 18 51 72 52
7 18 56 33 51 10 53 94
14 63 50 7 1 28 27 82 5 88 92 29 17 64 43
18 30 31 19 17 62 64 80 85 56 63 34 90 75 58 20 45 54 77
9 44 30 8 12 69 36 20 47 57
11 69 96 9 56 70 98 28 49 6 78 13
16 5 27 52 38 68 46 72 67 9 73 59 54 3 89 58 13
13 1 10 57 42 89 45 98 90 47 41 27 23 46
8 59 38 5 36 31 32 94 41
25 53 90 11 71 36 38 30 63 85 34 18 98 5 42 45 97 39 61 58 4 77 44 22 9 87
10 20 4 70 75 5 14 62 32 49 66
17 42 96 84 48 13 41 86 55 51 28 71 2 38 19 11 52 74
19 93 60 38 70 75 91 61 76 77 71 73 30 20 8 89 5 54 84 82
16 59 35 72 97 45 3 29 5 6 14 61 55 75 12 74 95
17 74 5 68 34 48 32 76 99 3 97 89 92 80 93 78 79 26
18 47 8 85 16 83 64 62 65 92 40 56 53 93 75 74 26 84 17
9 61 100 46 34 57 22 5 7 99
9 45 68 53 61 18 51 52 63 70
12 99 28 69 15 43 93 7 51 70 29 11 25
9 28 25 71 66 12 65 32 96 68
7 94 43 39 74 37 58 92
8 94 61 100 59 21 85 47 13
10 48 45 8 7 92 13 38 49 59 12
22 84 89 70 33 85 21 80 87 34 43 11 3 41 62 20 44 18 92 93 64 51 30
7 36 20 64 87 65 16 89
9 74 34 70 57 82 12 59 88 30
10 59 83 57 12 71 10 49 89 80 42
15 25 30 24 80 7 39 72 44 78 17 89 100 29 42 57
7 2 61 48 72 60 8 85
11 63 6 23 28 75 32 80 70 42 86 36
10 97 25 16 57 10 99 2 77 33 59
14 30 70 54 67 76 40 92 44 42 25 2 3 22 75
9 67 15 43 49 90 54 28 29 33
23 30 54 94 63 65 10 5 70 35 11 12 22 24 88 52 59 23 57 92 38 55 2 83
9 27 20 71 10 90 64 72 35 84
8 95 77 86 21 6 32 1 85
14 13 80 89 29 9 62 17 24 65 96 39 22 20 21
24 35 49 52 75 45 15 100 30 99 70 62 98 76 22 84 14 56 79 69 68 7 86 72 83
10 54 57 27 18 11 46 3 84 99 58
16 58 46 38 27 80 72 75 11 40 26 62 70 93 68 44 4
8 7 35 29 74 85 70 82 96
18 97 18 38 100 45 98 74 84 27 31 36 32 20 3 15 59 94 28
9 23 69 24 17 46 52 70 19 77
30 80 2 57 24 70 31 39 79 13 7 93 37 35 19 48 40 60 9 49 91 18 96 36 11 20 66 5 68 46 87
10 85 54 83 35 84 77 93 5 68 96
9 76 5 66 50 43 69 47 28 3
18 62 51 48 55 1 44 18 20 92 37 93 52 53 81 29 85 72 63
15 100 14 21 74 48 85 99 7 83 52 3 67 32 87 90
7 28 92 95 40 26 61 68
11 89 88 39 72 84 55 68 57 8 71 32
29 12 38 54 14 95 79 87 7 56 34 82 73 9 4 43 31 25 96 71 35 62 26 53 86 21 10 19 6 51
7 100 28 69 97 57 87 9
16 9 67 46 13 3 96 94 22 50 37 43 88 28 44 26 93
19 46 36 42 16 55 86 9 90 1 14 84 13 93 34 25 38 15 6 41
8 96 56 85 76 11 7 37 80
7 71 22 10 94 77 19 30
7 53 84 29 15 19 1 14
16 15 2 34 64 16 87 73 68 41 84 72 26 61 80 95 99
13 31 35 30 27 79 9 81 47 66 26 91 33 52
17 71 3 15 66 86 41 36 20 64 91 8 87 45 70 96 89 28
16 62 3 6 7 69 1 42 16 52 59 34 19 47 98 5 97
13 53 10 36 63 45 90 59 64 38 22 34 71 67
16 86 43 41 25 60 36 49 3 55 18 79 23 47 7 8 68
19 63 40 7 1 53 10 16 94 60 81 4 89 90 82 56 12 25 17 52
11 77 56 87 42 6 41 82 63 28 10 73
17 44 26 62 75 54 63 91 35 51 14 12 15 27 59 67 71 25
8 45 9 92 46 61 36 53 91
12 3 99 81 84 11 80 24 28 51 50 7 61
24 43 77 57 87 41 44 63 58 83 75 38 12 13 2 4 33 93 8 14 16 17 94 47 22
8 23 34 56 73 12 61 37 9
13 23 58 8 31 67 55 89 71 92 99 78 98 41
31 35 23 83 32 63 70 61 6 76 19 33 3 16 60 14 77 38 65 72 34 99 53 8 98 9 73 4 36 93 49 57
8 16 2 62 69 94 48 73 63
18 16 21 22 1 39 56 35 31 77 4 44 99 10 57 46 43 74 79
11 57 85 34 9 48 100 77 74 3 86 58
14 15 21 43 90 66 24 82 30 80 100 23 31 78 57
14 33 37 2 35 42 46 83 55 51 5 96 94 69 57
8 78 31 8 9 40 44 59 84
16 91 65 60 11 32 8 17 37 48 47 54 61 50 86 19 84
21 13 96 18 25 45 38 35 91 14 98 51 93 29 62 37 6 77 94 8 49 47
9 66 98 21 50 90 85 52 27 9
17 7 44 56 72 1 31 78 36 39 14 6 75 83 79 49 73 69
12 76 91 70 35 80 83 58 14 72 39 6 60
8 40 86 43 16 15 23 41 37
18 11 24 48 91 59 73 78 1 32 10 71 41 12 94 70 31 49 58
7 4 8 24 53 93 57 5
10 36 48 46 2 87 19 76 43 18 38
9 85 29 32 28 52 57 53 19 42
7 39 57 63 47 50 81 23
8 58 72 79 12 77 40 4 47
8 35 28 22 34 39 73 48 80
11 59 31 71 19 60 52 78 72 8 44 33
9 34 3 38 85 95 29 66 86 56
15 67 90 47 57 13 20 42 37 63 12 81 56 88 17 53
22 33 87 40 23 22 46 51 73 99 1 27 95 6 68 55 30 88 54 37 100 38 93
21 14 39 98 90 100 64 71 79 75 81 44 95 30 45 59 48 57 37 55 58 84
7 33 16 76 17 25 61 68
25 91 16 95 64 7 49 2 80 35 8 73 4 43 32 99 34 10 76 78 29 40 26 56 21 20
8 59 71 46 44 45 20 16 75
13 64 59 85 40 39 7 17 6 30 53 41 60 28
23 14 97 33 9 11 86 19 80 2 34 92 42 58 46 96 8 16 7 4 88 83 64 56
25 19 68 85 89 72 55 69 28 63 29 49 7 15 4 66 59 45 95 98 10 96 25 60 41 84
9 81 43 98 96 35 49 55 42 33
32 8 25 31 15 10 4 41 30 18 13 14 81 68 96 29 95 28 59 89 79 90 38 72 97 34 65 48 23 21 53 11 91
11 8 14 51 26 46 87 88 20 83 54 59
13 44 22 11 8 49 30 24 91 15 4 38 19 99
21 36 57 79 87 95 46 48 51 98 19 92 69 84 93 45 53 9 4 77 33 94
14 53 24 45 5 9 4 62 55 33 67 1 85 71 15
19 79 12 28 83 95 80 63 90 38 31 89 42 84 40 91 46 41 99 92
10 83 86 11 20 82 61 74 85 12 32
8 10 40 63 82 86 9 2 59
16 40 88 25 39 78 85 21 74 62 12 3 96 55 87 71 26
26 69 64 47 16 18 56 98 93 62 96 76 58 22 43 86 74 60 8 40 89 23 31 57 82 3 15
12 21 2 42 58 55 54 25 99 62 46 84 74
10 12 94 70 73 69 17 57 87 80 76
25 75 99 61 10 88 11 43 33 19 7 35 6 2 4 69 3 41 46 18 92 27 85 1 83 44
9 86 100 94 83 15 82 53 60 9
10 20 47 50 99 94 88 35 33 4 51
12 49 74 54 3 50 33 6 87 85 53 24 91
10 63 93 85 76 47 41 57 88 65 26
18 73 28 63 41 94 29 89 96 69 87 64 82 74 13 45 52 72 44
9 6 74 37 47 65 38 11 15 97
18 68 50 7 76 19 48 86 43 35 27 17 37 69 88 20 94 78 83
12 57 63 54 80 5 23 79 94 58 46 39 41
16 76 49 97 39 93 61 17 55 74 10 81 20 43 35 30 4
12 63 1 79 11 94 88 48 80 66 87 8 100
8 14 28 97 65 55 86 27 70
11 7 41 33 2 49 51 27 62 19 44 23
17 95 9 90 76 86 43 80 8 27 11 56 37 77 21 42 49 3
12 59 89 86 34 64 93 40 16 98 10 12 79
10 23 99 83 95 89 32 36 16 71 46
7 39 50 64 27 25 43 81
11 26 89 90 92 63 39 95 94 13 79 81
12 96 49 52 97 87 26 32 18 99 69 35 67
24 44 1 33 15 83 49 72 35 30 22 31 76 2 92 34 11 90 67 26 3 40 32 59 73
15 29 67 12 75 70 73 68 13 36 53 100 7 5 39 88
20 33 68 82 32 73 13 46 35 88 15 83 59 63 41 74 98 34 71 3 70
9 46 51 54 29 75 76 98 7 67
29 60 73 47 68 18 77 97 58 71 29 90 39 56 72 66 17 74 93 8 37 7 89 1 28 86 2 5 67 42
15 64 47 99 82 27 61 20 93 28 68 23 44 1 83 60
10 32 95 46 65 23 94 27 96 86 98
13 16 60 82 39 68 2 77 42 99 21 73 72 47
14 7 10 36 82 90 35 21 19 42 68 91 27 71 31
10 11 62 83 47 24 66 85 50 89 68
12 83 95 17 70 71 40 29 49 26 69 72 4
27 10 82 73 42 35 47 85 100 2 20 18 26 96 4 67 66 80 56 6 53 51 16 39 27 94 78 93
7 56 99 51 23 63 61 69
7 65 46 6 40 89 88 4
14 44 38 48 41 77 39 57 30 94 53 4 43 9 56
30 92 44 73 6 10 82 84 62 51 8 7 50 98 71 23 29 35 39 34 9 96 66 4 54 83 13 37 3 5 52
8 74 61 98 73 10 89 2 69
8 21 2 41 64 74 92 15 42
8 12 66 30 85 41 46 97 34
8 7 79 13 85 37 100 82 35
8 46 86 53 82 27 2 76 71
15 14 41 91 57 31 86 25 6 2 4 39 67 93 49 28
13 40 13 24 61 76 8 19 65 79 18 46 72 30
11 48 88 39 64 78 50 59 87 69 36 2
23 61 69 5 51 59 1 27 16 94 37 20 15 83 48 46 74 6 75 22 50 79 32 70
12 80 81 48 12 53 19 50 57 13 82 36 76
11 88 51 75 81 45 46 72 41 17 39 33
22 89 83 47 20 9 65 77 56 35 5 45 59 82 42 48 14 41 43 63 21 28 53
26 31 91 1 6 74 32 44 90 83 8 50 26 69 60 54 36 15 89 61 96 41 45 38 42 43 94
7 68 28 35 24 74 46 85
22 36 32 18 57 29 78 34 61 17 15 92 62 72 7 20 64 66 67 87 80 77 9
7 25 82 5 43 86 49 58
15 15 68 38 45 48 4 35 43 20 61 77 29 63 76 33
16 91 6 92 13 50 30 28 56 62 72 16 5 68 49 60 44
11 90 52 43 7 71 24 65 93 59 48 35
7 33 12 25 46 82 97 24
30 60 34 31 24 74 27 89 87 48 91 12 46 70 63 21 16 1 19 72 54 41 55 22 49 85 77 69 10 98 25
29 24 76 44 27 66 91 38 71 32 1 67 5 89 55 15 40 8 81 51 72 94 83 28 62 85 13 75 93 82
22 97 38 30 98 17 46 68 70 34 65 42 78 63 100 36 29 55 83 84 1 5 81
33 65 41 92 46 53 73 13 17 6 23 80 8 19 58 78 63 49 21 43 24 94 11 75 47 14 15 29 99 71 68 10 37 97
8 5 34 13 89 20 96 10 33
12 59 100 44 71 52 61 17 86 96 14 54 10
10 57 68 92 94 11 12 66 76 75 83
10 70 77 10 81 48 78 46 7 19 75
8 81 37 60 46 21 29 22 7
14 3 84 55 100 11 42 61 10 46 79 33 4 95 25
8 5 20 52 63 9 14 88 87
13 64 93 66 47 72 40 35 32 48 89 90 37 14
18 49 22 43 95 16 50 59 67 81 25 10 44 99 28 18 29 91 45
11 52 31 32 9 47 53 14 28 3 70 80
14 16 56 67 60 51 4 5 57 11 93 12 62 38 86
8 1 85 36 26 79 5 44 82
26 85 17 68 36 92 82 19 35 63 9 20 91 99 52 100 3 33 43 1 22 2 86 42 55 4 87
12 5 71 70 21 77 25 83 96 16 80 57 14
8 25 93 33 44 5 12 46 64
15 61 98 94 86 9 48 53 29 82 43 49 52 5 97 63
23 75 45 96 65 42 48 91 36 49 100 47 44 84 95 14 69 32 60 4 10 61 46 59
21 35 86 97 69 91 75 93 16 92 22 30 88 50 76 45 23 61 95 80 81 24
14 65 69 12 53 37 84 60 29 58 80 30 32 5 49
7 47 52 29 30 84 64 19
9 17 11 99 90 80 47 16 34 89
7 30 4 46 91 94 96 70
9 1 90 18 86 70 25 48 49 88
8 80 27 20 50 23 37 5 43
8 13 14 69 51 96 61 4 18
10 33 3 18 12 90 35 61 25 43 65
27 36 53 35 67 57 91 28 86 24 15 96 25 65 59 99 60 92 51 40 13 9 18 87 78 89 27 20
7 55 98 32 78 69 35 81
15 30 75 59 84 91 44 7 29 56 37 32 95 6 34 23
10 67 18 57 86 7 35 93 38 61 16
7 40 41 13 94 4 15 2
17 49 12 91 17 66 77 6 93 52 47 15 46 31 8 48 62 97
15 25 54 58 71 13 78 79 89 90 2 94 31 72 70 28
8 73 52 93 12 68 43 19 36
10 1 14 57 2 12 11 50 56 85 64
14 12 83 13 47 72 19 31 60 25 77 1 59 22 49
25 26 15 89 30 24 86 67 7 100 38 64 81 75 23 40 79 39 87 70 61 92 84 25 72 82
17 29 55 17 49 69 9 11 84 26 56 70 65 30 28 90 95 99
8 70 63 38 43 99 11 62 40
18 26 79 94 2 9 63 46 11 81 28 21 66 12 31 49 70 7 43
13 14 55 17 83 58 48 1 46 97 77 95 92 18
8 86 25 7 39 58 46 8 69
9 13 11 17 34 85 40 7 56 72
14 32 60 47 17 42 57 13 63 76 8 67 4 52 49
7 40 81 29 39 79 54 73
8 7 90 74 46 33 3 50 40
25 11 17 24 36 84 76 98 9 92 25 74 52 97 60 41 4 8 29 79 68 56 55 93 59 99
9 12 50 6 90 31 39 73 70 14
11 74 18 34 94 63 31 92 32 19 60 59
10 67 78 90 40 93 15 60 81 77 34
13 53 19 26 30 10 59 37 52 80 79 70 38 72
7 17 50 6 25 20 58 87
15 70 40 46 34 75 81 48 59 36 22 1 27 33 79 5
8 91 100 20 14 54 40 93 3
15 63 48 66 53 11 57 1 32 58 68 45 12 67 62 95
14 28 72 67 31 86 8 26 18 91 81 23 79 69 38
18 88 65 30 58 50 71 49 86 83 8 9 21 63 27 47 13 85 24
11 40 57 77 96 30 58 47 24 99 54 13
14 52 34 27 16 8 12 43 58 82 93 92 76 6 91
12 13 30 54 67 33 95 27 100 87 96 86 71
16 81 76 15 97 14 38 52 23 41 64 86 72 30 93 94 77
25 75 96 2 85 22 40 66 69 87 9 70 3 64 67 92 88 63 95 32 98 56 74 42 27 19
9 62 18 85 78 2 27 50 77 97
15 23 30 24 95 75 94 10 59 61 28 17 96 58 41 64
25 13 63 7 64 47 100 90 68 5 40 43 71 66 58 59 34 11 25 8 16 46 32 84 52 22
9 1 38 87 57 68 64 72 33 62
8 80 13 85 6 90 52 7 39
16 48 5 96 45 2 55 90 56 50 60 64 20 84 92 85 36
11 71 8 4 3 54 14 92 73 78 86 48
14 16 8 37 38 12 26 80 21 75 63 49 51 60 33
13 26 23 81 43 1 82 83 80 96 20 33 67 53
13 17 72 55 93 6 9 90 18 97 47 52 62 86
9 71 20 22 95 38 90 55 36 12
19 59 48 81 67 11 38 96 43 7 84 25 30 36 94 77 35 62 54 16
9 80 65 91 5 77 84 92 75 10
19 34 35 38 74 28 20 57 93 30 5 86 45 11 2 59 13 81 41 94
13 65 90 6 33 22 14 12 100 91 16 69 47 96
14 92 96 88 24 37 54 34 31 12 25 65 27 55 35
8 92 58 69 24 93 31 96 94
8 89 64 68 2 77 29 75 40
15 14 81 10 86 51 5 40 27 92 75 53 11 55 16 82
7 18 30 79 34 52 39 72
10 17 91 31 72 83 59 82 85 32 55
7 91 35 56 98 39 76 74
7 3 19 69 66 79 57 30
13 53 27 91 7 94 70 58 22 37 41 71 5 20
26 86 85 27 72 70 23 61 71 4 58 65 87 28 39 47 11 6 75 62 24 44 83 42 25 15 100
15 64 80 46 99 40 75 78 90 35 17 29 68 81 49 1
18 60 54 94 81 58 21 19 61 92 57 88 72 79 44 95 56 75 37
9 73 3 44 99 58 9 14 26 55
8 38 11 91 51 81 87 9 58
10 42 40 59 71 92 98 24 21 53 35
22 94 4 88 21 20 18 3 89 34 32 19 38 63 25 27 51 79 74 50 14 23 7
14 69 85 27 40 44 19 55 86 46 65 36 26 34 25
8 50 48 43 90 7 20 47 37
7 71 92 90 1 66 95 75
16 8 26 24 38 81 92 77 1 18 20 14 10 61 17 86 62
11 70 46 36 84 26 82 85 30 68 5 63
16 19 6 100 11 32 86 44 37 88 48 67 62 72 49 81 35
22 92 82 89 81 71 65 29 1 18 63 99 38 51 37 10 55 54 88 17 22 2 3
9 83 8 59 50 67 78 49 27 9
9 2 93 84 62 87 45 4 58 74
34 68 87 96 2 88 99 82 77 39 11 19 90 44 9 76 10 29 25 41 35 85 20 30 47 46 78 84 4 93 38 64 32 40 17
20 76 12 7 20 65 78 51 70 29 96 68 56 25 14 39 73 50 32 54 58
8 18 1 76 11 20 17 69 26
8 68 72 53 32 25 13 22 23
8 11 59 88 86 9 44 56 48
9 55 59 39 61 94 50 29 19 66
11 95 58 3 19 90 63 46 97 57 76 21
23 94 20 60 59 49 10 1 95 23 57 18 48 63 93 3 88 43 22 21 55 61 35 17
19 19 96 1 10 38 56 82 55 91 3 60 2 39 83 70 6 73 63 71
13 98 5 73 92 75 55 4 46 19 35 47 32 86
12 94 69 7 8 76 84 50 54 14 25 73 15
7 40 70 66 29 80 63 65
13 36 99 22 53 19 58 69 70 85 59 14 89 60
8 16 6 29 44 45 35 99 9
7 10 16 70 55 5 78 67
9 82 58 69 34 2 85 38 41 45
7 43 26 72 94 17 68 30
10 91 70 79 68 62 76 92 94 20 88
10 51 12 29 68 84 78 100 98 36 26
21 94 19 26 50 42 9 10 40 30 39 31 99 38 80 14 23 48 96 98 74 52
18 27 30 17 10 5 81 11 80 77 40 62 33 6 74 44 84 94 47
16 59 69 88 8 15 62 50 94 22 66 5 83 42 89 2 79
20 31 98 69 11 40 71 75 53 23 47 97 16 79 45 72 99 94 91 27 8
7 8 2 3 7 88 20 66
19 40 51 46 19 4 10 13 16 73 9 8 11 63 54 5 7 22 98 35
9 64 77 48 66 39 53 58 55 83
10 67 23 92 82 27 71 65 55 91 52
10 77 34 83 55 33 65 22 58 53 76
19 35 68 56 94 64 97 85 100 96 1 4 67 73 55 9 16 49 99 44
9 27 79 77 7 15 42 17 68 86
16 81 28 84 31 20 96 70 93 73 77 7 46 85 42 80 34
8 9 67 4 42 61 46 1 22
9 50 68 26 69 64 66 82 42 2
9 69 90 81 28 18 44 12 85 47
7 74 46 78 77 37 73 27
8 93 38 60 11 9 64 13 86
11 26 14 87 43 1 80 5 10 20 74 53
18 83 36 34 92 91 38 30 58 5 67 13 17 18 62 99 1 11 79
21 74 4 9 3 70 44 12 18 53 58 87 22 72 35 10 77 47 61 7 86 16
8 98 20 42 40 91 11 41 2
7 89 87 8 81 28 63 80
16 43 1 97 44 93 47 24 95 14 75 92 32 59 49 9 71
10 84 95 7 100 92 8 83 29 50 41
10 75 16 70 5 79 27 14 7 86 99
7 51 65 46 2 13 73 78
20 46 28 23 66 27 42 59 84 96 17 35 31 39 74 16 5 94 93 14 89
18 4 74 64 56 91 47 65 57 1 54 82 68 69 36 32 37 100 43
14 84 56 78 17 13 43 71 80 6 70 41 37 38 30
22 96 75 24 98 15 91 43 7 45 1 39 20 69 93 26 71 14 50 6 73 32 63
23 71 69 9 51 29 46 50 3 82 25 96 64 59 14 52 79 18 75 92 58 27 48 99
16 55 99 43 67 39 13 57 33 22 95 74 26 3 24 12 48
17 60 94 12 21 97 53 31 10 39 43 71 57 59 33 72 79 1
9 65 50 93 24 47 16 92 78 6
9 12 97 30 11 24 70 89 21 83
7 64 21 18 93 96 20 85
18 37 70 80 96 100 27 30 75 58 89 77 83 63 87 1 16 52 29
23 15 57 97 5 14 65 88 73 24 25 20 99 59 71 84 49 83 43 19 34 64 52 94
9 2 39 63 95 4 16 100 5 97
8 61 64 12 83 86 20 99 87
17 70 4 56 10 15 100 42 91 36 81 79 32 62 87 47 37 83
12 57 38 1 92 66 79 34 97 95 45 37 78
31 15 14 49 65 92 57 3 80 90 27 8 55 46 58 61 28 94 85 77 43 36 41 79 4 50 56 95 9 97 66 99
22 12 86 14 77 90 68 67 53 50 11 32 6 26 66 56 2 39 42 44 43 45 25
8 56 98 81 65 80 75 77 37
28 98 47 87 62 73 18 56 9 34 28 67 59 13 43 26 51 21 79 6 100 84 71 5 75 50 65 58 42
11 56 54 29 15 5 11 58 99 14 27 6
16 68 16 100 80 91 92 98 43 33 51 93 56 9 46 73 67
9 3 76 64 8 30 57 26 100 9
13 68 54 71 48 94 65 29 82 22 64 60 6 3
16 11 13 20 30 40 46 2 72 28 47 99 3 7 82 42 9
7 13 94 4 55 83 71 42
13 11 76 26 43 35 64 95 7 71 80 38 47 72
7 37 4 83 56 52 74 61
7 89 91 68 82 56 84 62
11 66 86 79 60 59 95 71 44 80 75 36
7 2 54 74 30 61 41 95
12 76 4 48 57 35 90 19 21 5 85 11 22
11 98 49 43 99 17 65 8 86 76 62 4
27 66 90 31 1 93 2 13 6 88 59 65 45 83 75 18 76 15 14 96 100 55 64 68 77 23 41 92
15 59 29 79 45 16 68 57 31 10 67 28 46 71 60 63
10 75 93 4 96 60 35 15 50 2 27
15 13 43 57 67 31 78 10 45 5 62 72 27 99 76 89
18 64 34 78 55 21 56 59 54 70 52 87 4 61 58 94 16 5 84
7 48 11 15 87 46 69 5
16 67 86 81 78 83 1 31 84 57 23 69 96 21 79 82 92
31 32 26 69 35 62 22 91 64 96 43 39 38 17 82 42 19 92 75 11 95 58 70 66 65 14 24 2 23 85 67 89
30 47 28 58 63 98 84 87 46 41 69 96 10 61 50 72 25 68 56 13 14 22 4 75 33 1 7 31 26 71 19
29 62 36 50 40 92 100 35 60 46 64 32 89 97 91 27 66 29 99 42 82 79 14 68 11 6 37 87 77 83
34 60 42 90 50 95 75 31 17 93 27 58 5 26 96 39 13 100 24 3 73 49 80 94 92 20 25 84 22 99 81 44 14 69 30
7 38 82 1 76 33 93 34
27 13 54 9 52 80 87 4 23 62 60 86 97 24 40 26 47 34 3 63 69 96 72 10 94 83 30 74
9 44 17 29 51 81 85 61 9 41
18 19 70 45 4 90 6 5 60 8 36 39 11 88 38 91 61 98 24
9 7 38 70 76 80 91 2 30 47
8 86 76 37 15 83 65 52 79
14 76 8 73 48 93 7 91 14 69 85 80 100 47 72
8 95 8 70 72 55 57 29 47
12 61 78 94 73 13 68 6 86 10 11 47 8
13 86 44 87 69 99 49 42 63 83 72 94 33 26
9 41 13 76 52 35 60 59 5 78
7 35 81 68 20 79 22 34
23 18 53 68 50 51 78 57 87 33 37 7 67 55 52 24 13 46 75 16 95 3 45 40
12 77 39 1 66 32 79 59 10 46 95 16 24
15 42 50 58 13 18 38 74 34 68 20 4 47 52 40 70
13 65 72 18 45 60 100 35 24 66 38 44 32 5
12 5 79 51 44 1 88 15 50 91 30 32 47
9 36 62 60 40 83 98 77 22 84
16 54 91 39 51 58 56 31 71 75 98 3 28 20 24 1 30
11 29 7 22 10 91 60 2 8 98 20 11
11 74 19 67 88 30 45 83 100 48 69 97
10 46 92 97 44 80 83 35 8 12 43
7 31 94 8 56 88 10 98
18 58 66 93 53 1 48 41 42 38 20 59 17 54 12 75 83 100 14
10 55 31 95 21 14 30 40 6 83 41
21 25 9 24 34 33 85 42 70 82 92 26 37 23 56 68 79 64 80 29 62 96
35 95 43 88 61 26 9 94 92 77 57 3 54 72 66 52 48 35 70 17 68 63 29 91 42 90 19 83 53 73 89 37 30 69 49 79
9 58 80 3 40 86 34 98 87 5
7 42 76 12 45 11 7 69
13 44 98 9 13 40 95 45 83 23 2 53 75 16
16 35 54 87 76 79 21 56 8 30 3 57 69 16 84 53 86
7 39 47 75 56 81 15 62
7 24 45 64 84 21 98 30
11 50 84 97 37 95 48 54 43 96 22 88
8 10 29 68 54 90 83 99 26
19 77 75 36 67 17 84 88 10 47 80 72 35 46 16 55 94 11 97 48
8 97 12 33 36 55 7 78 73
8 40 31 11 97 70 9 29 7
16 29 1 8 69 66 7 50 100 55 33 63 62 24 87 97 93
14 33 20 37 12 6 45 52 44 90 60 25 43 50 55
14 19 89 27 81 57 49 84 34 78 4 1 92 10 39
21 25 98 70 9 28 23 69 35 76 15 4 13 86 68 89 38 18 34 32 53 21
19 57 47 29 76 30 89 62 63 46 68 58 53 24 95 79 15 41 73 99
14 16 98 40 33 24 39 30 69 21 4 70 79 72 19
16 75 70 99 41 88 36 69 22 44 14 32 9 21 48 72 51
8 96 84 64 76 78 49 75 65
29 45 55 35 47 90 25 7 15 81 11 86 42 37 39 5 53 100 54 72 69 19 34 94 93 38 29 66 80 22
7 8 89 63 96 46 90 45
18 6 31 46 75 7 37 8 67 28 5 49 81 20 50 26 94 91 70
7 78 92 73 96 44 49 16
7 93 94 86 21 37 58 38
20 58 75 28 61 22 80 11 53 74 20 69 45 92 40 31 52 46 49 33 55
11 53 5 2 59 82 88 98 48 31 12 21
10 62 19 89 51 84 47 83 73 60 24
12 69 83 39 6 58 11 77 46 94 25 36 84
16 85 88 100 72 10 31 89 37 50 28 22 82 1 96 45 91
16 99 36 33 2 6 19 53 25 23 20 8 74 97 31 83 91
7 18 73 93 85 51 39 76
9 86 20 2 60 85 74 95 84 39
20 71 51 92 79 43 8 38 50 62 56 4 13 68 32 84 28 82 29 55 36
9 35 21 18 43 89 11 16 19 73
8 56 42 65 31 21 30 29 100
27 68 34 48 54 49 80 72 85 61 65 26 27 22 17 6 64 70 13 40 29 15 36 93 58 76 94 78
15 7 95 26 23 79 17 62 74 28 64 54 30 15 58 45
11 22 99 75 85 38 30 67 16 18 65 77
14 16 86 79 8 96 75 62 59 89 14 83 43 55 93
11 64 44 41 49 39 100 42 35 30 76 71
7 9 49 14 44 39 48 42
7 77 7 100 71 81 60 58
16 41 68 7 60 24 22 79 51 78 21 100 2 23 63 42 5
12 62 69 26 88 29 96 27 44 4 2 71 49
15 72 19 56 18 67 59 37 27 87 7 16 43 55 79 25
17 71 20 64 76 41 44 81 62 23 91 39 57 92 77 26 52 96
9 42 17 68 3 84 81 23 38 99
21 58 65 81 42 17 27 62 99 66 39 7 23 30 68 92 56 31 53 98 72 100
13 55 53 32 75 93 37 36 74 14 56 88 71 94
7 88 36 35 21 74 94 86
7 77 56 14 82 64 87 59
15 89 68 94 90 49 32 15 79 87 93 10 77 97 51 40
8 38 100 81 4 91 45 16 12
11 8 26 33 21 92 84 51 64 2 76 60
16 93 38 16 33 18 88 56 89 94 3 27 11 87 39 30 34
7 76 1 74 77 5 53 59
10 9 47 64 18 66 36 35 4 32 95
21 59 3 57 29 5 77 76 54 67 17 80 46 66 85 18 88 39 93 84 62 20
13 28 6 71 90 94 17 38 21 7 51 69 39 48
14 21 35 28 83 34 90 20 67 60 57 41 77 73 42
19 100 58 36 80 86 82 95 69 22 97 98 38 94 70 87 44 20 60 72
17 98 94 1 6 33 92 42 4 12 97 50 57 64 99 74 67 88
8 91 8 34 4 55 2 99 24
8 43 74 98 81 54 5 56 3
8 71 95 22 23 5 24 19 78
19 68 44 28 50 34 55 81 87 25 59 26 42 46 7 97 11 51 8 57
18 77 96 39 63 85 28 49 22 99 82 76 97 43 95 56 98 26 78
27 81 44 48 2 17 24 33 8 19 65 78 73 66 85 37 99 30 12 31 21 64 16 46 69 23 71 40
21 60 4 65 36 71 5 19 20 43 72 93 17 59 24 27 84 18 15 82 12 87
7 53 27 30 76 47 84 63
8 23 73 96 15 43 98 66 29
8 46 82 64 70 79 78 67 72
21 46 55 87 8 49 34 58 29 95 79 17 97 98 42 22 62 14 99 74 41 68
22 94 49 42 68 38 25 55 99 82 1 14 8 67 32 27 16 37 18 97 52 19 58
7 40 48 33 53 6 30 38
9 60 86 81 33 82 50 14 15 34
10 91 44 27 80 78 54 39 30 9 83
19 6 50 22 78 9 34 35 36 83 45 60 10 49 25 8 20 15 47 14
16 85 81 3 10 57 22 88 49 34 99 39 70 100 46 97 30
9 46 45 55 79 42 89 99 70 44
11 89 51 87 50 9 79 23 38 41 47 63
16 99 22 91 42 64 39 60 52 97 1 51 43 31 26 36 86
13 81 54 15 83 68 66 90 58 96 73 78 46 80
14 53 100 77 40 66 17 59 44 70 86 63 57 54 82
12 30 62 22 71 98 72 100 93 65 34 52 59
14 85 43 83 74 42 1 47 56 87 37 27 38 6 82
11 90 71 41 47 75 44 40 18 76 36 70
8 38 53 85 54 11 52 92 81
23 87 98 30 55 35 86 21 31 33 48 3 29 2 53 81 61 18 70 24 84 27 57 50
18 88 6 68 41 80 98 3 1 21 38 58 99 33 77 9 69 17 76
10 42 39 82 67 10 18 64 27 65 7
9 81 34 69 80 50 89 97 20 75
10 39 61 2 78 55 1 4 91 94 64
10 59 62 30 51 67 36 94 26 48 100
11 12 60 44 68 4 37 56 73 9 6 39
22 59 86 14 20 45 80 28 4 71 3 15 48 10 49 23 78 96 72 91 26 55 11
28 6 45 34 56 52 16 63 43 39 49 20 67 28 9 22 54 94 80 4 33 7 3 99 24 10 19 42 32
28 67 76 63 6 8 19 10 56 17 59 42 100 82 14 99 83 44 93 33 7 54 18 58 98 31 1 47 57
9 92 16 40 31 26 39 71 74 17
12 96 82 80 8 68 100 95 48 53 42 85 62
21 83 99 79 70 13 22 44 74 23 33 76 4 81 40 1 68 73 17 60 50 55
17 87 5 95 88 58 31 67 72 89 68 4 29 80 86 30 6 98
16 66 79 12 69 36 90 86 40 77 57 15 92 85 31 48 46
18 71 54 48 80 29 46 95 9 65 12 75 10 32 23 55 31 87 84
16 14 93 84 51 49 78 22 98 72 87 15 92 27 36 10 42
7 5 99 92 63 57 71 67
7 96 59 8 56 55 34 44
14 58 61 36 46 43 32 18 56 81 7 19 8 99 57
17 9 30 82 91 66 69 63 92 16 40 74 26 96 10 75 81 87
25 61 78 37 44 92 30 86 91 19 26 46 56 51 54 35 57 95 100 50 20 75 41 1 53 93
13 67 34 26 66 100 41 42 30 75 97 76 36 85
7 2 38 47 75 9 81 15
10 66 92 52 97 13 64 74 41 85 4
34 8 5 9 89 77 58 21 13 6 37 64 99 43 92 3 10 82 29 83 51 85 97 14 54 19 62 67 34 33 65 66 48 44 32
15 36 30 27 75 22 93 81 46 74 9 91 87 47 37 31
9 90 81 2 44 99 5 38 27 92
20 37 53 5 18 88 91 7 87 71 19 15 50 90 74 42 45 69 13 49 83
16 45 12 6 60 2 36 46 88 4 70 38 77 74 93 48 18
11 35 68 21 99 43 63 61 96 54 42 88
12 65 76 29 30 9 97 48 4 53 93 60 35
10 1 49 82 10 7 86 15 46 58 64
15 6 97 14 70 11 77 21 19 72 44 58 8 54 46 40
15 33 55 93 28 76 6 87 3 40 14 53 38 47 94 62
8 14 82 33 90 54 4 45 93
7 5 45 95 72 90 36 85
9 81 40 62 78 72 47 39 83 57
28 53 20 12 23 59 56 63 85 49 17 37 40 87 73 69 24 35 54 4 62 1 96 55 98 100 10 61 18
13 1 68 71 56 99 58 19 51 94 27 45 15 29
11 6 68 95 74 22 1 16 81 7 18 85
15 61 27 16 62 17 89 57 99 37 28 8 76 96 50 77
25 63 61 89 76 90 81 5 98 25 85 73 2 31 83 96 58 34 38 53 55 4 19 54 23 67
17 53 38 83 60 50 90 66 63 3 27 76 8 51 7 32 43 35
16 8 91 35 70 90 24 71 10 43 18 33 1 27 69 39 94
7 36 38 69 61 77 63 57
8 96 11 33 34 16 85 58 31
11 92 68 30 57 36 90 4 41 91 80 6
13 10 43 98 37 6 14 15 51 27 54 3 12 100
8 5 34 92 25 10 4 64 29
10 7 40 6 96 25 53 45 93 95 84
12 41 17 55 77 5 86 69 84 2 10 38 60
10 59 42 61 98 28 27 48 95 73 90
7 99 74 38 92 93 37 89
9 29 65 96 33 13 98 5 58 26
10 44 68 31 70 89 60 77 99 15 17
11 14 79 71 68 69 75 49 17 58 54 83
13 99 94 26 14 90 96 64 95 6 22 32 55 78
11 68 98 70 71 6 73 24 100 14 23 13
16 38 44 26 77 49 33 9 47 52 84 46 28 88 51 21 20
10 4 12 90 56 60 9 68 95 45 97
7 71 70 36 39 73 30 88
23 47 73 97 33 14 74 82 68 76 83 59 50 80 31 66 11 95 60 54 18 43 32 63
30 56 92 67 70 68 5 10 90 25 33 80 61 84 1 63 54 47 29 50 45 30 96 53 2 31 55 93 8 4 24
9 44 77 50 25 92 8 85 96 69
14 91 8 90 87 31 44 3 10 5 49 97 75 95 30
8 18 71 81 48 97 90 30 40
15 99 3 22 90 56 46 84 29 38 98 91 49 71 54 2
30 78 67 77 8 47 73 37 34 12 23 29 1 28 46 11 68 10 5 79 4 86 91 80 87 25 43 62 63 76 24
19 78 96 4 61 71 58 21 75 9 62 84 39 57 68 28 23 56 46 33
13 88 67 17 92 94 74 48 30 91 80 16 33 25
10 93 99 7 15 24 81 33 8 63 9
13 14 28 7 18 34 59 89 99 42 13 94 52 6
7 2 25 9 4 36 22 59
7 12 21 70 22 44 49 61
10 46 1 18 55 92 20 98 84 60 39
11 99 48 81 12 95 31 70 100 24 59 34
7 69 38 17 78 74 60 94
15 35 3 37 71 36 84 12 45 65 15 76 85 63 9 23
24 76 33 16 36 22 40 39 6 10 47 34 74 87 100 67 3 43 17 26 53 80 15 78 96
12 83 15 30 78 96 31 13 8 37 87 64 56
10 3 88 35 41 70 29 65 56 74 77
15 14 62 77 52 79 9 55 93 84 90 100 10 63 16 88
11 98 21 3 44 41 5 9 30 23 19 85
10 57 30 10 49 78 82 39 48 70 13
10 72 23 7 62 9 100 47 4 83 90
7 1 23 41 17 42 21 83
18 18 43 37 31 51 16 70 13 30 78 80 98 77 88 89 10 39 17
8 41 46 53 12 62 85 95 58
8 3 62 54 44 12 6 1 26
7 60 21 18 91 72 26 23
7 20 32 99 1 75 63 78
7 75 64 10 88 28 57 20
12 79 27 76 68 49 5 11 14 56 81 63 66
14 53 3 16 73 47 58 98 10 76 84 38 25 45 90
13 39 67 71 76 7 97 82 20 59 90 8 46 24
10 38 27 4 47 59 77 90 61 52 80
35 80 28 33 59 40 53 45 11 5 23 36 6 18 9 86 17 55 3 41 81 42 52 27 88 57 13 51 20 68 7 91 61 48 31 38
12 30 6 11 26 9 51 49 90 77 22 17 25
23 71 3 94 83 91 30 44 77 35 98 21 7 16 24 25 14 75 33 73 100 72 56 45
18 6 71 81 9 16 17 80 90 61 39 88 60 4 62 12 18 67 66
11 63 22 37 98 99 64 9 76 97 77 38
34 98 54 11 6 3 76 15 31 14 53 16 74 52 86 94 71 80 36 87 88 75 91 77 17 34 93 20 12 26 41 43 92 19 40
24 29 88 99 70 100 80 56 6 34 11 93 22 7 28 58 57 26 87 63 43 62 47 44 81
8 28 2 58 9 91 55 69 63
9 98 47 12 35 54 76 64 44 87
13 100 43 45 62 14 38 39 8 70 77 71 54 56
12 47 99 17 62 74 83 16 98 73 23 72 66
20 38 98 50 92 21 39 60 13 82 49 83 63 51 27 97 1 9 52 85 8
9 92 44 80 69 14 98 49 39 66
17 49 69 92 17 34 31 99 41 23 95 21 83 35 60 13 51 2
8 41 16 24 20 59 66 57 43
7 83 21 59 73 47 86 54
14 15 1 65 49 66 75 3 34 21 58 44 80 99 93
10 24 55 79 21 77 60 72 81 12 1
10 72 23 5 46 31 84 38 37 30 59
7 45 44 67 42 81 73 91
33 19 35 73 20 79 30 51 77 54 17 99 1 6 55 82 24 41 8 13 48 89 3 57 5 23 90 38 61 56 65 47 9 31
14 71 27 77 58 23 20 28 86 4 84 2 46 44 67
9 39 58 10 100 32 79 37 20 26
23 26 38 70 87 61 52 11 65 55 69 57 97 16 25 85 48 17 88 47 41 46 60 28
10 48 57 41 21 17 59 52 71 88 92
11 65 21 74 30 84 42 56 86 1 68 85
14 75 61 38 42 54 17 100 77 16 65 32 4 41 43
15 58 66 40 71 93 72 23 11 92 22 95 80 3 75 79
13 82 31 48 91 99 7 66 58 2 86 81 49 3
26 19 7 10 40 51 48 65 80 35 11 55 58 74 49 85 21 62 94 60 61 36 64 79 70 41 68
23 31 11 32 22 25 35 77 34 72 44 87 41 55 10 48 7 69 95 63 97 30 2 62
8 16 27 55 79 94 26 11 78
28 64 83 17 72 71 40 15 92 94 61 7 27 76 35 33 8 42 16 77 58 28 32 95 39 44 86 10 41
18 47 99 58 25 37 31 55 41 49 97 21 68 76 29 8 65 34 44
30 100 10 82 28 34 92 69 83 7 94 39 70 96 35 63 15 17 99 95 64 48 68 72 45 50 46 54 24 32 86
18 20 16 92 96 47 2 58 81 30 87 79 5 99 3 90 53 36 80
17 7 9 41 51 3 13 84 34 22 28 27 89 55 74 35 46 99
28 32 76 56 43 9 48 67 92 30 61 45 99 78 84 39 97 95 17 91 77 64 52 98 19 65 66 53 15
8 45 72 19 78 38 98 44 71
12 34 38 64 41 19 32 44 4 40 85 76 82
24 4 59 92 88 41 12 79 30 53 19 13 63 61 44 75 10 89 26 71 48 51 60 22 72
17 10 48 45 28 56 42 21 94 91 69 43 64 51 36 22 97 7
22 79 32 14 83 92 11 27 23 54 94 22 24 88 3 47 9 10 29 13 65 37 17
7 1 18 38 75 64 12 55
13 7 69 39 95 62 45 38 25 18 96 30 92 9
9 90 98 41 32 19 69 42 24 56
9 20 86 8 16 33 74 9 78 99
8 98 80 48 64 94 7 63 56
11 47 18 10 74 42 89 3 6 20 14 22
9 70 46 36 84 69 56 44 52 62
8 72 50 44 100 5 38 20 22
10 91 26 8 100 95 20 96 98 13 71
14 73 33 25 45 38 42 96 35 8 22 47 3 5 90
8 80 89 66 55 87 84 13 99
7 91 99 68 17 89 10 31
9 79 18 63 77 69 24 52 16 28
12 48 72 94 44 97 36 89 65 35 73 87 51
11 16 90 32 100 52 15 26 99 94 63 91
17 12 22 37 95 86 6 83 4 11 90 57 58 17 97 64 33 65
11 21 12 43 62 35 23 96 71 7 67 3
23 57 16 39 41 70 59 1 2 13 100 30 14 23 40 55 90 80 62 88 12 19 36 65
20 28 13 14 74 90 57 40 6 80 38 34 51 32 18 92 89 64 37 11 75
12 32 47 64 82 72 15 20 86 10 41 29 7
11 64 76 56 86 5 41 2 77 97 30 38
12 54 43 10 3 78 46 72 57 12 28 41 75
13 83 27 32 15 59 64 88 70 35 8 18 25 49
27 40 27 25 59 39 43 74 41 65 38 50 83 49 20 61 26 36 51 84 55 92 35 66 75 68 86 31
11 37 7 4 80 9 29 17 82 74 34 70
8 64 45 42 38 52 97 18 98
8 69 49 37 63 44 52 83 81
8 33 4 73 99 45 94 18 59
11 58 19 97 49 36 22 16 38 77 86 28
17 71 47 64 75 70 72 11 44 14 66 41 67 56 19 80 38 94
31 99 5 4 57 43 50 14 36 91 31 39 8 85 63 72 58 15 46 30 61 45 6 79 68 11 98 18 89 71 93 9
9 37 27 80 1 44 71 14 65 94
7 81 30 7 33 23 74 100
18 32 42 100 96 20 11 97 8 98 22 45 4 72 83 74 15 1 44
7 90 30 29 19 92 49 65
9 56 3 74 27 97 65 4 13 59
7 42 49 84 89 32 21 72
15 19 26 91 79 39 28 64 54 67 20 41 36 9 34 96
8 58 45 97 64 21 78 30 29
9 5 17 99 26 10 78 60 49 66
12 93 94 55 53 51 32 49 57 86 28 44 87
7 75 34 54 41 46 65 39
7 71 67 78 44 49 39 20
30 53 61 24 39 80 19 3 11 33 27 12 2 88 97 68 81 85 34 86 99 45 64 54 77 65 13 15 43 31 96
24 64 9 37 56 66 47 54 36 80 96 67 30 94 16 100 57 60 7 32 81 48 8 26 14
10 99 20 60 10 51 34 28 50 2 26
9 35 1 91 76 29 44 99 100 26
7 71 63 20 72 84 81 45
12 57 28 86 19 46 64 66 74 40 62 22 34
19 80 50 49 86 1 26 38 28 48 97 45 31 89 54 34 6 77 24 90
8 81 92 42 49 99 95 30 1
13 77 60 63 35 86 53 8 21 13 5 54 71 25
15 19 27 28 39 32 9 88 60 56 13 35 89 99 55 2
8 18 86 27 93 97 63 25 39
17 25 95 66 28 12 30 32 19 7 56 84 79 53 93 61 22 68
12 49 92 84 54 80 43 19 87 59 79 55 96
20 82 19 73 3 85 13 75 28 56 94 46 15 47 35 24 88 59 97 71 34
18 30 68 8 9 35 54 1 90 10 2 25 11 13 64 92 74 52 58
17 91 49 81 10 13 31 66 38 94 35 20 42 24 36 54 30 29
16 21 34 12 80 32 3 38 82 31 14 100 88 7 70 99 40
7 32 46 83 84 31 98 96
15 48 18 72 66 78 29 38 10 32 71 88 2 93 95 1
10 85 51 56 44 80 98 9 26 89 38
13 41 83 60 78 72 68 52 84 88 31 42 56 79
10 5 10 14 95 73 43 99 18 83 31
11 40 26 72 23 69 51 3 12 13 15 65
13 58 72 49 60 56 43 6 21 1 37 31 84 100
26 20 37 63 51 13 21 43 97 7 84 53 95 90 69 88 49 18 30 81 2 44 46 26 86 55 78
12 31 10 42 62 71 93 58 57 70 41 55 84
13 92 15 13 69 57 35 10 64 54 27 24 83 28
13 99 9 84 82 32 86 93 91 75 2 69 23 88
12 74 44 86 69 19 95 18 71 48 67 15 25
14 21 31 86 97 61 99 50 95 11 67 80 76 83 20
