500 350 4
7 191 94 161 294 126 170 85
9 145 174 269 323 348 155 45 190 131
10 98 27 260 313 50 314 115 198 221 262
6 243 50 74 279 199 67
9 236 243 196 157 19 189 177 199 65
6 164 247 323 9 60 318
11 187 266 172 316 130 179 46 120 39 89 294
13 279 11 62 328 310 55 342 106 217 232 289 308 240
9 135 201 119 208 259 235 168 7 147
8 235 314 15 256 330 200 339 244
6 41 158 316 116 214 162
19 38 203 338 120 237 318 149 119 233 132 267 44 217 82 210 109 272 214 33
13 238 42 109 79 220 308 55 330 268 256 15 317 189
20 159 157 174 17 177 93 97 58 81 65 340 107 298 349 330 197 287 67 320 333
21 291 48 152 19 239 230 251 276 120 151 124 220 17 210 4 243 28 98 185 248 154
10 199 39 45 179 301 158 299 61 243 206
10 98 191 175 216 15 53 347 83 145 320
11 290 205 105 116 198 110 91 177 107 94 309
10 141 27 307 98 338 209 70 164 151 201
14 222 220 183 295 346 209 240 106 323 204 308 26 244 241
6 95 151 132 155 198 52
8 86 290 329 163 169 249 165 265
17 215 146 156 160 103 227 122 104 256 258 166 262 155 95 196 344 187
17 119 105 344 281 15 31 139 132 41 94 350 109 61 255 341 53 124
8 137 173 150 91 207 214 240 347
14 292 136 278 179 62 229 197 181 211 125 244 99 239 40
25 261 336 286 346 206 42 292 218 180 320 344 162 317 169 127 62 132 238 69 209 27 276 255 97 212
10 40 21 199 157 235 103 47 312 220 258
20 210 71 133 46 330 340 260 117 311 124 17 296 286 92 89 108 280 223 149 292
8 163 86 32 346 133 3 205 115
25 38 91 55 218 264 278 295 132 86 285 347 95 210 137 249 69 194 106 221 235 271 67 94 205 84
10 3 120 341 48 93 105 202 187 217 260
6 201 241 160 126 65 121
7 104 73 145 341 337 215 96
10 203 98 232 183 220 241 117 173 67 315
10 130 250 11 179 256 216 44 269 43 28
23 322 282 219 182 214 184 49 247 121 165 70 273 102 194 75 283 85 7 158 186 281 174 275
31 18 289 217 57 328 9 199 112 7 124 131 12 200 176 288 259 215 229 181 144 149 197 311 308 66 134 110 56 275 45 201
6 303 293 334 87 250 326
10 304 146 3 330 43 190 227 16 170 294
11 79 227 350 127 14 241 207 104 265 224 131
13 83 118 45 54 193 219 102 14 137 169 115 107 23
8 112 350 150 39 85 139 262 49
9 184 86 294 345 23 51 12 340 8
6 133 103 45 248 217 299
11 168 71 305 35 349 195 301 260 37 20 227
12 63 233 11 203 237 270 282 174 19 110 156 192
12 344 119 79 24 288 211 106 109 195 278 203 285
13 115 300 303 265 36 28 44 162 73 219 194 201 315
9 140 11 102 224 234 267 174 314 45
19 312 89 150 303 297 349 65 97 106 313 348 342 324 294 54 182 265 329 124
19 325 132 150 95 144 199 246 324 53 189 42 271 136 203 327 272 8 160 29
12 43 189 346 303 164 334 21 123 29 195 45 82
11 289 346 171 46 209 82 38 248 326 155 246
8 261 213 111 78 176 310 196 183
8 221 98 246 331 129 62 191 346
20 65 36 23 15 34 72 68 9 184 217 105 16 93 190 129 240 215 150 335 84
7 212 38 286 176 37 250 19
7 223 108 156 213 122 40 97
17 241 184 102 124 120 101 266 223 145 210 330 151 63 161 122 279 309
9 133 149 75 282 159 322 156 204 327
16 196 217 304 339 98 308 173 133 262 153 57 324 41 16 248 46
8 236 278 18 107 249 133 35 88
8 301 271 222 99 259 103 243 186
29 5 136 70 244 122 197 349 176 327 89 110 199 41 135 160 128 323 319 212 302 83 170 205 163 31 79 218 249 101
11 83 288 143 257 160 261 277 315 344 95 213
9 263 243 138 34 325 79 300 177 318
17 142 186 67 318 169 47 6 279 300 182 53 322 342 211 12 81 191
14 132 221 140 10 260 279 182 115 111 187 54 78 326 135
7 321 34 276 57 59 161 231
6 168 154 219 25 62 232
9 52 47 48 2 301 170 6 303 191
6 350 241 264 318 74 148
6 40 78 208 159 8 178
18 41 114 201 29 46 146 132 282 150 279 36 330 6 304 275 340 158 213
29 176 345 83 125 199 62 96 36 289 270 231 266 215 79 87 291 212 29 225 206 30 331 204 177 209 82 265 241 94
11 172 242 107 10 190 6 206 250 156 166 213
9 322 112 284 188 275 255 174 140 338
7 282 95 123 276 14 203 342
11 152 64 148 337 85 213 253 262 225 158 25
8 240 263 10 51 190 228 350 105
8 91 186 253 3 103 244 316 336
6 179 36 208 40 166 266
7 336 214 253 287 302 137 334
6 46 37 304 154 246 305
7 33 80 293 182 153 110 187
6 195 38 9 165 247 348
13 54 10 40 71 190 189 152 8 175 37 138 42 349
12 307 65 103 66 149 81 59 180 283 175 171 281
8 68 177 53 36 190 314 234 315
10 282 255 186 327 238 295 348 254 64 58
19 162 163 227 334 24 292 328 103 40 306 301 278 37 1 223 318 203 90 54
9 32 112 2 135 264 281 20 204 333
9 243 160 292 29 3 119 294 17 85
7 99 183 79 327 80 280 292
17 138 136 102 323 267 208 21 236 91 280 202 184 199 70 215 291 122
11 348 21 342 220 3 331 248 59 231 66 241
9 203 313 276 60 263 96 88 322 17
7 308 4 252 54 140 46 62
7 185 47 98 84 121 146 20
18 340 26 298 75 205 39 125 224 158 239 336 189 325 243 172 240 253 209
10 267 192 5 65 46 76 311 60 75 188
8 80 247 55 115 166 172 342 42
20 292 159 68 241 125 184 194 273 316 97 93 270 266 53 317 59 167 200 269 20
7 328 158 241 303 316 211 132
17 35 234 130 292 76 74 118 119 7 298 314 249 263 179 65 268 174
21 14 27 145 24 160 232 333 92 350 195 28 193 205 38 90 340 299 214 295 125 130
6 332 100 153 204 225 338
23 196 100 264 69 72 58 105 158 68 329 53 202 133 23 206 150 88 114 337 308 110 22 249
23 216 316 252 338 309 189 238 244 207 210 220 193 175 97 129 321 176 158 118 162 18 156 196
16 149 82 203 10 135 195 303 64 187 320 348 113 265 160 96 249
6 216 65 239 80 49 320
13 297 300 79 179 31 91 195 88 154 118 334 335 273
14 7 141 195 47 277 240 100 189 206 153 303 210 264 133
8 92 80 138 247 147 251 105 96
8 244 291 87 81 176 265 207 342
29 254 218 206 187 270 263 311 69 50 185 247 182 301 47 151 159 246 123 200 167 244 213 102 251 210 198 223 72 235
30 83 144 235 20 86 117 214 317 242 234 65 254 131 306 96 43 167 48 267 295 181 112 350 46 197 16 3 216 201 80
15 256 51 266 19 205 299 247 178 227 93 69 188 321 7 206
22 236 64 347 143 180 172 58 256 291 266 169 13 313 66 95 40 325 98 279 46 29 59
7 183 167 239 85 285 221 212
29 251 126 259 288 252 181 54 7 39 157 58 287 276 253 329 298 29 32 127 332 196 94 290 86 11 109 205 220 218
8 260 100 303 282 89 120 24 224
17 322 182 105 258 8 17 164 317 74 52 189 117 72 41 195 228 28
15 69 23 331 343 226 161 277 316 100 325 165 155 31 171 297
34 321 336 207 214 349 221 237 291 292 334 235 37 265 192 148 40 270 122 41 22 290 239 272 133 100 8 335 2 198 177 162 341 338 179
17 59 291 25 182 105 191 178 245 288 89 204 38 113 50 188 336 284
6 17 228 172 180 51 47
9 258 285 242 34 274 227 171 66 284
11 23 340 77 268 319 217 262 191 13 44 331
13 24 196 103 85 88 220 313 198 185 346 267 41 137
19 182 265 59 169 149 238 29 297 32 84 8 96 146 83 151 22 158 94 259
11 279 104 237 197 311 271 220 285 40 78 156
10 232 268 269 236 201 18 261 10 346 332
13 21 270 127 241 99 218 200 219 153 138 254 101 23
11 305 117 56 298 116 326 319 270 64 84 294
6 130 57 107 333 237 7
8 182 213 63 164 60 276 303 188
13 2 48 334 108 7 96 331 292 199 66 233 330 213
13 122 125 144 305 161 185 182 236 59 210 60 319 139
26 303 120 167 79 41 166 14 102 292 99 259 189 277 93 51 178 284 337 334 135 250 143 86 146 312 134
12 17 66 128 139 343 167 109 81 30 12 322 80
20 35 336 99 153 136 290 313 253 9 316 87 272 260 126 332 299 295 206 16 278
7 206 299 35 289 145 49 269
9 106 74 293 66 143 328 315 99 338
10 141 262 85 33 134 257 193 78 105 250
6 323 281 21 161 190 179
15 241 47 305 30 91 20 83 174 68 88 225 97 178 238 28
8 309 234 74 68 26 250 6 79
9 324 161 51 342 289 194 98 331 103
25 165 212 162 152 339 9 194 197 252 27 198 262 220 331 347 159 13 337 255 320 272 25 42 266 134
26 297 29 290 326 112 158 144 313 330 307 186 228 309 209 230 24 340 106 2 88 223 224 173 132 96 49
7 139 230 24 142 83 38 103
10 86 187 133 203 321 259 10 303 21 27
30 251 149 87 164 12 105 191 89 174 328 102 24 132 228 273 116 190 233 94 43 23 26 88 213 92 238 68 5 210 330
7 141 210 338 110 105 106 135
6 149 121 341 76 284 226
6 104 33 23 264 259 141
9 63 287 174 32 236 335 261 85 286
8 339 83 13 92 184 311 165 200
7 117 333 215 222 149 144 6
9 273 289 190 314 233 18 152 251 79
12 326 177 54 62 248 329 346 331 240 325 262 330
9 103 331 344 332 211 339 273 63 301
12 49 70 130 120 267 166 77 164 278 282 27 326
6 234 157 67 45 198 242
11 93 270 321 167 158 151 342 225 313 55 32
7 218 4 307 137 245 251 301
14 288 299 328 158 338 127 139 179 50 48 15 83 128 69
12 325 344 340 14 80 267 53 293 273 228 269 106
14 19 22 200 347 199 42 87 349 203 201 339 15 230 228
10 213 180 289 11 176 56 19 219 234 311
7 99 74 92 66 214 282 301
18 271 17 292 270 238 308 37 20 324 127 110 210 87 272 156 244 280 102
8 67 276 74 145 80 11 238 214
6 87 328 310 302 197 118
7 157 23 329 141 25 12 165
12 287 234 37 171 8 150 93 181 239 77 193 45
7 87 7 190 112 28 318 144
15 38 133 241 25 116 169 254 86 295 186 163 95 129 183 128
9 167 339 234 268 212 211 236 22 310
18 83 107 80 330 99 2 113 275 64 42 303 103 31 271 127 106 74 315
19 138 108 248 334 105 7 222 313 153 307 191 21 40 152 137 86 64 225 84
8 20 83 276 246 304 317 26 31
6 132 116 69 281 157 273
16 70 122 112 305 45 344 107 26 249 320 106 175 118 52 131 126
6 300 135 193 161 227 57
9 185 114 48 97 106 158 49 335 332
13 127 78 191 228 7 136 242 98 161 40 47 297 205
11 2 92 155 20 37 157 302 210 23 346 130
9 6 227 164 99 348 39 341 300 161
16 180 122 337 346 300 57 88 261 51 287 109 198 263 87 227 349
8 345 192 10 237 265 55 254 261
9 114 72 299 249 170 80 197 293 250
11 195 246 335 191 35 290 158 282 262 220 275
13 256 212 136 67 47 339 262 267 306 324 26 263 257
18 184 77 272 189 343 101 281 10 23 313 93 64 59 179 171 38 45 178
6 19 339 37 126 46 299
10 297 319 229 281 265 179 110 43 260 274
9 48 35 172 90 329 300 178 57 315
6 14 312 348 161 18 344
14 164 194 204 63 143 321 103 26 327 18 151 234 51 120
7 165 36 136 208 75 228 326
16 110 20 84 73 271 160 274 283 124 114 168 268 203 282 261 232
11 237 329 103 17 282 330 115 238 148 88 234
10 245 29 61 256 312 43 27 215 57 254
27 75 20 33 320 348 72 223 272 330 34 5 289 266 148 90 112 219 285 120 256 310 349 93 57 244 156 115
6 90 249 348 140 170 283
9 202 81 149 92 37 302 324 193 321
9 223 239 124 338 36 326 115 229 57
16 73 255 88 64 157 188 317 14 208 277 169 290 245 46 174 166
28 1 321 104 85 234 265 86 257 334 236 125 21 113 72 75 262 77 276 337 261 59 202 286 40 174 96 15 185
11 288 150 136 342 70 333 105 263 20 329 228
7 300 137 295 239 106 311 335
8 277 349 177 1 72 142 185 111
13 277 20 40 158 298 29 198 52 121 39 234 110 32
9 192 11 219 299 291 281 27 238 344
7 64 32 154 16 13 21 100
12 93 87 46 262 67 186 9 44 293 23 112 269
11 72 241 243 140 124 331 265 61 31 199 340
12 175 304 268 60 31 113 26 196 194 332 243 183
26 211 128 300 243 188 318 58 321 293 72 49 240 191 109 51 231 291 279 98 186 140 306 246 314 87 123
17 230 303 56 120 29 147 104 116 258 237 342 182 290 101 106 350 263
7 124 161 350 97 217 168 143
22 85 334 234 262 192 224 208 19 257 71 137 207 83 25 9 164 90 10 84 134 250 52
6 137 290 67 245 315 107
28 77 41 338 263 176 93 227 308 191 332 111 46 115 238 122 328 65 1 39 149 235 150 76 285 118 291 290 145
7 244 13 293 147 270 15 283
13 26 344 107 293 95 209 52 306 337 125 188 139 161
7 32 148 252 20 174 350 62
18 105 73 242 188 227 95 258 139 53 319 48 311 110 61 27 334 260 338
19 226 346 163 66 337 6 203 53 194 58 8 1 91 99 224 79 30 199 127
13 231 17 255 163 98 125 302 234 227 315 106 288 206
8 219 222 327 286 328 34 60 306
6 35 299 230 79 190 265
17 137 171 267 309 235 121 27 295 288 174 155 314 136 144 220 100 328
13 50 74 248 25 38 188 344 326 281 270 319 128 135
8 257 238 196 313 337 306 122 62
15 126 5 110 103 223 123 258 247 323 248 75 165 197 222 344
8 99 251 123 348 329 87 238 154
26 347 268 201 79 45 327 265 92 350 236 12 51 177 178 233 336 135 278 150 245 33 36 30 257 332 212
31 50 113 19 344 5 185 194 204 101 55 172 320 129 325 222 69 57 229 237 8 7 255 60 209 29 330 30 11 196 292 268
17 304 167 35 134 237 131 90 278 109 70 185 19 305 251 250 121 112
8 315 129 50 121 59 347 65 208
8 178 228 294 258 267 333 215 271
8 188 5 327 109 228 48 255 169
14 219 94 304 348 177 234 119 118 173 194 323 305 331 47
21 153 272 255 169 283 4 37 91 346 147 292 60 304 337 41 308 56 21 53 291 229
9 31 330 254 329 110 275 333 276 184
7 266 272 236 90 16 300 18
10 20 133 36 248 243 153 28 247 209 308
11 201 76 79 136 137 197 183 244 222 140 38
7 89 72 169 201 92 80 35
29 301 257 250 124 308 315 179 48 94 41 156 231 157 219 263 306 177 182 22 56 46 266 249 342 51 142 66 175 100
30 33 58 12 200 289 203 154 185 87 219 221 253 300 47 304 180 112 83 153 157 98 119 308 77 28 199 168 59 242 325
16 91 216 310 279 71 36 202 102 56 194 41 226 103 178 295 242
13 320 90 323 188 184 20 60 18 251 346 12 43 202
20 196 36 310 103 193 12 151 260 294 308 116 225 128 159 191 6 210 231 56 17
7 77 106 209 171 167 26 263
6 148 297 114 157 232 13
8 188 247 153 255 63 322 158 251
33 80 82 224 38 107 46 98 167 73 152 300 127 210 128 61 336 113 135 151 219 69 123 24 90 62 117 207 187 216 315 132 222 163
6 314 303 119 31 252 162
6 56 156 316 210 27 226
10 70 306 280 107 264 204 235 92 90 295
16 341 276 265 173 190 334 187 56 83 209 197 253 245 121 193 250
16 162 52 132 32 280 272 58 4 273 172 340 85 29 224 341 128
23 112 70 6 104 299 218 176 325 227 132 346 125 120 182 230 28 304 65 324 317 45 241 177
11 179 130 236 19 203 258 6 83 238 340 178
19 46 205 291 76 192 82 157 161 264 294 92 275 63 172 233 106 29 229 239
12 274 317 72 215 250 15 142 344 167 178 207 69
6 136 16 282 263 21 165
15 211 24 179 61 263 175 18 317 13 239 100 83 37 58 70
16 177 190 273 336 109 51 278 18 183 261 268 37 11 320 164 61
18 256 81 347 82 4 167 204 273 271 213 215 214 108 146 318 315 272 202
6 285 218 312 63 209 125
13 8 350 142 185 83 42 279 160 248 250 325 48 253
9 32 225 9 197 212 332 325 198 340
9 128 44 285 147 294 79 112 17 49
9 235 19 42 285 116 91 246 135 192
9 276 115 131 25 189 297 134 172 287
13 129 222 114 197 50 33 66 127 119 284 325 24 101
12 297 71 167 57 303 38 219 206 60 5 307 186
14 347 199 310 3 138 36 168 112 104 173 241 39 191 299
17 49 37 58 273 148 214 14 225 64 264 164 154 186 182 300 319 36
7 89 226 179 93 187 200 5
6 73 37 7 251 307 328
16 57 200 323 152 276 35 132 290 253 143 43 6 87 166 207 239
6 259 169 84 113 270 257
28 166 234 206 211 342 127 343 144 108 184 23 238 134 261 65 292 28 47 249 173 6 277 338 55 73 104 266 61
30 239 19 22 305 303 238 152 48 318 234 206 31 268 121 143 68 245 79 187 24 62 244 49 101 251 127 156 240 281 222
7 196 184 304 155 195 14 298
30 65 291 268 288 40 101 91 119 257 20 261 175 316 17 267 186 343 74 11 224 4 200 6 118 14 100 309 111 314 3
7 105 170 320 152 244 189 161
14 27 90 176 14 101 323 31 143 192 279 252 332 291 19
9 318 102 137 289 155 295 42 234 100
16 85 311 265 1 175 67 75 188 10 105 44 279 148 238 171 333
9 273 221 89 44 333 11 244 180 343
15 42 64 193 10 198 306 200 296 106 248 136 242 319 176 273
15 236 143 194 310 115 232 122 31 6 269 180 238 123 256 345
9 296 154 315 200 166 116 279 155 217
9 323 306 168 80 325 287 90 29 125
12 182 232 92 7 327 156 111 250 239 219 120 15
14 288 188 127 279 146 240 236 317 214 122 94 86 137 15
9 108 59 213 296 246 241 80 157 338
10 115 227 134 56 30 7 296 308 98 307
6 297 332 159 25 207 208
11 124 263 330 299 309 59 185 77 76 279 273
14 202 103 101 217 302 284 294 18 187 198 125 303 346 58
13 303 228 141 139 223 280 2 97 229 226 46 209 222
10 215 164 156 139 138 72 276 346 239 107
9 49 319 308 298 350 29 64 164 255
15 305 192 236 43 254 34 30 23 48 68 125 327 35 1 57
21 305 103 280 318 235 143 127 29 81 50 67 142 267 314 292 51 69 261 136 200 61
7 191 126 159 13 21 33 140
8 96 89 22 13 330 39 178 139
13 63 184 265 31 306 21 255 315 71 104 48 278 251
34 15 254 86 233 287 235 124 142 286 107 260 234 41 62 324 229 292 159 97 236 330 289 239 2 166 248 216 193 200 174 126 145 179 294
24 259 331 146 68 77 222 35 51 129 49 14 149 160 208 150 45 224 118 177 304 98 38 296 321
33 305 195 20 232 272 71 317 240 327 161 206 87 199 89 333 341 196 142 44 147 99 80 237 107 162 220 231 310 235 18 54 60 8
22 125 223 126 140 94 22 48 95 219 105 62 173 27 312 49 15 283 154 275 90 59 258
29 152 112 214 99 149 242 193 309 22 50 126 325 304 346 316 347 162 57 79 182 181 61 69 273 142 299 257 191 312
11 278 8 338 342 44 122 31 17 223 103 256
20 182 136 95 5 114 76 324 83 289 236 36 11 228 207 226 301 252 23 57 54
17 74 57 193 9 202 113 305 284 239 84 141 115 169 163 235 145 217
6 240 329 295 228 289 233
10 68 260 269 2 27 10 168 303 46 128
13 198 208 265 181 244 252 136 21 219 205 116 148 80
17 12 82 240 213 178 192 265 203 283 158 174 231 144 85 157 340 155
13 145 58 26 133 247 83 80 147 257 130 31 243 282
8 343 140 340 238 78 277 284 286
6 207 1 304 260 253 186
6 175 54 18 121 84 310
10 78 198 192 122 238 338 306 268 260 111
12 123 1 86 103 81 316 281 7 202 200 315 130
31 211 286 68 12 302 141 250 213 70 215 104 269 135 336 310 341 235 67 50 93 45 183 278 29 108 200 55 225 131 167 304
10 94 198 288 318 330 302 327 98 279 175
31 225 39 156 66 266 34 5 128 292 190 26 294 216 260 117 332 7 208 4 31 295 97 10 151 256 331 277 343 56 319 92
19 289 155 212 32 207 180 257 43 124 138 57 14 62 313 38 304 227 261 321
11 259 296 102 90 243 285 83 304 52 218 238
8 199 229 216 281 330 298 112 180
33 140 249 108 75 13 146 203 165 344 138 120 292 128 160 271 50 86 79 346 233 273 304 242 231 147 216 268 166 139 252 76 330 97
18 96 123 29 303 209 33 79 44 228 118 316 217 183 46 287 88 234 306
10 61 341 211 256 216 52 244 20 48 76
12 290 181 326 215 302 21 116 349 166 256 74 232
9 144 231 105 81 23 313 226 138 71
18 119 332 191 234 28 11 212 73 152 185 131 51 61 43 279 54 160 288
6 263 336 97 111 329 11
8 316 200 213 36 57 255 74 259
11 323 149 344 119 337 320 63 84 176 69 302
34 84 210 15 349 181 29 9 202 137 285 286 226 270 90 204 158 266 284 275 220 70 60 332 120 200 240 305 190 327 107 2 159 142 236
16 159 112 164 75 130 35 54 301 261 299 253 325 155 291 110 178
7 338 207 238 120 265 129 158
11 188 41 238 153 123 170 281 224 34 342 97
27 115 108 178 37 135 206 125 155 65 12 63 241 28 222 292 133 27 336 113 54 163 85 200 17 169 102 168
7 271 146 39 178 160 193 173
8 80 69 215 241 265 109 11 140
11 121 345 299 117 76 180 259 127 231 140 107
15 235 207 338 157 244 128 117 105 86 336 9 120 252 163 56
6 24 199 26 120 328 71
10 101 22 297 304 68 185 44 314 290 223
10 134 112 152 123 137 59 99 96 77 172
11 349 40 301 60 15 9 111 87 18 50 234
7 191 265 136 105 159 239 15
22 156 129 347 314 236 67 179 290 220 200 2 3 214 339 163 61 66 109 36 1 99 4
17 241 315 99 58 4 218 162 29 330 191 342 322 219 100 195 53 271
20 171 44 153 67 14 229 330 69 65 270 282 149 207 148 162 63 251 124 113 154
11 97 70 18 266 333 305 205 265 233 181 142
17 334 300 146 259 311 276 207 306 244 323 96 43 315 63 242 249 345
20 320 317 199 270 128 165 200 166 45 109 53 312 103 117 203 337 350 260 340 1
24 29 48 295 234 256 322 143 12 163 28 209 289 125 37 197 199 328 275 177 303 195 290 60 22
13 17 149 14 210 117 267 56 151 90 247 102 131 84
6 228 59 344 26 88 224
9 51 32 244 309 163 50 204 288 310
11 152 272 288 252 268 23 17 318 269 22 114
16 2 186 332 279 183 5 248 181 127 307 60 304 19 113 224 124
14 58 225 39 46 281 299 340 76 103 182 163 205 265 230
15 340 262 24 184 58 207 6 94 218 244 34 148 225 219 199
7 84 81 341 176 126 193 220
13 56 332 241 244 348 83 209 277 284 6 131 231 341
28 237 140 247 332 18 323 183 107 318 333 302 316 37 303 230 7 325 154 250 125 137 219 241 278 74 56 226 106
9 220 174 132 187 29 53 180 32 215
14 35 331 169 109 334 272 198 22 128 43 184 279 92 223
8 297 58 109 320 6 65 175 46
15 122 121 10 202 106 126 333 291 68 281 321 112 293 41 184
19 193 203 19 152 324 38 74 191 145 30 266 205 77 115 34 47 53 342 68
15 348 115 143 154 152 346 95 82 193 244 340 42 221 162 338
11 128 200 206 262 204 92 242 53 347 153 96
7 350 189 202 102 271 246 53
6 262 196 113 146 139 346
10 218 335 238 49 225 246 308 316 14 157
18 79 249 42 204 14 293 327 18 223 16 256 27 59 295 74 331 125 104
22 325 153 227 36 131 130 156 347 235 41 278 129 233 193 263 3 228 62 315 56 25 316
12 151 101 220 329 324 325 251 46 100 179 31 347
6 319 121 106 318 180 250
17 205 283 219 65 291 177 346 213 85 153 214 210 341 126 164 90 287
14 129 307 320 239 132 60 18 188 146 295 144 157 9 252
7 343 94 204 224 25 219 268
14 72 255 278 142 213 33 350 194 2 346 166 3 94 48
19 239 203 95 13 241 290 110 74 136 215 200 225 336 55 162 94 67 254 17
14 20 346 248 13 171 134 3 102 2 60 328 158 107 214
15 101 161 317 65 302 310 166 347 252 98 247 304 32 338 248
19 191 284 161 262 150 206 318 11 325 249 182 310 90 5 195 12 74 137 307
10 258 61 350 120 225 59 201 128 291 345
9 128 37 66 61 138 62 260 282 149
14 249 86 344 176 243 350 45 142 235 125 38 250 230 152
7 150 296 335 6 174 255 129
9 260 206 135 269 174 22 236 256 278
7 86 20 249 60 133 157 100
8 30 176 200 70 84 297 283 20
12 251 135 342 214 63 53 3 233 136 281 182 69
8 321 58 329 218 246 283 257 256
6 153 225 97 213 23 304
16 126 110 56 133 47 324 272 114 2 184 80 255 239 301 219 221
8 219 303 169 335 231 196 270 229
15 347 43 231 153 222 86 110 305 241 88 176 111 315 200 148
7 28 81 27 201 166 259 340
7 221 107 168 197 150 81 77
7 24 264 148 226 327 230 326
11 278 342 64 280 121 260 220 12 55 14 81
7 193 62 180 78 248 274 68
11 48 84 332 162 185 247 312 86 200 147 207
11 174 109 270 265 215 199 285 111 150 332 262
12 184 227 322 294 207 166 319 233 290 237 244 135
6 84 184 337 39 8 38
17 143 337 136 195 35 96 211 177 329 58 290 228 348 29 237 39 41
14 41 340 98 207 262 279 239 115 35 329 118 123 327 322
7 281 152 128 29 235 184 282
14 127 190 249 119 241 219 317 109 235 259 1 60 57 124
6 104 128 41 275 77 332
9 263 28 298 186 29 244 236 128 40
7 151 30 2 123 271 118 319
7 214 160 304 343 277 261 39
9 327 265 108 260 27 38 44 127 293
7 306 296 49 226 83 127 34
10 296 252 74 300 247 191 100 87 154 291
14 106 15 109 170 9 335 350 270 288 249 211 200 31 95
15 90 49 199 250 20 200 116 65 130 183 198 216 57 155 69
17 50 86 102 152 72 261 284 299 226 308 148 274 132 242 343 66 307
12 298 62 55 197 203 309 143 346 266 108 349 308
22 255 228 338 122 331 290 221 72 88 102 130 151 259 68 279 251 285 319 343 313 30 192
7 155 239 217 294 300 220 107
21 26 126 328 191 5 329 304 262 225 313 312 45 99 103 19 128 71 82 123 76 174
11 20 55 232 25 133 281 91 66 336 146 320
7 344 129 322 325 328 187 246
8 44 141 134 4 178 157 263 202
6 306 106 138 156 126 279
13 217 324 272 267 264 297 52 258 317 95 238 343 170
6 81 111 65 248 96 315
15 200 49 208 60 50 186 244 58 301 199 285 268 270 298 152
6 146 222 83 196 318 143
16 266 222 184 63 188 249 66 312 95 343 89 87 13 214 208 337
22 269 240 89 255 139 95 261 92 18 320 248 140 31 318 63 169 298 115 152 27 62 44
9 168 58 261 103 116 106 345 107 69
7 22 68 152 244 285 131 350
12 86 130 211 110 312 62 177 257 322 225 31 72
20 330 223 38 22 45 127 199 135 49 299 174 333 249 178 56 142 218 182 116 255
15 145 265 189 211 119 43 185 138 41 90 12 345 79 333 88
13 265 336 184 115 304 99 323 259 283 102 29 312 66
10 43 161 93 288 196 77 82 16 291 250
7 348 99 123 75 9 349 264
10 44 79 125 141 170 242 298 270 114 167
6 274 223 260 104 53 265
9 3 6 71 155 349 308 297 284 160
6 297 64 224 150 226 280
7 261 33 47 161 145 206 30
9 196 156 130 206 116 18 181 50 311
10 213 123 268 244 98 102 248 294 254 158
7 279 182 350 22 92 114 111
6 269 211 126 228 210 158
6 349 138 127 321 152 108
17 34 124 26 84 58 173 110 41 343 69 256 67 274 264 217 43 212
11 151 183 320 263 67 34 272 133 9 48 198
17 24 239 223 301 217 186 199 334 189 255 262 68 121 134 51 8 224
8 134 296 325 335 321 3 293 27
30 37 329 330 231 79 349 331 72 269 88 143 161 127 212 191 277 345 336 327 188 233 80 181 27 121 174 243 229 11 342
8 75 243 106 169 250 10 163 263
9 43 58 227 260 166 178 47 320 298
18 179 30 35 51 55 301 168 319 350 221 10 89 34 339 248 5 327 98
6 55 333 127 269 201 318
11 194 52 344 253 22 35 43 23 326 237 249
10 278 228 316 184 46 262 118 348 311 101
7 103 34 120 52 196 114 15
18 325 10 302 160 261 182 328 311 85 135 291 74 103 19 95 276 3 57
13 205 226 266 9 299 37 20 237 270 36 70 281 119
34 74 230 281 224 44 25 39 340 56 327 244 274 112 70 256 290 207 337 135 41 98 37 213 88 73 103 303 145 11 15 262 34 108 24
6 347 41 330 218 255 207
19 275 301 27 122 174 314 61 237 204 329 23 18 320 168 336 234 220 162 176
20 89 87 151 244 98 283 332 45 338 85 327 301 132 342 55 217 215 270 163 220
25 256 139 219 43 259 72 30 230 345 185 222 82 281 130 126 161 1 226 221 22 33 145 340 113 102
7 339 293 188 174 184 318 19
9 49 195 301 125 299 227 294 196 13
7 293 150 74 80 265 274 8
8 28 182 335 254 215 89 126 206
19 21 81 345 282 188 85 245 222 177 293 24 15 215 210 155 185 133 149 98
8 279 43 318 60 137 330 189 12
9 313 130 40 350 252 220 256 97 271
23 245 145 329 313 344 333 252 219 328 295 247 218 181 314 213 81 124 57 9 67 187 110 36
13 294 31 97 288 209 153 302 195 44 338 212 26 225
9 308 274 162 273 108 21 210 254 9
