100 50 3
14 29 18 10 32 28 25 38 43 13 16 12 40 2 36
13 46 28 34 25 50 48 38 8 36 29 40 45 22
6 6 46 28 35 33 24
9 13 50 36 14 28 41 34 10 39
8 47 35 13 21 19 5 10 43
20 2 29 7 45 16 20 49 39 22 25 36 48 24 41 6 3 46 10 26 17
8 22 17 37 4 25 32 28 23
15 27 30 35 45 18 44 36 4 3 24 6 8 47 7 46
23 17 13 12 9 18 46 49 19 28 6 39 34 20 33 45 31 10 36 40 8 26 7 50
5 48 37 11 43 24
5 18 14 25 46 48
7 38 17 26 5 14 46 37
6 13 22 29 38 31 35
7 37 1 15 27 4 10 2
7 32 6 50 48 13 42 7
10 19 23 41 14 38 30 2 9 24 17
7 21 46 1 28 13 44 8
14 30 7 16 41 21 34 38 49 40 3 10 18 9 26
6 45 50 40 16 49 25
9 44 23 46 14 13 7 12 5 27
10 9 11 15 37 24 46 47 43 50 3
13 6 5 49 34 39 3 32 31 43 40 48 30 8
14 29 50 22 14 23 16 19 40 41 44 45 18 42 8
7 30 8 23 11 3 2 7
5 39 18 13 24 48
9 10 27 16 32 23 33 46 7 13
18 25 23 31 9 46 49 24 48 18 4 44 12 26 34 37 27 38 10
11 29 7 26 46 9 28 2 6 33 5 4
9 12 40 34 10 16 2 41 17 21
8 24 40 37 35 4 9 30 43
7 27 20 35 3 34 49 22
5 44 48 16 29 49
15 36 45 10 4 24 20 16 1 14 8 31 43 3 41 5
5 40 5 4 28 39
11 50 37 43 44 28 46 19 45 33 40 41
7 18 45 27 48 6 4 22
24 29 26 43 3 16 47 48 28 50 19 45 25 42 35 11 22 2 39 4 6 30 9 5 15
9 49 20 7 27 46 40 5 21 29
11 2 6 16 42 12 14 44 31 1 22 38
12 13 45 39 40 4 21 25 48 7 33 49 28
10 38 45 41 49 20 46 36 17 5 7
7 26 29 5 13 16 8 15
12 20 16 19 49 14 26 28 44 12 45 25 2
5 8 16 37 22 1
16 21 11 38 47 12 7 1 29 39 41 34 31 10 20 48 30
20 24 28 5 18 47 25 15 35 42 31 29 33 49 37 14 13 4 45 32 39
5 49 47 16 45 12
7 10 30 12 42 38 28 34
15 46 10 5 41 43 39 28 48 23 9 49 6 2 22 25
9 50 9 1 12 7 27 42 14 24
5 47 24 11 42 10
5 14 9 17 46 1
8 21 11 5 33 38 16 37 12
5 4 47 16 35 13
9 24 22 2 6 9 14 36 18 23
12 1 50 46 44 29 30 26 13 41 4 7 8
21 46 24 43 31 1 5 15 17 2 35 36 7 12 20 3 21 13 28 14 25 44
10 31 14 32 27 45 43 6 38 41 15
5 16 42 4 12 47
9 27 9 40 20 39 45 26 7 15
5 20 50 16 48 6
18 47 16 29 20 25 8 19 45 33 50 46 23 5 48 26 42 17 10
5 22 42 21 43 28
8 46 3 11 8 47 44 36 28
5 23 47 13 15 9
26 49 44 16 31 11 3 50 5 29 28 39 27 15 14 20 41 2 17 6 12 7 1 23 38 21 34
8 16 15 3 6 2 8 38 41
9 46 44 36 14 16 45 7 30 8
6 43 20 7 24 45 2
8 44 36 35 23 17 21 26 24
5 16 27 47 28 26
10 42 21 16 17 33 26 27 1 32 31
5 10 21 26 1 29
7 24 9 4 33 47 40 30
5 8 31 41 20 3
8 20 38 29 31 17 42 43 25
12 17 24 28 33 36 39 29 8 31 1 25 12
8 16 39 8 6 15 33 34 11
5 19 1 31 22 3
7 49 11 29 6 21 27 12
9 34 45 15 13 25 35 10 50 21
5 29 33 35 27 17
6 49 23 43 47 7 1
5 38 1 19 27 28
13 2 48 14 33 15 21 6 9 45 31 43 36 12
6 33 11 30 8 32 43
7 49 20 17 2 37 41 39
6 17 45 27 33 29 40
9 29 30 44 46 3 13 37 50 17
20 28 36 46 21 43 11 29 35 42 34 4 7 32 5 22 9 45 19 15 2
18 26 8 27 11 14 33 50 41 49 24 28 10 1 48 9 12 13 34
13 11 49 12 43 27 18 9 24 8 13 30 14 19
6 24 22 29 40 32 26
8 23 10 7 25 50 31 19 17
8 36 34 39 31 47 12 14 44
15 39 13 4 33 40 46 22 10 16 9 50 47 37 34 25
9 41 37 31 14 45 40 47 48 1
6 2 5 9 28 3 30
14 26 47 33 2 38 28 21 39 40 16 45 7 49 15
9 3 50 48 14 8 7 37 4 25
