1000 700 5
12 590 42 628 294 466 47 193 271 398 205 236 540
27 104 393 339 185 141 265 410 34 346 55 123 536 187 458 448 163 366 279 120 612 430 479 648 293 412 248 661
34 687 326 666 104 107 101 554 667 489 63 147 342 156 465 338 135 3 600 295 118 611 599 97 38 531 436 39 275 119 649 359 22 464 582
14 664 624 591 418 14 25 419 503 403 227 357 272 285 348
10 218 373 508 450 470 506 294 474 287 587
13 135 675 553 200 227 142 634 414 353 673 410 239 1
10 597 8 286 284 617 183 263 249 541 282
25 515 578 585 167 87 655 53 627 85 110 19 219 625 230 278 637 274 673 615 300 242 543 282 240 463
13 43 495 270 255 324 529 406 337 561 517 77 577 116
15 695 72 25 681 143 540 435 137 44 474 616 387 172 433 584
13 27 285 529 635 570 58 309 133 293 364 437 280 431
14 525 144 509 620 222 453 179 30 189 575 280 655 58 457
8 211 40 698 140 619 531 96 519
8 67 104 131 196 55 209 216 160
7 68 308 492 425 276 203 303
19 84 380 182 482 586 498 26 281 279 681 293 686 147 106 369 695 50 538 361
28 534 487 679 37 207 452 315 63 381 696 97 685 553 413 644 346 555 175 394 482 289 323 366 339 39 13 344 324
14 564 521 574 697 449 189 514 668 54 635 258 114 124 194
25 310 198 543 297 500 348 521 623 178 377 479 399 636 209 167 287 113 236 608 483 425 185 352 195 94
15 630 82 195 245 355 579 337 246 686 689 189 114 56 691 465
12 57 286 55 252 191 60 36 193 657 452 59 31
8 290 109 196 335 261 542 604 607
26 52 117 125 543 317 142 486 429 470 462 57 662 533 238 151 658 465 257 177 380 31 62 362 268 208 73
8 427 613 293 87 442 404 653 25
10 50 409 664 619 116 202 454 479 223 102
10 466 32 609 308 672 511 404 651 453 699
7 257 356 234 1 143 338 557
12 408 428 67 459 571 652 441 531 673 317 627 55
10 663 513 476 91 174 525 498 614 126 318
12 214 114 380 111 233 94 541 586 667 677 77 30
32 607 415 344 463 625 673 129 23 271 405 392 422 424 554 155 337 331 551 596 65 417 469 6 278 188 359 525 420 118 631 597 479
23 361 118 286 700 213 138 335 143 569 641 235 399 141 82 496 99 358 518 84 288 39 450 188
13 109 261 158 216 650 536 695 665 1 529 635 550 120
25 189 370 614 146 436 647 40 663 430 165 471 588 460 246 364 261 463 410 123 546 249 627 220 465 584
12 210 274 612 322 138 308 176 539 596 477 657 448
35 3 125 571 177 110 77 451 7 449 565 685 28 613 472 199 457 572 415 27 578 616 198 507 180 339 596 394 40 683 208 29 16 651 228 410
15 210 558 498 305 573 419 434 456 112 670 149 332 243 677 6
12 255 515 223 473 511 540 92 308 180 125 43 612
9 164 84 102 233 504 347 520 292 107
18 506 593 589 94 51 545 22 385 203 215 101 107 194 689 511 679 85 7
15 283 697 511 291 393 369 555 557 649 145 620 564 619 304 410
14 31 245 17 136 125 151 189 21 390 179 686 503 499 292
16 681 78 467 80 535 283 668 303 601 492 309 415 433 211 428 179
11 245 622 129 142 236 483 374 697 312 277 109
9 284 98 478 285 436 632 158 9 336
10 596 485 48 230 160 456 340 58 566 116
8 177 685 566 9 597 271 452 220
21 185 614 592 68 131 585 111 30 499 677 320 133 691 552 213 301 472 401 459 349 129
28 170 454 697 665 147 478 27 398 476 36 338 502 663 264 659 158 570 605 514 204 220 314 31 205 326 130 292 467
31 618 297 545 535 413 643 338 345 306 52 171 140 242 227 447 45 327 601 450 588 667 635 505 26 249 575 558 323 398 676 592
7 112 559 149 373 472 528 256
13 164 163 331 461 223 324 559 524 466 482 94 504 75
25 25 373 589 496 19 555 640 88 387 673 474 515 123 87 91 406 51 374 106 690 243 161 550 530 215
9 266 22 127 514 20 685 138 361 215
17 255 515 167 134 441 486 689 322 565 194 661 699 148 323 629 503 101
13 473 223 644 398 460 476 200 290 633 593 433 658 186
33 9 605 78 399 110 508 34 90 445 93 129 295 670 363 417 637 224 630 286 100 378 214 523 484 505 406 696 432 67 39 414 345 408
21 48 425 240 265 617 692 41 19 105 162 368 535 206 139 13 388 512 267 435 209 602
28 19 179 255 455 338 459 138 204 390 369 423 189 46 372 652 552 642 480 258 351 45 353 276 295 635 93 569 283
9 648 662 301 327 632 292 369 22 70
7 301 144 38 179 199 222 320
22 284 522 259 327 243 596 615 642 152 107 578 233 686 640 447 309 346 687 282 381 369 587
12 240 26 592 25 353 78 7 441 361 552 586 293
10 551 554 97 430 642 634 320 145 356 633
21 605 467 72 30 527 407 589 549 440 423 220 359 479 28 570 422 301 324 616 536 561
26 354 564 474 416 561 445 349 432 605 425 675 656 140 670 223 403 682 391 272 250 659 114 591 217 660 580
15 512 363 375 487 324 379 535 658 158 112 301 138 678 144 551
10 258 179 97 346 413 302 149 264 482 502
11 605 624 504 239 466 158 320 321 552 341 554
15 327 411 64 462 389 280 106 115 170 557 659 33 332 138 443
18 668 672 268 165 549 656 72 163 682 19 231 555 520 8 24 601 32 124
12 270 442 453 13 343 566 662 182 625 111 213 297
10 432 324 124 75 501 631 54 585 115 435
8 428 33 325 95 369 354 575 598
11 185 278 655 684 86 647 334 540 114 386 613
14 53 428 359 503 482 104 460 261 517 194 673 158 10 292
7 161 553 147 429 289 528 327
15 507 145 221 152 89 105 46 293 24 562 620 545 581 191 194
24 437 527 684 475 663 96 192 337 87 224 242 283 48 477 661 656 697 452 613 56 576 330 166 415
21 640 107 345 59 414 496 412 584 137 268 472 407 499 438 168 141 602 113 100 623 211
11 251 656 556 56 74 337 30 361 273 481 641
7 595 290 607 458 693 619 435
10 158 606 72 544 10 285 537 29 377 124
16 239 92 397 513 322 450 222 248 223 474 285 221 286 116 676 377
12 282 454 130 436 332 604 453 101 572 184 217 77
15 483 376 133 566 654 47 236 80 53 168 264 435 41 297 416
16 250 595 417 221 124 28 380 180 62 572 225 651 444 325 213 127
18 326 170 95 206 5 338 670 165 71 283 532 488 210 88 218 90 585 410
9 5 582 415 288 663 549 676 58 389
13 17 517 555 349 18 618 67 458 323 584 496 136 93
8 452 244 637 100 585 310 202 223
13 466 172 258 594 504 465 524 17 581 229 280 478 451
8 586 581 469 471 526 642 401 485
23 576 178 565 691 130 290 661 616 588 299 117 687 184 275 256 95 451 670 316 481 556 367 614
14 464 130 46 322 30 251 36 422 556 433 398 604 694 355
8 287 469 437 371 474 390 186 270
12 224 506 328 171 494 132 344 148 160 347 332 212
7 221 554 481 411 478 116 67
16 310 112 122 639 199 325 644 3 208 642 658 615 669 196 107 110
14 79 435 315 420 26 422 693 446 490 522 577 571 38 39
7 121 177 511 319 20 297 366
17 79 194 13 607 305 73 619 615 534 330 372 537 33 474 342 574 201
26 80 199 167 572 214 632 46 107 539 23 100 312 108 192 549 534 185 466 407 60 39 596 479 469 252 509
8 67 352 423 268 558 32 499 258
15 387 202 530 92 522 540 132 279 141 459 289 488 543 482 284
27 132 275 284 15 297 366 397 289 440 259 31 211 436 131 195 681 480 527 391 488 306 402 14 161 146 497 382
7 510 640 678 643 376 113 467
31 513 387 127 564 174 634 177 211 220 477 566 479 53 643 122 135 222 427 183 210 526 392 218 554 454 285 696 630 81 517 467
17 476 80 281 13 288 199 300 196 486 324 590 525 238 633 350 309 464
9 224 66 416 640 175 410 194 573 450
20 439 200 492 397 161 88 168 234 267 372 679 446 698 543 685 468 126 481 316 464
7 75 102 370 614 588 142 419
21 366 100 103 626 609 245 497 185 319 482 112 41 559 318 329 341 223 688 537 235 420
11 14 260 388 201 653 81 229 335 578 358 100
7 384 388 21 70 467 386 241
11 161 261 381 113 564 582 225 223 99 549 462
17 194 508 153 310 513 695 160 580 37 270 243 362 304 421 524 349 330
17 73 107 471 185 383 133 71 279 436 544 624 257 523 146 217 480 612
28 143 4 246 526 498 84 677 465 299 676 543 197 48 343 364 241 461 472 545 112 218 417 66 669 688 436 650 692
7 605 414 316 232 499 29 625
12 690 616 287 542 567 237 429 595 412 165 676 589
9 337 552 633 33 446 173 518 102 638
7 5 468 262 315 110 224 364
21 448 261 256 678 661 401 502 599 79 50 315 699 242 80 45 545 420 152 613 590 607
10 76 399 659 642 175 84 689 7 42 454
23 693 129 551 112 450 299 100 627 499 460 483 385 306 657 231 163 89 485 147 389 579 7 558
9 316 443 474 302 321 222 193 440 650
14 36 385 571 691 369 39 46 690 274 303 326 109 282 454
7 183 602 207 394 575 551 385
8 583 497 505 245 257 634 641 448
12 145 525 55 136 81 249 585 384 163 586 489 155
11 351 535 156 463 476 482 122 346 616 360 44
11 572 103 158 160 415 148 457 73 399 446 433
8 689 646 672 489 637 476 142 162
15 562 661 352 387 237 60 320 477 471 609 487 613 55 445 355
13 343 59 94 75 687 669 596 160 171 101 567 600 585
8 583 57 304 651 331 50 512 308
18 355 285 216 257 92 309 484 8 53 326 10 667 125 448 489 211 537 44
15 435 479 445 448 611 662 101 35 246 500 460 411 643 226 437
8 338 116 668 202 199 20 467 450
7 478 474 126 54 90 629 372
8 252 411 67 693 489 227 306 114
13 168 696 425 368 196 123 345 98 514 91 47 358 327
7 540 19 620 534 548 121 562
7 336 57 387 689 406 147 87
13 30 472 669 269 643 505 653 630 503 70 382 220 46
10 591 11 131 159 358 65 614 315 352 668
11 587 128 596 188 544 99 22 648 171 155 168
14 596 543 158 444 598 529 587 81 405 271 554 495 84 3
11 616 527 1 679 632 477 418 544 475 516 676
9 236 411 270 493 614 299 139 671 23
20 690 661 425 409 74 522 90 211 450 132 439 660 177 64 551 545 501 201 605 101
7 192 206 197 440 533 377 675
8 292 79 380 335 196 416 176 99
7 47 413 370 640 272 372 602
11 23 234 262 46 536 695 55 77 341 466 51
9 73 47 234 550 40 541 20 529 26
21 332 338 167 585 361 248 497 382 62 44 4 656 616 667 126 67 133 400 206 438 265
21 196 556 476 372 376 410 284 281 480 168 502 325 75 445 490 177 335 692 420 143 151
10 586 241 161 318 250 517 571 445 280 384
11 551 684 76 126 263 243 369 485 536 351 148
7 552 597 210 438 395 51 405
20 277 489 431 450 138 658 540 593 75 28 447 437 508 351 404 576 34 511 680 626
13 58 290 25 451 420 315 425 596 188 112 359 688 231
7 377 267 36 666 244 379 447
11 293 668 588 672 505 7 182 690 605 330 389
10 163 620 583 343 682 178 120 373 314 528
27 120 134 367 330 274 641 409 305 82 306 204 363 265 696 486 560 601 508 575 489 81 381 146 65 299 456 566
20 230 682 618 635 299 491 189 115 313 319 566 287 138 459 573 186 436 135 233 133
11 288 572 161 385 140 33 533 356 451 650 476
11 194 611 590 432 345 476 415 673 631 392 174
19 563 691 417 373 662 162 602 179 573 359 309 260 697 172 281 280 668 670 279
10 128 179 160 104 500 660 39 112 364 359
14 318 60 192 650 74 193 624 505 246 23 229 553 632 311
16 214 585 667 151 523 99 358 584 297 295 434 700 698 209 438 184
17 401 404 519 163 307 179 276 469 122 683 44 143 329 310 338 41 138
8 553 36 62 427 172 395 53 347
12 588 186 62 512 171 299 315 590 2 147 16 70
22 205 222 483 263 583 656 689 26 623 24 121 568 380 659 539 455 187 531 267 124 692 270
14 80 546 30 574 612 291 376 610 60 211 582 558 690 656
33 362 563 366 529 609 98 30 439 226 464 179 93 425 1 662 509 332 535 52 555 544 24 353 107 491 631 673 642 125 475 497 649 532
7 501 371 635 204 83 364 577
13 35 489 74 594 90 565 671 545 638 551 219 677 272
9 409 224 544 523 556 644 423 205 257
10 177 575 505 433 135 464 693 466 277 100
10 41 198 538 150 478 620 448 344 232 336
8 418 205 652 687 47 622 252 127
8 659 680 421 562 108 595 402 375
8 399 691 427 139 516 338 271 282
7 357 514 626 283 54 400 28
11 28 266 495 655 63 298 217 527 158 183 143
9 137 361 394 628 179 76 477 362 190
13 242 315 11 569 374 254 509 453 448 646 45 561 664
27 460 416 502 346 584 448 15 483 280 285 130 613 697 340 279 414 379 24 154 402 553 72 23 360 195 412 294
7 233 188 26 409 210 249 401
7 539 249 363 337 534 293 251
14 574 654 618 556 432 576 179 631 106 173 492 233 539 109
23 540 88 199 404 124 148 373 467 273 553 513 504 322 698 578 351 313 127 687 405 198 640 671
15 339 257 678 191 462 444 369 347 171 7 579 307 421 88 547
19 659 279 369 510 604 545 309 132 700 440 582 326 695 635 280 644 406 595 338
11 689 283 653 548 621 612 15 242 467 530 493
8 135 496 577 329 515 377 308 62
8 274 420 634 207 602 143 231 161
10 522 366 87 29 264 669 457 483 194 58
31 211 116 620 245 452 340 504 652 121 314 339 58 618 152 291 489 253 379 306 69 525 465 375 561 258 684 567 244 488 52 572
12 233 684 443 423 268 664 132 434 282 273 220 410
10 231 291 469 12 374 480 599 534 473 357
8 360 405 566 62 305 196 499 460
21 323 609 493 438 684 355 673 629 223 637 376 514 411 56 159 271 665 429 54 98 573
10 237 333 316 115 637 179 506 534 553 595
24 570 314 374 223 174 523 632 256 643 563 143 599 590 438 58 354 26 63 568 411 640 31 533 265
9 314 213 421 337 89 46 464 157 203
9 302 633 412 564 399 303 136 382 589
12 52 677 436 417 685 150 656 644 664 657 443 527
25 508 211 483 186 681 23 473 382 424 301 205 311 126 548 484 108 61 364 620 575 546 574 497 175 415
7 20 291 404 49 639 611 165
12 607 616 49 437 183 185 6 63 258 503 43 649
14 538 535 503 582 602 121 182 682 677 156 340 174 120 111
8 298 157 632 167 505 58 440 646
15 127 554 431 330 449 508 281 631 591 85 233 363 635 399 650
7 181 214 3 36 138 651 262
8 692 303 84 423 640 636 649 651
14 303 212 337 175 200 350 635 479 133 211 141 204 476 142
18 82 208 576 300 220 130 166 364 79 445 530 24 343 462 514 654 180 27
13 614 623 624 335 667 611 669 490 675 648 13 99 304
7 34 383 540 480 542 114 65
11 541 144 626 194 309 453 491 331 67 579 577
14 694 262 569 300 681 139 423 446 327 201 430 220 249 71
11 546 119 146 155 40 35 519 283 139 166 89
8 483 247 199 528 626 314 143 295
14 659 322 219 362 354 517 566 114 300 485 692 302 650 132
10 287 156 363 484 594 233 85 670 44 572
12 436 337 75 220 60 126 401 331 320 438 614 497
13 300 544 659 313 265 410 178 94 602 465 305 158 405
15 431 172 582 260 678 632 496 435 345 136 420 464 275 329 581
10 509 499 613 560 319 96 378 218 634 668
15 403 110 490 298 301 329 541 642 187 389 413 21 11 583 639
11 499 293 442 299 85 468 657 189 686 79 199
25 689 459 535 691 688 77 368 91 451 193 550 202 478 672 247 516 621 157 386 656 371 513 78 419 642
9 83 621 451 626 184 3 603 39 676
8 594 381 433 502 273 353 320 495
21 7 307 312 88 115 490 49 429 93 543 171 129 65 365 586 484 252 102 95 504 283
33 574 187 691 483 158 387 14 264 603 135 376 477 274 470 128 362 176 408 244 230 354 627 144 696 179 101 526 252 440 303 649 107 677
8 463 561 426 458 622 184 509 188
20 450 398 395 106 49 279 668 194 157 358 82 94 555 357 310 416 478 424 409 582
12 132 399 656 91 480 54 576 321 306 151 6 597
14 267 180 65 399 51 508 467 331 601 78 73 679 159 30
10 316 7 203 307 526 554 181 329 403 3
10 95 631 237 233 585 75 344 172 330 400
13 230 344 249 418 675 617 276 107 10 516 42 13 589
9 628 201 184 478 384 166 431 388 155
24 356 679 688 69 477 218 370 449 398 192 433 155 225 648 410 171 284 137 409 123 355 610 113 240
20 410 497 143 379 224 380 417 173 292 466 559 501 674 270 159 396 546 653 227 616
17 371 125 295 544 628 251 178 342 210 652 97 253 363 179 245 183 503
9 638 207 32 311 434 456 540 86 110
14 152 695 122 520 698 430 487 260 46 440 309 543 414 526
8 349 520 170 78 270 30 612 571
22 602 646 395 682 206 627 219 698 265 515 17 23 416 403 523 65 102 513 36 55 127 619
14 565 79 15 483 534 289 524 547 199 484 545 590 254 275
15 668 588 697 84 511 333 439 45 623 167 449 579 75 284 561
8 523 45 62 567 690 576 591 258
13 95 669 403 111 87 395 170 408 542 586 629 36 640
19 296 309 20 5 564 277 209 562 329 689 23 291 509 533 555 152 464 425 15
29 181 497 526 288 224 281 444 403 159 142 300 670 392 490 370 20 234 499 66 40 145 268 594 577 601 158 692 29 559
27 545 440 641 194 357 554 524 343 181 691 78 648 685 658 477 681 447 257 349 565 676 679 77 107 654 165 222
13 153 591 236 326 53 671 25 670 511 523 401 496 613
26 699 665 367 106 526 76 365 238 244 541 339 587 256 310 217 626 348 191 488 599 379 585 420 660 350 493
14 271 334 144 466 380 697 7 267 434 44 253 482 586 20
13 271 689 312 1 270 141 123 332 250 357 566 674 215
8 542 389 192 575 157 427 585 695
10 93 78 59 499 127 37 421 551 670 256
8 519 138 287 48 593 648 197 562
11 362 468 242 671 70 551 544 175 26 160 426
25 192 145 120 67 90 389 683 318 243 165 206 98 112 285 344 460 482 210 629 162 284 239 128 545 414
8 159 261 472 631 71 489 694 562
15 158 291 167 41 53 644 510 435 277 298 89 338 513 466 166
25 180 461 620 655 441 680 514 48 418 540 30 357 447 681 625 688 575 96 127 658 184 577 316 239 615
7 609 373 7 538 282 517 232
9 177 221 349 668 693 348 695 26 569
13 138 23 589 148 460 327 693 415 74 43 132 438 623
8 643 143 263 242 414 210 334 217
7 96 31 666 20 696 466 352
8 587 634 394 598 337 37 549 632
28 693 290 376 679 519 42 659 167 526 98 688 302 493 116 326 681 596 296 444 337 571 115 143 436 285 495 61 227
11 431 684 194 243 468 677 285 315 689 448 687
16 236 564 503 429 625 114 159 515 283 198 281 42 640 302 501 392
8 559 71 137 679 609 532 332 263
11 482 637 152 436 31 346 298 42 375 25 329
22 407 286 444 44 563 438 653 220 663 493 61 344 335 398 507 4 654 612 428 24 429 318
13 324 133 228 486 3 59 615 259 134 135 634 597 297
10 86 472 174 685 111 20 453 107 446 342
8 637 533 261 615 19 696 3 285
13 214 145 206 366 406 76 435 471 257 174 263 493 363
12 327 568 468 28 18 589 233 128 127 188 59 359
17 45 485 456 128 410 631 567 143 168 695 364 473 173 308 508 144 60
16 476 232 9 622 286 686 248 600 255 510 297 162 198 230 663 199
12 503 372 275 398 382 553 176 267 330 261 658 138
20 317 680 610 619 357 538 392 164 30 9 87 676 465 231 134 158 253 604 77 549
9 271 439 661 388 503 123 401 95 373
9 363 352 686 530 236 630 628 570 544
10 630 21 440 444 92 662 90 135 172 559
26 492 499 657 82 639 109 159 451 194 491 637 335 495 253 485 178 261 507 115 154 80 452 392 233 393 582
12 430 480 666 109 699 276 331 597 498 204 326 511
15 113 290 450 688 221 485 427 404 668 40 571 501 491 592 415
22 192 367 3 515 672 149 332 279 189 49 417 113 263 512 489 483 258 119 358 26 128 383
7 368 89 691 364 422 382 271
33 345 488 51 434 36 82 407 660 657 311 127 67 223 680 101 692 382 307 344 44 371 88 678 353 627 580 264 30 99 380 681 650 474
8 447 107 126 136 10 678 488 597
8 183 347 685 181 587 437 198 645
13 474 262 284 313 226 510 254 203 23 64 416 433 472
8 528 651 123 44 180 24 212 689
9 215 503 466 533 8 209 470 561 231
28 489 544 159 529 65 354 175 414 431 684 63 496 13 297 415 554 608 41 323 478 387 447 2 446 386 682 230 75
8 423 676 199 9 347 438 52 516
11 123 496 328 436 486 358 34 432 468 25 388
9 270 214 651 53 295 279 59 671 277
24 604 421 620 502 225 348 651 309 385 395 477 45 193 351 232 24 180 489 390 659 646 654 368 633
13 243 419 266 550 455 634 519 564 1 294 405 507 295
18 213 275 280 684 80 629 579 506 489 622 226 630 429 337 279 34 347 285
33 79 184 317 142 288 177 422 345 526 594 389 338 391 513 432 478 63 428 412 666 484 40 464 525 11 318 640 590 213 381 95 609 358
25 235 208 420 685 329 359 42 179 607 274 414 281 620 194 92 399 662 277 463 676 53 519 127 304 14
13 127 359 489 96 68 140 112 484 587 404 581 432 256
10 499 512 521 8 190 262 584 168 286 414
9 55 105 432 29 289 327 71 565 68
15 530 287 140 84 13 635 266 362 44 372 352 604 7 636 673
7 555 337 53 330 191 590 209
11 670 422 402 425 654 56 330 614 538 295 575
11 353 613 433 497 179 576 402 662 78 529 366
8 151 176 393 122 198 360 663 562
16 513 431 618 471 540 260 155 459 321 22 501 364 497 578 413 427
10 75 528 587 233 475 645 123 30 510 471
9 553 40 180 72 116 289 293 488 653
11 19 484 238 594 120 159 285 554 390 515 533
14 455 427 248 514 369 523 629 59 234 682 349 79 317 445
9 166 308 456 14 351 406 216 100 370
14 478 247 564 123 188 626 354 296 414 347 27 154 442 548
19 272 497 378 260 245 508 538 65 379 429 663 342 475 594 71 684 7 417 488
9 129 567 112 407 480 252 159 276 595
10 64 123 252 428 671 140 79 417 628 324
17 285 106 362 174 206 553 383 2 670 299 66 639 406 447 230 171 354
9 630 26 334 670 254 86 499 203 338
16 626 236 19 414 280 471 179 552 448 533 190 402 160 391 672 424
17 111 128 453 52 36 259 647 239 603 109 660 315 614 242 165 217 172
15 684 128 270 597 360 336 367 654 345 558 683 105 694 20 660
15 63 65 252 674 332 344 41 417 478 242 304 445 668 409 589
7 82 454 371 110 444 193 289
27 81 168 53 443 310 451 80 622 347 58 352 21 494 507 412 560 619 500 31 365 296 606 396 83 228 421 351
13 25 457 405 181 125 448 512 427 218 58 468 113 205
26 388 351 606 123 309 522 286 148 506 444 613 357 23 71 652 485 468 695 660 556 325 217 520 691 370 512
7 49 677 645 235 583 319 389
11 530 325 516 341 643 549 110 345 234 336 383
24 591 509 343 12 329 265 388 292 425 99 589 469 160 60 10 487 373 355 415 524 386 476 66 339
8 15 639 450 204 550 153 695 150
31 684 306 172 485 1 262 505 257 364 486 597 222 37 583 573 511 70 71 171 499 60 254 673 98 62 453 281 564 353 557 203
13 482 233 72 2 536 196 586 269 309 348 39 501 336
21 409 393 433 253 241 246 215 73 549 424 522 202 622 361 80 267 97 536 625 120 25
24 490 603 558 285 166 120 404 60 389 178 41 81 668 496 398 257 491 34 430 172 298 688 33 365
8 337 363 178 217 55 20 416 601
11 114 675 443 76 687 426 588 420 214 333 361
10 8 481 239 66 12 540 162 674 652 357
8 126 94 337 373 363 211 521 582
10 366 629 96 480 203 390 501 50 336 172
12 431 457 641 534 317 631 690 589 548 365 20 83
20 459 365 73 464 193 205 37 110 151 433 565 397 630 475 84 449 314 581 480 15
15 605 266 152 498 376 190 328 70 124 68 43 603 55 51 551
8 346 453 429 107 234 247 140 104
14 167 381 265 70 628 471 162 650 341 651 290 639 54 595
7 126 631 386 111 661 49 260
17 461 468 582 83 183 101 187 677 281 680 374 132 314 194 578 514 1
22 642 75 207 194 689 680 248 7 133 159 141 220 142 417 424 646 296 558 647 147 166 655
12 536 637 454 407 255 185 204 368 543 372 612 177
11 617 58 675 10 302 643 104 193 323 625 459
16 595 356 48 525 337 408 377 550 621 176 675 376 160 546 260 194
23 322 307 156 41 384 157 663 382 11 75 689 568 698 461 280 60 135 372 344 290 596 616 335
27 671 556 132 301 64 470 221 453 664 77 522 450 184 277 191 234 319 412 680 287 261 272 312 366 306 115 130
8 484 396 539 205 186 29 239 158
25 678 470 204 624 530 434 251 168 328 170 46 347 336 441 443 456 67 192 51 663 358 4 511 310 107
7 302 614 231 611 557 364 216
8 646 66 431 85 404 262 433 150
9 230 62 624 620 165 415 324 599 598
7 636 400 354 601 360 492 84
23 233 162 88 9 426 20 175 640 360 154 352 286 490 267 643 435 538 405 204 280 248 429 671
17 94 61 395 342 36 76 376 51 348 496 606 145 125 420 306 176 15
16 448 488 281 109 77 319 509 184 333 530 252 198 245 523 58 435
22 217 276 144 668 302 229 18 501 526 485 494 2 236 180 188 330 610 563 373 160 57 621
13 6 507 606 520 442 335 88 593 33 26 560 478 292
10 11 617 610 68 111 186 580 543 120 130
10 569 243 178 316 305 556 595 395 612 138
11 541 215 696 611 277 434 664 501 2 80 534
14 561 190 254 146 493 263 286 310 575 479 569 473 159 203
31 476 320 460 183 627 50 176 448 304 342 198 254 485 230 640 568 228 662 73 633 423 394 211 233 582 171 638 324 109 102 419
18 488 319 418 160 475 414 372 535 499 351 462 301 574 556 438 239 284 136
22 415 648 3 396 572 358 437 83 404 419 556 399 526 692 21 614 121 500 240 242 116 325
17 119 338 443 601 329 649 600 566 433 353 690 287 372 588 429 509 428
10 361 43 393 306 167 408 635 264 319 458
10 614 297 66 161 156 248 60 151 594 511
9 579 191 103 581 546 111 290 390 653
18 266 162 544 616 418 487 150 606 239 476 184 509 20 442 515 395 640 437
8 496 251 63 371 560 603 662 389
11 124 459 96 525 160 520 36 154 417 610 107
12 307 675 699 32 536 486 299 24 608 684 600 647
9 238 67 93 539 636 499 517 42 65
11 363 364 53 330 535 300 483 425 302 235 38
15 348 389 472 404 252 666 437 636 602 225 289 452 655 331 284
15 195 693 467 14 662 431 164 22 51 568 444 271 29 397 356
15 405 165 8 673 103 633 174 432 7 260 308 219 142 545 613
11 189 583 145 230 668 552 30 320 564 347 260
7 436 463 95 23 684 210 160
10 640 623 444 274 139 206 420 368 486 681
31 280 219 221 175 411 498 339 496 682 693 348 317 618 126 289 265 353 386 657 158 294 326 421 615 687 609 215 146 504 676 481
10 2 373 335 360 652 106 145 464 9 149
8 574 223 140 16 42 550 654 21
12 99 390 43 5 663 424 216 152 547 239 126 232
8 218 700 669 349 219 156 571 435
10 613 117 281 320 274 684 56 537 234 677
7 208 320 237 3 506 266 175
12 343 219 255 551 698 555 663 651 114 548 232 13
16 339 567 348 175 154 113 272 690 88 670 464 418 265 678 563 225
18 53 159 387 471 352 126 33 140 298 684 64 699 479 516 284 525 619 486
14 189 119 325 228 197 595 355 210 386 671 290 84 486 41
13 353 676 539 102 415 238 38 502 518 553 151 588 297
9 77 356 300 24 655 566 410 32 580
8 690 410 74 485 392 398 244 433
21 643 491 416 423 674 597 38 658 364 363 387 152 130 540 563 656 270 501 464 345 419
8 403 32 71 481 390 234 461 184
14 208 610 103 495 427 230 26 107 262 350 71 183 166 388
9 171 251 690 459 509 665 225 403 78
12 118 8 623 382 192 266 502 612 309 132 267 434
8 297 287 22 616 326 86 289 84
8 67 579 244 483 196 383 169 534
7 459 24 575 126 67 592 408
28 151 95 641 511 81 312 255 24 481 504 246 55 223 319 307 396 578 112 284 595 427 356 165 435 141 114 645 347
15 10 24 156 117 460 618 557 319 471 299 657 314 486 134 443
12 262 156 611 196 164 29 52 72 548 305 108 137
24 632 263 333 593 689 118 258 175 429 558 275 673 100 125 141 435 564 302 377 112 309 184 273 248
9 337 410 102 268 541 376 68 212 408
15 411 157 231 647 101 251 117 156 528 369 64 298 344 252 18
21 486 454 472 300 534 187 475 314 605 425 296 615 250 306 522 665 577 190 559 497 23
23 334 598 155 655 596 133 315 13 622 34 344 453 574 531 268 362 205 381 105 392 565 411 61
11 488 23 238 230 38 672 363 560 684 295 5
14 226 263 463 405 22 317 88 251 146 442 354 14 656 170
12 639 546 415 517 214 700 598 480 696 26 449 481
13 612 323 694 255 190 611 391 182 300 534 644 329 568
10 313 684 52 547 8 371 513 173 520 428
15 394 246 659 447 631 489 359 669 148 324 159 135 663 83 446
15 221 165 583 152 40 650 194 492 553 698 418 332 401 382 290
7 477 329 145 544 549 651 360
25 674 92 34 571 178 494 253 99 599 556 10 129 190 293 158 162 114 127 667 355 689 532 215 328 495
18 413 694 22 16 384 193 314 560 574 109 272 254 263 700 231 101 192 244
12 534 290 16 91 302 95 230 113 380 287 150 51
8 338 517 652 369 160 481 335 605
8 667 324 320 541 522 577 253 75
7 43 599 199 345 686 557 619
12 13 3 304 366 680 247 362 419 538 127 71 173
12 293 210 12 327 18 452 305 453 377 222 475 245
32 528 340 81 433 120 429 360 94 570 631 604 659 617 280 116 332 178 492 480 71 446 108 499 279 200 304 650 485 623 137 240 678
30 170 80 423 141 373 689 530 38 216 271 187 47 273 17 37 4 478 577 576 403 521 410 563 512 534 681 43 293 350 143
13 11 420 174 124 593 424 193 450 583 519 437 639 65
7 89 624 680 284 93 135 450
8 393 440 43 560 192 601 30 307
9 566 64 516 370 420 477 87 206 146
25 315 46 49 645 668 389 253 255 271 269 627 380 493 446 478 188 201 197 698 629 333 282 358 163 375
13 428 97 415 551 441 387 249 234 14 646 27 553 71
11 685 420 384 150 264 527 357 567 367 223 385
16 234 636 121 169 161 111 586 369 446 278 126 112 350 355 113 658
21 173 109 283 98 569 370 312 245 280 568 425 608 633 52 684 472 261 29 465 679 386
7 570 489 549 204 413 121 80
11 440 390 76 372 145 619 99 19 605 542 119
16 18 584 359 461 649 2 288 588 210 281 308 95 257 374 517 507
7 74 108 518 228 154 601 394
15 186 374 348 43 574 677 657 306 274 491 525 602 166 473 656
9 400 587 383 169 526 218 611 190 196
9 390 242 634 384 311 662 518 110 246
7 577 11 453 494 593 297 399
10 624 53 438 33 486 273 425 698 296 157
13 675 149 213 28 212 578 292 469 360 164 684 273 95
16 407 206 136 494 270 288 241 671 358 664 501 59 466 595 694 147
7 287 642 637 139 635 99 613
7 74 131 503 30 105 279 62
28 413 453 385 257 574 445 95 414 358 614 94 87 195 495 697 321 103 590 337 468 600 548 48 259 332 36 227 480
11 247 612 416 163 504 367 569 33 602 600 148
11 681 60 416 432 22 127 234 14 600 72 96
9 294 575 89 686 64 98 603 567 59
7 301 31 519 343 619 635 132
9 466 477 150 463 506 312 362 670 691
8 477 294 277 682 444 254 684 87
11 439 42 315 690 678 543 650 367 475 617 306
10 546 195 139 123 324 372 144 416 87 489
9 686 654 288 550 319 492 451 101 164
9 469 263 649 239 40 590 522 32 241
19 581 647 42 190 357 506 332 335 284 90 689 5 531 505 591 639 477 616 68
7 479 312 342 177 470 61 168
11 462 262 346 490 188 238 423 116 343 392 454
22 378 126 297 428 429 531 427 249 602 120 88 473 492 448 463 75 128 533 232 201 639 187
9 243 341 349 501 561 66 391 613 65
16 481 75 645 292 340 522 601 132 202 613 76 405 199 238 283 513
9 504 571 411 427 57 444 270 471 450
20 126 372 109 477 507 88 428 584 479 227 216 400 554 398 418 201 20 84 662 305
10 636 450 303 583 392 558 146 202 20 42
11 663 589 150 167 596 542 347 134 42 463 305
11 447 503 103 436 11 58 344 90 576 403 158
9 683 421 130 472 83 310 536 297 242
18 405 477 501 281 349 137 601 61 263 47 456 48 298 110 547 226 362 66
13 666 181 464 251 389 364 399 231 121 556 236 118 11
8 687 228 304 660 462 619 693 338
7 598 182 237 189 617 505 18
27 330 267 155 524 681 479 576 350 133 505 487 647 110 130 259 678 227 254 152 646 542 182 568 238 287 586 423
16 680 285 102 532 143 74 68 649 632 496 317 479 262 690 322 486
13 413 123 170 358 86 646 440 402 556 366 328 17 396
10 296 557 256 131 358 117 173 194 99 106
23 38 164 311 469 168 605 531 688 82 593 416 192 465 545 673 514 638 221 577 581 304 580 457
9 235 264 336 453 552 321 116 385 667
9 382 262 368 663 672 182 426 168 46
10 121 191 394 137 405 576 313 298 605 20
17 445 51 637 435 467 367 472 545 88 374 259 428 116 228 438 17 597
9 245 574 220 492 193 231 356 230 648
8 466 603 139 431 449 680 40 217
14 601 312 108 140 116 637 387 84 310 698 42 185 365 204
11 215 330 138 466 266 565 161 494 501 443 588
15 194 262 694 664 137 614 219 425 386 553 294 594 584 672 170
31 514 144 693 234 102 50 117 241 223 430 300 49 629 309 166 1 448 413 686 368 79 614 431 509 162 521 550 80 352 575 37
10 527 356 679 80 459 243 173 564 390 694
22 377 149 477 659 316 117 364 190 260 290 359 420 679 155 168 579 439 453 558 156 227 386
20 548 634 689 656 317 50 455 346 488 658 112 67 209 25 345 118 276 229 605 545
13 646 621 170 433 598 395 448 37 308 360 11 51 255
14 452 336 311 127 552 122 323 658 345 21 368 313 275 625
10 60 112 218 673 642 686 579 117 559 136
19 81 339 162 6 261 629 57 457 80 453 95 468 582 493 1 180 454 620 578
8 320 662 348 545 240 145 621 7
10 644 123 428 504 108 468 529 263 589 480
10 547 462 89 628 505 334 224 74 70 27
8 622 689 323 428 115 542 28 531
15 696 343 1 445 575 153 387 350 391 65 345 566 669 683 195
21 582 597 374 131 273 390 88 247 27 409 504 218 512 175 502 459 673 585 697 305 432
13 421 627 73 418 231 638 370 148 157 470 409 595 220
13 201 14 627 512 206 671 28 196 630 7 224 138 304
8 637 455 36 404 28 198 408 301
12 61 666 133 564 232 337 479 174 371 167 429 475
8 46 74 359 304 582 174 489 545
7 403 422 558 592 466 344 418
15 390 603 432 207 148 577 527 61 329 521 484 315 50 72 77
15 227 699 427 53 102 544 489 690 480 132 80 548 276 677 329
17 180 495 358 38 194 399 525 648 300 433 532 51 682 319 343 562 122
12 161 494 499 406 641 205 353 654 35 329 263 119
17 378 347 124 568 185 684 553 87 637 460 678 588 184 432 107 33 155
7 445 112 372 534 121 229 291
11 438 514 489 89 670 615 395 422 154 263 490
23 415 499 401 14 638 468 287 398 669 180 139 239 410 234 315 447 558 572 172 613 127 423 495
23 524 62 74 373 390 438 14 603 640 549 582 375 626 424 584 475 363 494 445 298 471 619 653
22 29 570 521 240 62 1 639 605 112 443 447 506 572 186 364 409 583 587 589 508 179 290
13 346 83 296 613 405 65 412 1 687 110 330 36 632
10 452 176 374 376 691 485 445 426 232 175
7 274 27 669 546 298 223 418
12 37 515 573 599 341 224 19 396 84 349 505 645
15 218 426 397 458 418 145 134 514 287 454 344 490 140 170 144
7 9 134 168 567 422 54 389
12 118 675 87 412 102 261 98 9 694 284 289 282
19 404 427 487 175 65 318 332 90 78 523 243 652 403 139 557 440 84 474 667
12 663 468 220 165 65 381 592 625 537 40 99 218
19 391 511 669 201 362 27 10 124 648 152 332 267 326 697 240 86 274 367 61
15 497 373 385 248 187 218 230 134 263 403 320 655 246 94 221
13 264 532 580 187 645 473 629 562 608 238 646 643 114
11 366 158 410 491 56 617 614 645 378 283 586
8 434 618 429 1 624 69 600 85
20 442 673 585 143 652 606 22 309 326 129 491 415 140 466 486 192 299 605 17 84
14 580 152 80 122 47 445 477 160 319 542 192 621 128 277
8 78 616 305 659 457 169 408 617
13 611 13 375 97 514 257 363 576 181 551 539 200 530
8 140 292 19 454 467 356 263 262
18 280 192 167 216 428 581 113 144 193 551 124 566 23 34 97 286 673 73
7 483 465 593 261 178 4 682
12 175 513 593 328 32 553 522 506 363 299 260 279
24 379 76 457 543 186 131 314 393 253 65 78 417 508 267 416 9 681 246 538 530 63 487 218 655
22 383 28 317 490 235 494 138 94 66 373 174 658 508 13 477 681 500 423 131 41 245 244
11 289 77 20 177 182 624 23 487 225 47 43
15 369 75 86 221 301 572 366 120 26 295 314 513 578 188 571
7 23 636 10 179 105 109 640
8 564 310 412 508 672 283 114 53
12 606 50 230 538 303 692 197 157 32 363 164 199
12 94 39 235 599 362 315 420 320 462 128 227 384
8 4 677 697 53 415 147 565 159
10 89 340 125 82 280 535 442 379 47 627
18 245 588 50 549 478 358 689 60 413 117 356 231 103 135 609 564 611 433
16 376 102 627 543 620 128 400 521 241 41 138 123 289 229 238 49
10 570 489 507 673 321 636 424 527 33 96
18 233 157 25 313 243 251 101 193 194 115 312 469 510 395 581 678 59 21
7 640 261 585 618 202 562 193
15 553 487 160 406 469 679 525 8 217 435 697 205 18 644 121
17 294 604 541 64 570 627 363 95 656 413 437 472 700 500 313 42 303
10 579 554 231 144 659 36 124 683 621 527
7 623 15 87 351 484 365 660
8 561 534 234 437 425 140 132 366
16 447 160 119 331 358 340 82 500 96 426 427 156 451 138 200 288
12 345 385 106 95 298 207 50 659 397 279 630 579
13 66 521 155 278 220 555 337 74 198 69 617 574 241
15 487 52 610 549 555 605 245 681 314 503 443 247 550 687 606
11 606 66 135 136 444 629 154 515 357 303 626
10 132 116 621 168 445 613 231 421 92 333
7 239 645 219 315 47 653 230
11 481 413 371 660 7 54 115 389 131 291 559
9 561 376 301 602 672 306 666 509 116
7 295 395 608 214 334 452 479
25 401 391 693 619 272 468 418 508 114 253 242 180 394 54 240 80 118 36 493 221 673 592 554 220 283
13 323 189 277 385 397 420 106 638 419 115 150 436 507
10 639 366 393 166 40 261 305 421 491 66
12 185 470 10 98 62 354 605 89 240 446 621 371
9 105 180 504 465 17 128 158 327 475
22 559 199 650 638 568 399 218 700 118 537 65 283 254 609 80 140 505 135 622 30 168 389
7 626 622 313 238 236 555 84
8 302 121 25 543 579 117 566 134
7 132 190 180 318 458 653 486
20 306 663 188 201 645 498 501 484 167 112 294 364 168 385 256 606 519 238 150 78
20 542 147 340 530 251 632 523 31 433 240 423 314 40 319 343 178 225 411 316 173
27 461 533 639 418 614 4 360 62 332 11 278 28 676 414 502 361 95 493 694 100 447 116 472 580 348 559 143
8 108 201 463 344 159 517 235 285
16 570 436 63 585 140 84 49 30 210 137 90 181 553 315 254 477
13 345 492 45 650 339 138 248 225 353 149 220 652 7
9 639 547 573 695 50 14 697 648 221
19 566 51 673 235 237 281 190 374 74 356 82 436 344 687 536 515 668 604 443
18 380 689 590 115 260 578 105 454 507 22 562 20 368 9 514 592 129 355
15 345 395 492 153 291 539 622 95 53 464 209 440 336 252 135
21 143 672 454 257 362 379 591 259 358 644 66 146 403 523 380 12 231 417 483 603 62
28 15 453 24 545 77 639 296 83 33 337 268 396 474 163 525 429 59 354 278 153 442 89 322 101 42 551 468 56
23 227 329 667 427 342 306 245 409 97 402 562 111 454 678 33 637 473 144 401 247 671 579 46
7 303 561 372 617 494 403 7
7 275 463 493 536 232 73 490
11 96 688 529 454 259 637 187 319 206 686 14
18 448 499 192 38 523 36 506 280 175 43 337 441 675 471 700 549 229 486
9 25 419 546 386 161 237 413 93 39
11 294 560 499 420 483 52 118 648 267 609 227
8 279 62 441 544 53 84 500 455
14 106 223 171 94 455 35 98 130 14 42 700 108 7 67
30 474 261 583 594 456 386 241 282 290 487 696 248 694 680 385 435 238 450 565 190 116 62 560 485 582 172 2 416 395 36
10 138 211 12 438 590 650 413 497 306 183
16 495 304 156 379 473 313 116 199 173 468 630 132 669 347 216 633
9 250 373 627 311 54 559 595 166 275
15 189 576 699 62 353 229 636 46 622 325 58 128 633 1 231
29 157 427 526 300 97 458 643 168 110 532 90 416 448 192 408 315 342 294 491 33 307 471 419 198 490 461 549 183 469
12 43 464 544 691 458 292 207 469 613 169 255 473
9 590 641 411 432 204 599 348 554 430
12 364 14 700 562 162 145 605 501 387 68 580 546
11 548 271 2 235 238 209 139 46 426 361 329
8 187 318 4 347 184 595 585 155
10 343 424 296 50 458 553 556 335 606 574
7 312 106 111 479 571 484 196
18 289 603 490 429 10 343 388 383 541 681 225 512 324 559 467 395 303 134
17 673 625 322 604 679 155 267 600 542 213 154 504 363 53 132 320 222
16 645 198 318 84 592 688 356 518 453 369 471 200 578 289 581 308
14 172 123 396 93 420 505 522 227 583 316 499 562 450 371
21 670 533 14 644 238 255 675 499 422 284 77 640 588 657 75 485 54 87 442 384 102
13 371 349 496 421 212 685 205 106 232 211 100 544 472
19 576 529 489 373 149 434 469 590 214 660 630 121 670 481 419 695 313 561 648
35 159 595 588 669 2 682 569 639 246 620 1 165 508 312 10 81 582 453 598 486 534 471 56 606 247 363 419 328 347 695 156 375 79 399 231
7 199 672 520 603 472 330 405
12 310 476 355 345 468 240 13 39 390 578 553 694
19 341 85 160 83 147 497 539 281 139 608 237 435 642 653 585 176 661 252 534
16 218 566 63 392 572 324 160 453 97 694 314 362 689 169 700 328
7 442 276 397 312 77 218 226
10 226 384 554 428 668 636 511 482 306 316
24 697 327 90 4 215 322 25 505 636 411 152 426 266 468 218 410 351 227 136 346 519 479 458 206
11 576 664 646 463 59 304 429 562 2 288 400
10 681 336 470 128 454 692 522 343 531 353
29 170 115 507 186 191 55 700 635 2 605 222 440 516 103 381 321 286 210 280 544 599 201 276 20 428 338 415 332 307
9 387 59 645 11 649 193 296 434 507
7 118 475 252 248 189 321 24
13 576 535 538 8 380 556 188 585 123 680 227 402 169
11 138 223 657 230 450 585 515 265 581 462 77
7 389 111 430 422 284 398 649
20 425 139 411 101 624 181 213 118 544 231 12 620 669 680 162 103 484 433 72 79
9 439 594 432 131 626 388 390 101 80
8 406 430 311 516 474 146 113 295
9 361 272 182 581 121 692 456 301 287
8 454 108 18 499 379 660 492 516
22 245 383 682 106 167 329 699 483 641 562 586 81 602 123 627 423 315 460 180 45 87 318
8 582 578 627 576 263 113 215 663
16 396 62 454 688 107 406 160 669 469 680 577 670 38 206 148 172
10 116 655 269 207 285 451 545 340 555 469
14 112 530 635 51 452 123 390 677 387 144 629 92 526 683
12 356 622 445 233 488 363 482 50 352 209 77 244
9 444 671 257 330 460 608 91 287 623
26 451 437 650 484 286 131 692 93 289 175 241 393 700 345 44 633 606 38 503 406 653 543 152 75 268 277
11 653 455 660 374 564 381 335 200 580 103 358
12 508 645 17 663 203 471 591 479 251 94 8 676
14 232 159 575 678 446 287 216 529 657 338 490 289 128 181
7 36 521 573 22 541 54 470
8 457 312 332 450 128 64 677 200
13 195 534 427 227 318 645 684 670 584 292 276 461 531
19 202 613 196 212 98 604 572 510 252 53 494 313 329 28 370 700 254 99 652
8 317 389 642 376 241 497 447 455
8 654 504 511 49 356 194 400 442
18 514 278 636 161 609 152 32 94 520 638 288 619 640 433 412 353 201 305
22 293 355 651 169 557 431 196 678 268 443 620 455 442 317 414 343 349 458 91 190 354 316
9 4 312 670 6 148 86 24 41 417
17 684 259 273 275 480 347 623 619 251 659 191 166 78 656 652 75 74
21 224 9 638 678 631 90 442 493 30 35 78 149 600 183 463 508 4 193 418 358 115
13 643 466 53 82 435 303 290 469 243 502 301 118 334
10 693 529 259 601 540 110 148 461 500 372
15 479 426 243 127 631 586 23 442 397 41 589 295 320 205 557
16 478 329 178 433 130 300 596 493 435 581 526 676 543 589 28 362
7 131 103 14 448 180 12 638
9 365 237 661 346 22 280 174 214 593
20 353 548 316 160 512 652 556 591 132 361 577 241 254 300 39 428 694 294 488 567
8 18 690 63 487 564 613 568 155
12 212 288 297 269 607 140 542 166 151 404 679 55
19 134 156 323 436 562 351 493 613 650 216 124 321 48 118 158 467 450 168 69
7 455 253 476 516 219 237 448
13 560 13 419 191 389 320 55 475 46 445 333 486 62
7 368 653 161 53 592 547 359
7 460 685 141 117 372 627 573
7 414 372 317 59 436 467 592
8 313 625 648 93 217 700 697 588
7 580 381 104 454 119 625 536
15 34 682 487 203 450 346 421 138 178 271 65 25 408 270 226
17 567 480 169 10 368 657 570 525 411 149 613 52 529 664 265 590 131
11 380 305 143 114 482 166 527 194 595 36 95
11 248 311 588 201 483 151 676 253 479 346 361
12 112 22 536 79 131 62 460 298 695 18 397 122
13 422 7 674 565 367 653 96 573 489 579 111 554 242
14 22 614 69 675 249 542 510 574 373 312 472 63 283 208
30 515 219 479 104 699 474 322 462 319 54 611 32 631 26 272 25 467 580 450 258 35 598 168 391 592 163 64 460 281 53
12 676 110 320 618 249 106 19 468 286 257 301 364
8 514 353 473 27 30 309 477 105
9 75 209 137 467 663 386 23 1 368
7 636 485 402 625 595 275 40
25 137 521 76 474 65 698 692 449 688 234 329 168 696 13 623 680 447 489 276 114 634 555 31 507 190
15 428 15 243 450 597 217 61 475 240 484 285 326 448 194 426
10 565 193 77 154 449 216 93 688 441 532
19 695 431 590 26 70 381 679 614 372 75 180 156 196 546 136 460 475 668 117
26 3 302 497 157 676 689 310 354 495 700 30 29 319 248 295 443 395 609 622 515 81 422 104 427 68 149
16 132 261 23 292 439 668 135 428 494 164 647 195 626 470 266 326
15 532 542 326 683 156 348 660 278 245 359 168 178 209 4 438
28 40 648 13 553 662 435 272 358 251 107 153 48 536 289 270 189 19 631 317 484 622 639 609 642 275 541 262 307
15 616 146 581 562 545 668 673 33 346 196 501 391 563 262 34
18 438 372 659 519 150 153 66 615 133 83 58 583 164 334 455 315 425 576
28 499 182 470 122 451 19 211 654 484 169 369 336 29 479 449 445 155 235 614 198 600 429 635 48 463 129 17 82
9 666 165 316 691 402 614 407 440 226
20 425 319 261 8 527 180 455 232 410 169 630 418 19 298 640 229 368 238 510 32
12 360 651 457 554 253 64 331 330 249 409 229 265
12 604 163 247 434 240 228 49 330 333 443 377 528
11 456 134 161 337 277 563 525 315 62 402 567
7 133 135 320 122 161 420 661
13 118 134 74 692 632 653 610 536 344 143 265 405 655
12 347 490 411 226 79 43 586 422 198 335 107 597
16 118 630 413 387 207 575 294 263 275 184 211 300 371 358 485 93
13 13 659 172 501 224 480 342 55 65 401 662 188 360
26 113 469 416 546 74 133 222 522 4 170 641 161 669 541 132 569 30 102 237 489 506 602 487 517 164 395
12 266 306 304 5 181 75 97 305 351 525 558 339
27 514 293 387 591 411 291 600 245 388 247 288 47 638 417 423 178 98 494 222 302 219 139 568 450 104 242 218
13 42 175 411 3 538 308 500 537 685 267 439 672 338
18 555 471 318 380 118 506 78 667 565 371 362 141 204 374 575 13 647 358
18 43 425 49 506 486 636 397 544 307 424 366 44 603 23 335 649 226 65
15 353 240 546 536 112 502 51 664 320 634 674 325 223 107 96
11 358 10 651 208 525 423 86 33 226 375 91
7 110 43 318 534 46 99 5
27 268 378 586 337 259 645 585 300 507 670 592 389 185 364 133 693 591 51 441 148 509 453 317 548 596 411 687
9 356 386 506 242 269 126 644 687 155
12 290 176 317 360 112 127 209 560 15 105 686 639
11 120 250 248 340 587 697 214 117 580 589 137
9 682 536 59 379 358 40 352 56 60
8 73 387 459 268 666 118 482 605
8 345 478 601 57 546 185 292 578
14 28 267 284 383 295 619 613 625 45 334 658 367 622 597
26 577 488 279 118 599 52 524 349 137 639 119 336 545 405 567 104 45 696 4 172 416 626 38 138 469 168
11 238 255 484 184 520 90 496 269 209 316 416
16 139 501 336 41 547 163 583 460 371 58 604 169 464 256 573 685
10 428 574 633 183 306 423 426 434 87 153
14 406 176 502 219 152 642 39 449 593 132 198 52 490 694
8 543 130 7 6 65 480 59 679
12 342 599 133 186 676 483 650 151 46 399 497 384
10 673 230 273 386 539 187 257 404 635 446
12 214 311 206 580 159 523 456 364 698 538 107 651
20 605 589 571 424 137 221 154 684 654 197 377 367 693 305 480 64 580 46 313 534
10 643 184 109 228 317 325 254 348 484 84
30 454 193 303 488 640 39 62 671 209 360 593 310 251 653 283 624 2 223 349 484 616 693 648 631 566 122 195 253 136 59
11 698 225 266 329 625 37 361 53 522 178 237
8 479 535 570 641 586 211 409 626
9 293 616 125 395 473 666 265 654 188
11 64 329 256 311 675 1 516 670 413 405 316
8 411 470 85 255 546 360 101 447
7 323 695 485 446 465 380 280
15 369 116 588 76 524 100 542 291 583 660 412 174 671 210 79
8 90 31 325 466 495 159 230 218
16 555 177 221 306 136 610 634 636 418 3 36 246 206 676 20 600
27 339 439 499 196 589 335 515 636 27 164 645 631 23 572 66 690 507 270 67 491 450 203 446 434 43 669 138
9 691 677 242 104 179 153 36 266 275
12 506 647 528 457 257 16 453 173 463 669 247 416
10 33 366 506 453 305 393 478 438 656 583
15 653 331 202 176 371 337 559 174 383 319 317 107 556 274 102
11 274 522 112 95 344 9 218 19 602 484 472
15 609 383 450 73 633 569 518 202 52 45 66 387 117 277 125
19 163 376 683 585 275 531 678 563 222 113 328 440 72 327 214 257 336 136 343
7 110 390 272 233 671 302 133
29 528 361 473 475 346 350 594 425 57 395 124 435 537 669 604 242 167 176 105 379 117 645 210 220 264 607 686 340 157
16 415 656 244 384 538 490 623 689 667 534 535 475 149 250 442 123
22 131 341 350 213 344 24 431 343 516 20 111 669 69 438 519 336 427 482 398 255 606 403
17 36 24 506 90 380 366 594 607 684 413 481 297 191 579 354 315 14
12 268 470 71 422 303 188 186 116 2 476 44 662
10 418 128 285 362 452 621 131 83 36 156
8 408 511 406 26 325 616 8 315
9 49 523 36 84 97 37 532 349 27
11 38 538 480 338 288 609 613 571 358 371 326
8 366 371 40 280 533 221 672 284
9 190 490 568 538 672 391 347 145 403
14 185 625 546 190 229 592 698 603 361 571 23 202 64 282
11 486 204 235 315 366 437 346 23 101 1 425
9 98 698 673 339 179 69 140 211 552
8 65 79 333 253 207 124 202 480
23 39 53 224 284 422 640 625 144 290 592 347 267 472 64 80 398 194 27 643 233 367 204 243
14 174 526 373 556 71 558 451 78 674 60 79 563 332 244
9 642 637 570 303 251 393 333 668 583
18 335 369 370 685 135 397 207 192 587 194 428 487 160 202 180 25 426 170
16 685 124 93 629 203 581 253 610 374 537 387 454 609 237 396 538
20 324 514 92 314 38 469 31 668 473 504 486 495 408 573 74 149 83 433 416 669
9 410 485 188 206 134 453 507 426 346
10 552 404 184 525 400 37 425 490 456 492
10 49 464 424 589 261 380 640 460 236 449
7 639 141 270 238 485 400 50
24 196 654 248 622 462 251 535 550 229 662 71 339 369 581 67 482 430 686 422 114 379 159 226 366
9 598 176 188 103 271 8 429 659 548
13 505 557 278 637 565 553 169 387 453 678 367 143 460
16 439 40 370 482 531 162 96 456 651 521 633 142 132 209 128 408
10 619 646 268 670 81 243 73 375 386 333
9 43 551 310 620 198 265 19 268 592
11 241 414 305 515 406 113 507 666 459 437 123
7 480 453 579 625 358 108 285
15 451 699 375 302 90 134 554 406 507 630 110 292 617 115 528
18 363 554 692 130 439 318 14 377 483 63 544 505 267 82 204 191 440 683
9 572 91 263 252 87 110 531 467 60
7 123 629 100 440 209 698 678
12 282 469 614 387 40 448 331 564 601 324 368 447
10 288 403 479 362 207 61 77 335 33 405
26 499 39 432 16 604 186 389 686 437 393 56 694 182 240 228 538 241 451 475 185 128 464 570 104 295 2
18 565 479 227 443 67 505 625 508 144 685 159 30 468 196 11 556 420 611
10 529 591 452 109 697 432 293 229 664 144
26 185 364 77 657 428 252 684 641 314 464 383 373 309 436 313 415 22 457 18 445 629 580 692 60 378 67
8 383 508 588 625 609 304 256 449
11 439 460 375 50 512 447 454 226 556 297 401
28 665 194 230 522 213 357 559 695 404 620 652 448 117 618 359 81 132 422 417 390 462 126 278 129 393 540 202 578
29 303 121 314 337 167 318 262 93 269 471 598 206 496 670 528 299 595 597 374 430 639 47 290 503 571 100 105 407 554
19 111 370 609 137 136 216 500 491 182 287 394 470 427 459 423 17 462 373 592
12 600 425 421 303 139 220 256 582 124 684 466 47
10 261 262 632 522 617 566 537 331 659 120
11 544 107 65 338 53 318 444 115 221 511 363
7 625 513 654 430 502 586 361
7 670 231 562 613 559 440 350
14 371 240 453 8 376 152 297 585 110 578 248 367 31 255
16 624 468 333 692 413 391 646 640 319 172 126 377 374 349 204 470
8 168 307 277 72 10 294 342 364
14 159 368 118 500 443 227 163 544 70 263 619 407 329 444
27 68 305 227 538 170 647 445 244 246 127 402 678 196 506 488 94 311 348 657 172 309 368 548 267 413 684 154
21 306 603 512 569 592 619 461 689 154 90 618 540 611 323 207 297 44 370 409 252 225
19 686 583 361 194 74 353 422 83 592 471 475 87 389 363 35 491 689 44 283
22 176 163 4 256 270 171 164 474 105 585 259 493 218 9 661 422 663 464 198 655 235 340
22 106 342 252 672 157 429 154 253 85 126 518 241 49 269 33 521 519 135 681 30 659 249
18 632 241 601 491 112 596 594 198 297 16 573 96 637 209 369 34 509 410
14 377 572 354 182 237 607 541 38 595 598 642 425 471 166
28 407 125 141 662 21 7 446 206 429 686 518 547 466 495 303 187 516 655 160 139 112 553 375 230 127 508 216 156
15 486 48 208 588 583 578 571 336 684 56 646 308 647 691 400
16 195 478 536 339 99 525 483 2 189 549 158 668 491 554 140 445
15 252 355 323 652 251 444 305 265 101 335 574 678 312 399 616
14 631 142 186 483 561 365 310 458 685 275 360 587 504 453
17 184 655 388 524 358 508 7 441 27 515 483 191 178 348 530 187 699
8 336 320 256 430 595 62 316 195
8 7 463 257 293 513 533 573 282
17 279 629 93 452 144 653 259 202 681 2 347 496 501 48 510 239 171
9 418 621 471 640 13 560 145 81 329
7 528 647 164 529 552 581 63
12 314 224 192 84 575 206 261 232 517 421 134 265
13 453 512 171 638 689 645 96 186 282 329 341 402 591
16 696 303 170 15 680 413 29 206 209 289 398 132 376 403 87 520
17 24 219 526 373 319 83 546 430 232 690 383 40 161 180 230 427 700
7 411 395 637 490 450 482 642
25 624 171 696 134 652 12 355 282 443 339 603 627 606 197 527 557 560 1 492 81 216 521 434 605 474
12 433 529 146 268 436 654 95 624 205 528 332 615
19 366 67 31 118 25 236 132 15 92 323 347 656 416 360 250 692 460 431 219
14 12 186 564 140 359 294 551 121 389 632 355 51 479 501
7 680 590 373 484 481 170 251
8 211 627 630 409 378 1 580 335
19 583 247 659 433 152 144 269 103 22 227 368 162 9 20 635 581 186 178 176
9 12 535 681 148 40 584 567 218 96
10 555 600 211 465 406 583 173 348 350 120
9 157 68 35 298 274 367 543 628 624
15 367 177 550 606 167 63 46 639 27 387 527 272 164 28 601
8 546 16 98 138 1 221 656 143
12 372 214 115 577 233 455 12 111 133 309 73 223
9 315 164 126 81 622 512 335 409 168
7 529 409 352 368 554 365 550
11 682 157 677 63 678 219 566 523 538 423 168
12 105 103 431 643 241 124 239 699 601 288 556 268
15 495 386 31 301 184 270 3 171 583 415 602 179 199 46 193
9 417 166 522 519 641 278 330 260 587
14 575 657 698 515 243 690 517 223 347 240 56 181 416 590
27 126 606 491 482 624 133 97 256 246 303 689 5 130 340 247 320 217 652 674 37 36 462 403 627 331 477 354
7 636 459 683 373 609 53 419
33 74 335 131 450 462 75 219 644 542 352 119 186 338 207 408 579 609 561 304 25 418 386 209 396 193 57 340 591 372 330 315 565 98
29 363 276 581 255 362 619 431 118 50 645 644 54 216 17 8 502 224 106 260 359 541 440 452 301 81 15 533 51 146
30 614 137 177 352 143 230 649 444 401 540 261 574 607 103 695 485 509 438 221 506 508 469 96 563 9 596 612 554 433 626
7 44 191 446 157 151 51 172
11 610 461 220 284 558 217 155 335 182 139 598
9 143 574 92 548 180 147 257 683 119
20 156 689 596 635 81 673 364 457 331 199 563 610 109 49 513 555 89 388 194 507
12 103 519 692 390 510 158 329 42 579 125 108 400
9 559 404 330 463 397 612 328 566 577
8 628 620 376 267 633 259 658 329
28 341 109 433 604 195 535 135 379 334 632 617 677 428 581 28 74 692 189 94 549 99 193 639 313 363 259 684 460
18 414 262 690 383 231 274 397 75 513 52 551 644 279 676 265 230 119 120
8 150 268 166 342 659 61 603 249
15 443 319 447 555 152 369 688 596 695 252 629 693 323 499 330
22 367 32 620 687 362 306 178 670 366 541 267 677 607 379 112 339 614 256 441 655 391 480
22 529 576 308 158 80 560 130 355 202 306 304 348 349 499 218 581 168 538 191 646 122 41
11 679 471 197 693 438 571 281 125 491 205 51
12 193 267 648 46 101 696 124 412 315 441 288 209
11 573 482 630 359 206 7 382 400 333 20 684
20 559 438 596 106 166 286 266 299 558 500 513 649 681 145 258 8 169 65 600 61
15 81 602 426 377 171 580 405 553 620 609 509 22 121 617 109
25 272 555 111 223 233 686 622 489 359 230 289 141 86 601 516 617 184 619 124 325 59 616 260 15 92
14 460 343 395 163 30 202 89 115 211 260 44 462 698 590
10 97 249 174 533 125 200 18 593 456 541
13 396 19 489 54 296 220 89 329 409 109 466 145 156
8 682 495 692 624 397 254 608 598
28 465 39 360 222 611 148 352 428 464 578 110 508 540 341 89 568 524 5 98 167 287 215 610 643 455 117 408 614
16 19 188 532 534 561 667 628 502 208 360 119 159 414 68 351 42
30 84 636 138 296 561 411 329 546 393 525 132 670 583 571 299 641 7 234 133 506 554 60 507 359 325 283 171 466 412 651
11 672 425 658 524 542 552 216 64 621 296 385
9 212 600 191 84 78 544 96 65 333
18 93 147 202 335 489 495 676 79 293 144 527 230 31 30 205 197 148 56
12 161 452 560 630 315 435 436 372 338 319 308 195
23 314 692 239 681 555 543 495 60 610 464 405 436 412 308 677 95 277 573 51 353 350 489 362
12 183 17 130 59 182 428 178 277 348 485 136 306
11 128 259 326 549 108 469 427 181 358 436 578
10 577 280 129 126 478 413 667 640 277 10
13 505 429 203 109 646 337 223 163 297 242 227 114 413
18 4 554 439 238 595 91 280 610 350 220 545 404 202 487 536 81 337 498
15 328 415 671 238 351 630 505 249 110 641 236 165 55 436 49
11 607 585 227 564 366 22 533 301 80 161 285
26 595 102 634 580 557 650 463 250 553 669 85 340 417 378 424 604 494 467 451 137 308 460 680 120 501 268
11 97 643 309 125 491 281 323 566 83 646 44
26 469 380 398 345 323 631 272 264 185 650 594 549 78 296 178 599 318 271 461 126 342 167 561 91 543 140
20 367 588 51 394 308 47 520 396 391 48 329 494 420 579 2 62 401 570 477 345
7 525 310 226 351 582 365 607
7 289 697 33 76 155 212 225
7 103 483 608 239 48 301 645
7 557 662 171 269 287 591 524
10 413 488 403 540 90 547 33 472 587 593
22 434 304 319 382 318 581 431 145 494 331 488 5 268 203 675 578 540 370 249 238 282 230
16 187 570 646 83 170 373 331 669 151 579 617 158 282 291 65 268
12 529 670 375 312 275 129 445 242 324 567 247 132
9 315 424 293 276 59 275 52 451 69
11 183 661 10 4 470 444 633 81 132 225 124
10 314 454 238 599 90 382 25 261 185 51
32 221 353 5 102 639 676 614 140 431 211 63 450 487 53 71 137 114 334 574 55 34 256 179 568 569 347 657 425 46 178 587 238
10 89 235 344 421 26 165 254 577 294 1
27 16 520 599 291 629 461 388 528 661 386 252 375 540 506 547 234 353 556 336 571 389 451 70 685 141 23 271
11 185 515 545 4 13 293 452 288 583 200 123
17 207 448 203 1 513 302 352 326 77 364 619 220 275 88 314 443 497
11 566 208 253 191 111 339 406 117 454 641 348
21 472 45 418 591 362 370 409 694 59 122 55 238 364 503 81 462 131 224 51 552 2
10 655 479 167 267 137 464 294 698 314 52
7 588 554 145 226 496 646 296
11 175 40 94 116 332 679 432 249 349 592 403
26 493 672 618 425 381 491 648 126 153 653 389 417 94 262 380 325 612 174 273 164 434 521 415 504 655 144
7 492 478 148 453 157 93 55
7 261 211 423 42 62 555 567
7 58 27 536 262 472 253 131
14 322 517 111 389 483 47 82 600 640 368 294 617 147 553
10 324 25 210 442 39 488 107 349 94 195
7 144 79 51 30 437 678 574
30 75 593 441 91 530 125 141 428 590 505 42 431 126 180 492 260 531 610 544 10 368 566 286 329 644 190 655 53 306 135
20 180 653 509 184 368 42 279 681 215 115 661 443 226 240 86 512 396 594 276 18
12 395 299 613 578 469 455 71 331 426 617 360 533
32 220 94 609 101 490 159 165 203 266 50 91 446 216 584 650 269 271 560 113 221 648 52 577 383 183 504 683 107 619 182 340 483
13 617 558 491 651 125 223 285 230 643 315 557 235 345
18 244 27 626 618 109 80 130 250 79 501 363 214 382 504 498 535 235 225
8 201 476 662 183 425 543 52 607
18 464 304 560 194 591 14 115 597 608 325 682 697 635 203 420 308 375 46
12 415 595 545 245 631 148 88 281 466 440 157 46
23 301 596 469 263 445 241 338 222 307 373 294 569 49 375 153 346 450 400 7 280 519 418 409
18 32 340 75 504 318 47 312 394 274 235 405 278 495 149 187 112 11 218
27 557 439 526 630 284 683 280 91 493 335 216 638 245 550 527 456 313 650 467 581 607 635 593 436 210 162 215
9 488 33 198 42 83 177 188 151 127
14 474 123 49 344 452 166 536 292 578 198 229 122 584 150
29 643 542 401 459 393 318 618 633 163 695 566 260 604 484 448 477 43 69 139 116 434 319 582 279 192 154 188 187 111
20 686 147 71 664 93 157 245 254 413 148 455 316 198 344 451 340 589 92 560 622
22 688 138 473 106 683 539 18 525 350 136 187 129 159 392 186 418 299 518 521 666 559 465
17 365 146 494 139 24 522 598 399 225 282 565 43 462 189 444 432 698
11 687 328 149 223 86 172 182 519 164 99 405
28 515 375 200 548 658 654 636 554 412 366 14 469 639 249 232 526 681 89 330 92 15 576 656 399 433 630 305 384
14 380 640 38 632 126 394 611 606 7 119 684 462 272 694
7 424 635 324 131 222 282 621
13 42 195 39 699 190 575 399 394 161 317 26 61 271
8 404 382 5 138 25 510 186 197
15 633 561 626 269 221 684 316 586 358 578 488 395 330 628 589
15 190 588 674 660 420 505 189 638 183 441 446 529 10 329 626
16 280 67 176 535 579 598 340 158 428 591 4 315 111 345 320 378
8 310 516 115 43 85 584 489 692
8 539 390 331 27 88 68 686 391
27 189 211 327 691 464 397 45 445 503 671 307 657 33 138 669 591 152 125 392 127 576 510 479 135 157 622 684
18 111 404 643 430 364 336 198 489 613 328 512 272 652 153 238 323 344 160
8 444 688 108 319 619 485 238 492
14 2 11 569 343 547 288 189 68 56 41 341 287 633 432
