1000 100 20
29 40 62 81 86 56 68 26 43 11 47 83 66 95 35 14 53 23 18 41 99 8 50 72 12 76 70 49 60 91
38 98 27 23 64 85 37 46 22 17 61 77 57 45 53 49 4 86 3 94 68 18 34 70 38 39 16 31 80 93 71 29 60 69 72 54 100 84 10
33 55 3 84 63 66 89 6 78 69 56 95 96 10 19 88 35 41 59 16 47 1 34 72 73 83 76 13 68 40 33 85 38 26
24 100 82 2 14 84 80 81 76 1 52 91 15 50 78 28 61 69 6 87 22 67 34 29 70
43 77 29 53 36 34 12 72 82 10 97 63 20 50 51 65 4 32 58 8 60 28 92 26 74 48 79 16 35 14 87 44 46 11 69 81 13 15 54 89 18 66 43 33
22 72 76 5 67 15 16 56 92 45 74 82 75 17 51 68 85 42 98 97 49 46 9
25 17 37 15 74 23 50 93 80 53 88 31 63 91 67 76 43 28 9 22 18 3 98 6 58 29
26 50 40 37 41 46 94 8 53 4 73 60 82 48 34 51 38 70 99 23 67 84 49 98 12 16 69
26 10 74 1 85 43 56 87 11 77 55 4 53 5 38 98 86 73 35 59 24 66 41 90 89 29 36
32 86 92 73 98 62 22 95 81 68 21 39 72 37 66 27 58 13 90 76 79 83 65 4 5 20 70 40 29 41 7 87 8
33 63 22 60 88 70 55 56 23 5 43 71 25 8 38 83 3 99 41 52 74 48 84 78 26 79 50 31 91 12 87 53 36 81
25 72 89 66 57 22 29 93 96 97 71 17 40 73 30 19 74 37 81 60 2 63 10 5 28 52
39 38 40 52 6 51 98 78 93 3 31 17 1 7 96 2 91 14 66 82 90 81 47 86 56 41 20 16 9 50 76 27 84 24 33 80 18 62 8 69
44 48 53 60 97 95 90 46 51 7 92 76 43 30 2 4 41 8 20 89 72 40 1 66 27 61 91 32 93 96 44 12 13 17 34 94 77 6 75 28 78 35 59 70 100
36 18 76 96 81 23 78 92 36 79 82 91 89 64 31 51 16 3 94 7 57 17 38 93 83 59 10 74 34 28 85 84 37 54 50 6 33
26 72 52 79 9 61 46 35 77 91 18 43 17 88 25 100 40 42 78 70 20 75 6 45 47 44 21
28 17 31 45 53 98 82 65 85 14 97 50 36 99 57 42 69 59 15 49 40 37 24 95 3 78 60 93 25
32 98 8 5 30 17 50 83 84 45 27 36 99 11 20 14 53 81 65 68 87 94 58 29 93 23 34 2 89 10 31 28 63
23 31 92 46 48 88 100 42 2 29 15 64 25 32 65 96 53 55 6 26 16 91 95 78
39 46 28 67 30 29 18 38 9 6 88 10 42 74 55 59 61 69 96 39 26 70 47 73 80 58 43 60 14 31 40 1 64 79 71 44 13 87 89 15
29 29 72 96 89 6 36 30 93 87 71 23 45 24 56 21 47 100 84 10 16 34 12 53 18 52 33 98 9 63
23 6 38 17 89 85 21 24 55 35 22 7 25 42 12 11 37 63 2 47 32 39 49 96
28 5 80 65 7 13 37 15 19 9 49 3 50 88 1 29 14 48 24 51 36 11 25 78 46 77 12 33 97
24 76 25 82 70 12 81 14 67 57 45 51 23 40 34 100 97 73 16 93 11 19 26 41 66
22 7 51 75 26 41 82 9 87 80 58 73 77 13 78 44 76 90 95 93 23 17 63
32 43 73 78 21 86 97 45 98 85 30 71 42 52 58 27 28 37 89 14 90 46 68 91 24 48 51 15 64 75 36 12 83
27 66 74 15 13 38 72 2 19 29 65 18 100 36 95 60 67 12 27 33 73 52 9 47 4 28 98 62
25 60 8 61 24 34 15 93 54 51 47 12 33 44 18 27 16 79 53 63 80 56 1 76 97 87
22 58 8 52 41 42 19 22 15 75 53 95 31 18 25 51 40 71 61 89 56 23 24
41 74 22 37 66 94 36 60 49 8 79 55 52 71 91 89 90 35 81 98 62 17 88 4 83 42 78 51 20 46 26 43 97 41 93 73 48 56 47 59 99 96
36 24 22 31 8 2 71 25 15 33 82 9 72 100 89 23 79 41 11 54 4 34 91 21 14 99 32 12 10 48 28 55 84 83 1 64 87
34 94 87 43 6 70 85 58 18 27 37 19 12 7 45 63 42 73 15 88 72 25 62 10 22 13 55 75 40 44 3 99 29 69 36
27 62 99 84 78 7 39 82 15 91 58 96 54 57 65 56 9 60 66 27 43 45 26 49 3 53 100 46
46 76 85 22 7 86 88 72 66 68 47 99 95 70 19 39 96 21 2 40 81 8 58 27 20 18 93 84 74 1 29 98 9 41 31 4 100 52 16 48 23 73 34 14 30 87 44
43 25 44 56 35 49 55 13 78 75 1 73 27 91 40 41 28 46 2 18 22 71 74 5 58 10 59 90 32 88 26 21 42 86 61 67 24 98 63 65 77 36 14 8
24 16 30 66 92 74 1 31 77 86 72 39 4 58 90 41 87 82 7 49 81 100 28 10 27
27 89 77 80 17 82 100 34 32 14 76 75 54 42 15 10 5 61 7 87 44 62 92 78 91 26 86 66
29 20 52 5 11 33 68 4 29 100 16 84 35 49 55 39 57 8 41 90 56 40 32 38 42 36 10 76 88 71
33 57 98 12 81 69 42 54 23 74 8 32 73 21 63 39 56 84 10 75 55 34 97 25 31 29 3 100 85 95 93 51 67 46
33 59 9 46 74 31 12 33 84 61 99 86 20 28 100 83 47 90 58 88 77 49 5 69 95 38 6 17 35 3 18 97 91 55
22 6 29 99 57 84 38 92 45 31 10 50 15 55 62 68 56 13 76 19 1 23 48
36 70 36 55 67 27 79 17 68 59 19 97 57 8 72 62 32 37 65 63 76 98 80 44 53 6 10 29 81 30 12 83 38 84 21 25 71
25 81 49 43 97 58 89 80 29 11 63 5 32 98 17 87 31 75 95 70 45 20 84 28 40 68
40 75 80 95 5 68 97 15 14 28 17 4 6 84 74 93 69 29 94 10 42 65 99 47 90 8 37 66 45 86 56 39 76 51 60 24 96 53 59 48 18
45 5 51 19 16 1 20 74 54 31 56 61 95 88 87 42 7 64 44 45 36 72 3 13 84 28 32 77 65 73 39 94 92 78 27 40 18 22 90 2 76 68 85 43 33 35
36 93 49 34 60 78 67 29 30 64 56 83 65 43 9 26 90 37 36 1 57 76 7 75 54 3 25 51 12 41 48 69 99 53 20 50 91
49 1 67 68 80 36 52 23 26 37 96 50 46 53 55 90 8 31 14 91 25 74 78 87 92 18 60 83 84 39 63 58 48 51 41 94 3 42 30 24 7 99 100 71 82 13 86 54 56 95
37 67 48 53 24 70 34 65 94 44 81 45 92 83 62 10 11 46 57 4 38 7 80 40 88 13 99 52 15 58 77 55 29 33 51 17 25 27
46 99 21 59 48 12 23 56 46 86 29 82 27 69 83 73 24 53 76 30 57 52 94 7 61 84 41 2 91 4 33 16 63 19 98 93 49 32 5 87 79 62 96 66 71 89 22
25 19 58 69 56 91 9 96 86 13 46 51 95 18 3 30 6 40 39 33 79 92 26 44 73 87
24 6 58 20 3 2 36 52 12 71 7 9 68 94 28 99 16 83 50 85 23 56 15 8 92
41 49 72 61 85 62 35 88 10 30 50 45 56 96 66 22 37 59 97 8 95 6 100 53 76 17 3 38 67 12 14 86 68 34 23 63 19 1 39 83 99 47
28 44 25 55 35 99 23 45 31 2 74 21 61 50 13 72 53 63 46 96 71 27 68 41 29 88 52 9 8
36 47 19 29 60 86 100 57 87 84 15 99 41 13 49 58 34 26 65 8 5 45 52 73 2 54 24 91 11 95 94 89 62 20 78 44 35
25 48 92 9 68 63 35 32 53 75 93 90 21 73 58 95 24 65 12 15 56 19 3 14 36 28
25 84 63 69 20 17 90 56 62 88 23 96 9 85 45 47 22 98 65 70 75 99 66 40 6 41
48 83 74 53 81 96 93 55 46 30 64 3 19 88 75 21 32 26 6 71 87 94 57 70 65 14 27 33 37 84 7 100 97 8 41 90 36 15 40 13 78 34 2 5 28 72 58 63 67
22 6 2 68 80 37 24 98 1 34 61 11 42 86 88 9 90 3 60 13 15 51 22
30 82 55 9 20 45 48 97 63 75 5 89 71 50 86 18 36 12 40 42 22 72 66 31 60 17 64 4 7 58 80
46 64 9 65 20 54 8 27 67 52 60 96 99 62 72 43 11 31 29 89 41 58 37 50 21 92 91 42 15 6 100 26 66 14 34 28 61 93 79 84 13 5 73 49 78 46 97
37 4 41 70 39 100 92 76 43 17 22 35 97 25 79 75 90 32 12 19 34 87 1 64 27 21 74 65 11 95 44 83 93 9 73 54 69 26
46 91 26 25 80 29 11 71 57 51 96 30 61 20 59 75 31 9 19 82 79 73 6 49 27 70 81 100 24 47 68 12 54 53 55 74 88 93 23 32 18 48 78 13 39 5 87
47 76 90 65 40 75 73 100 78 4 10 43 64 66 38 44 85 99 70 53 6 27 3 25 26 20 69 11 23 67 88 57 82 12 39 41 58 18 2 52 29 30 63 46 36 45 19 56
35 9 7 88 82 60 10 6 36 97 72 66 34 1 15 42 13 95 18 85 96 51 8 21 41 90 37 89 3 28 67 98 19 81 87 69
22 57 58 81 13 60 37 35 61 82 79 78 84 4 22 75 15 64 99 31 18 30 71
38 6 99 94 49 86 89 45 69 60 50 88 2 39 16 76 31 100 87 1 93 62 46 40 95 59 21 83 53 48 24 17 74 73 11 47 81 75 57
48 24 67 69 44 99 76 11 3 43 81 48 86 33 30 91 13 92 77 83 47 38 98 26 89 20 40 28 46 94 73 17 64 25 22 51 5 68 97 37 82 80 15 88 66 12 56 70 52
40 10 100 73 54 83 23 63 55 60 95 89 67 84 53 32 79 22 45 78 33 57 49 59 81 56 40 1 76 34 9 71 19 50 80 52 8 17 20 93 15
23 35 34 8 31 60 4 59 93 74 61 45 95 58 25 65 19 75 11 53 14 78 63 41
27 68 36 2 23 29 87 14 69 47 15 81 51 24 28 72 31 65 1 8 46 30 85 75 10 76 88 95
24 7 42 51 18 34 63 36 76 81 16 39 56 10 21 82 65 2 60 58 86 27 62 48 59
28 39 9 22 38 6 5 79 75 91 29 50 17 41 31 34 98 53 63 95 46 51 14 32 11 57 16 60 20
27 2 38 28 48 25 86 69 66 22 7 47 42 30 43 85 74 1 57 99 3 29 100 4 79 11 20 53
27 88 73 24 69 59 68 63 7 48 79 72 20 10 95 53 98 43 75 55 4 87 19 45 35 27 96 99
46 36 10 85 80 90 60 22 45 27 31 100 73 11 34 14 47 52 68 96 59 33 97 89 2 48 1 3 70 56 37 29 72 58 88 55 53 28 64 18 24 93 81 51 95 16 30
28 94 30 44 18 89 97 24 61 8 10 95 27 2 9 67 91 78 3 98 70 87 43 82 90 53 40 45 4
34 24 51 10 76 79 100 87 97 85 68 67 53 31 63 26 15 27 80 52 54 44 66 78 43 57 36 86 61 2 50 48 1 16 23
24 61 37 1 89 76 2 85 66 50 16 8 41 60 42 31 81 91 17 74 40 84 7 3 57
39 55 70 33 23 72 53 77 16 73 32 10 50 39 21 54 92 86 11 49 40 6 81 58 71 14 25 94 85 80 93 60 57 87 97 88 3 20 65 46
42 4 100 82 91 68 61 26 3 67 93 34 12 42 97 13 77 40 73 72 50 10 23 63 90 58 64 15 31 28 75 46 29 76 94 78 36 74 59 96 88 99 54
32 5 71 68 53 43 46 25 98 84 64 99 32 69 36 86 48 73 83 35 100 34 33 88 44 9 24 79 61 45 85 66 41
45 19 26 72 69 68 95 82 10 53 75 12 52 48 77 1 2 36 81 22 46 54 61 62 42 5 11 44 56 60 25 89 85 79 13 57 15 86 41 7 100 98 34 51 58 55
35 69 41 30 59 26 33 21 71 68 18 40 75 38 8 65 49 19 82 39 44 56 98 88 52 13 32 43 87 74 48 47 64 67 77 95
48 82 31 64 81 46 34 9 57 38 13 77 73 36 40 14 25 70 16 54 18 72 45 29 19 5 83 89 62 20 51 49 97 67 68 59 60 86 96 98 87 8 41 52 6 42 92 10 15
31 98 91 7 62 35 2 67 41 43 77 51 58 30 33 52 87 92 60 53 83 44 8 15 20 34 84 95 72 38 42 76
23 95 54 9 2 51 5 30 84 91 61 36 62 60 82 29 99 45 4 46 10 18 79 64
22 10 54 90 67 97 11 48 3 80 42 77 37 85 71 56 50 25 9 19 74 46 62
28 86 42 46 6 29 24 91 5 89 9 81 7 60 58 23 95 74 33 62 96 28 92 73 17 50 87 20 75
32 8 49 22 31 45 54 1 23 98 26 83 35 100 42 67 62 58 10 18 94 84 11 72 57 20 56 51 97 2 24 36 37
25 48 42 36 3 27 100 12 34 85 25 38 33 73 37 91 94 21 87 41 31 69 16 22 81 90
41 88 45 29 70 34 7 68 98 31 61 22 69 39 76 73 62 10 84 11 5 51 72 54 96 35 49 24 3 92 42 15 33 2 94 23 99 19 46 91 90 20
32 32 17 23 57 90 37 60 81 26 94 100 1 39 54 29 76 47 48 86 68 25 43 95 6 92 70 71 84 87 69 96 49
30 90 75 36 76 57 33 9 86 77 15 32 47 88 18 35 26 25 80 82 63 42 16 71 91 89 49 58 21 53 23
47 30 82 62 8 71 68 96 24 80 73 31 97 100 59 22 99 90 57 78 83 15 93 35 63 77 39 43 49 89 28 94 40 48 56 81 9 65 58 37 53 70 38 54 26 66 44 2
38 39 46 93 9 28 4 54 18 2 78 52 10 64 14 55 47 56 74 70 81 80 95 32 91 99 44 66 84 59 58 87 11 83 3 45 90 20 92
22 30 12 97 59 70 80 53 40 72 96 61 1 66 95 77 100 58 67 9 39 89 7
29 99 27 8 28 68 17 100 72 42 19 35 56 71 48 39 46 6 91 55 92 94 93 79 61 59 15 63 78 82
49 86 50 89 38 27 32 22 2 59 16 3 33 61 39 56 92 83 52 80 23 77 57 35 71 54 20 1 96 55 41 5 76 44 97 93 28 51 74 95 65 43 21 48 30 85 49 34 81 9
28 28 36 43 52 45 44 74 41 87 24 58 93 59 1 35 64 83 46 9 49 57 22 96 92 79 26 8 30
23 33 7 16 47 74 48 18 14 6 96 24 32 21 3 88 41 100 71 53 80 1 64 46
40 83 74 27 11 56 90 52 2 45 36 69 95 68 63 97 57 12 37 7 60 50 47 96 86 75 87 25 61 98 77 84 58 3 9 92 13 46 70 49 29
50 33 6 49 71 52 2 90 48 10 35 77 58 23 26 42 30 85 38 8 17 91 88 93 41 34 89 4 13 36 82 1 27 99 57 75 100 14 96 56 37 74 64 47 9 16 50 5 31 79 61
44 26 42 98 65 87 25 20 66 77 72 94 41 97 16 29 39 9 80 8 40 82 76 60 83 19 95 37 91 43 36 27 67 62 24 45 13 18 17 50 6 10 74 99 73
34 88 11 83 80 81 47 75 78 42 20 10 64 36 99 84 33 15 28 39 5 21 92 71 2 46 100 72 48 30 51 44 61 23 74
48 92 6 25 29 1 26 65 12 82 94 53 2 33 74 31 89 88 62 68 55 27 13 19 23 83 78 47 10 73 66 43 56 84 42 76 4 30 70 36 37 45 49 11 34 58 21 15 8
48 95 83 87 71 13 12 72 46 73 89 84 42 44 98 2 96 61 66 41 3 22 70 67 59 78 36 11 75 10 81 97 40 55 47 39 51 63 43 33 80 25 38 21 92 77 64 8 52
25 87 88 13 74 81 93 3 1 100 80 46 67 9 11 77 22 29 35 25 43 72 55 5 45 36
44 44 77 97 35 38 86 19 33 93 23 26 16 5 49 21 50 30 60 17 81 98 43 89 65 24 29 87 47 25 67 61 20 70 83 12 18 85 7 68 46 32 74 79 27
34 37 10 23 39 55 33 44 32 17 84 73 35 42 63 49 57 67 7 91 47 8 28 77 94 65 76 53 43 74 54 16 22 26 31
36 79 51 57 59 85 14 97 83 40 53 91 36 2 71 90 52 5 46 25 9 3 30 44 61 26 58 43 54 66 50 65 20 34 63 55 77
42 73 38 93 36 43 71 72 2 55 80 82 90 92 68 39 86 94 27 48 98 96 25 50 75 18 9 21 62 32 19 29 78 46 12 95 22 100 33 83 24 40 97
48 14 17 49 4 58 46 98 31 28 59 42 88 86 37 99 41 72 68 34 24 87 35 21 15 9 93 96 89 20 80 83 23 10 19 60 40 33 74 11 30 6 69 26 27 8 71 94 32
29 81 86 79 40 7 24 34 62 13 9 84 4 57 32 1 21 49 70 30 16 35 99 91 100 63 61 54 38 5
39 94 44 83 43 65 8 11 7 14 74 59 92 5 78 35 58 15 75 29 33 71 98 34 57 64 99 38 4 88 100 16 18 9 55 36 21 6 19 13
22 13 8 64 1 96 91 19 11 21 67 48 81 86 62 95 65 85 41 97 59 34 55
27 49 29 71 88 15 59 86 2 54 56 87 24 44 79 84 51 78 92 61 81 82 30 66 58 20 48 80
49 1 16 55 70 37 38 19 98 65 20 51 82 4 66 61 10 74 77 3 69 94 47 29 96 26 60 72 15 97 64 45 8 54 75 34 58 57 17 42 7 31 44 27 39 12 92 48 88 21
31 35 62 70 67 39 52 43 33 27 80 11 89 65 2 86 30 41 6 85 100 40 97 69 16 71 77 9 26 47 59 74
37 12 43 15 13 42 28 48 44 95 1 76 83 77 60 17 67 52 88 94 75 97 72 85 63 39 30 56 24 86 26 51 87 50 29 66 64 11
44 75 82 81 22 43 93 99 53 32 13 95 65 36 64 84 54 51 98 20 74 39 70 92 86 85 16 100 11 18 24 90 6 1 58 91 87 14 96 60 5 80 71 88 35
33 54 15 41 29 34 89 84 82 88 100 73 58 59 61 24 57 93 30 67 38 11 18 36 48 19 71 78 12 62 16 50 32 31
29 64 4 73 9 48 17 24 67 77 76 85 58 28 75 14 44 31 38 15 40 93 60 49 27 45 30 33 43 74
40 63 98 70 25 69 31 17 99 96 52 22 51 20 18 66 75 36 6 30 39 42 79 23 33 57 44 35 83 19 14 94 88 72 76 21 8 56 100 71 1
35 20 2 23 76 93 71 37 51 70 35 54 30 1 62 75 50 46 16 58 59 47 39 4 64 48 61 28 31 26 10 63 87 11 91 29
24 9 15 50 92 69 25 61 53 83 72 1 71 82 70 12 43 85 94 19 67 42 84 5 7
41 60 63 32 83 94 56 12 73 96 9 71 5 84 40 4 90 76 53 66 98 45 41 62 42 50 23 67 54 33 37 91 38 15 13 49 30 57 78 58 72 18
44 84 30 17 57 51 67 43 50 65 58 90 34 73 8 87 96 53 88 74 38 63 98 3 55 68 77 56 25 39 79 89 36 14 46 86 93 42 24 37 83 80 10 45 85
34 76 9 12 98 92 66 51 25 24 56 13 60 81 71 31 38 18 8 37 19 42 83 86 61 36 55 89 77 100 74 28 22 96 10
28 88 85 56 21 54 92 72 55 40 38 71 5 53 36 11 1 41 29 95 81 12 47 78 28 8 25 100 80
33 33 74 23 68 35 62 98 63 7 17 1 91 52 73 13 18 53 70 92 66 39 34 20 31 16 24 32 95 2 58 76 54 67
24 90 25 73 75 97 22 67 32 86 49 64 74 18 8 36 100 34 30 61 50 82 81 9 1
28 87 33 37 67 56 20 39 47 91 15 45 40 89 71 90 70 2 41 62 51 1 99 76 9 21 19 48 84
46 64 86 60 29 41 72 5 34 55 81 77 24 71 43 100 83 44 23 80 61 36 92 40 17 32 98 35 91 57 59 28 15 87 93 75 11 30 49 37 14 33 13 20 6 66 10
26 83 89 61 21 9 64 56 20 94 77 18 98 8 15 43 23 25 82 49 85 5 14 44 75 65 36
27 21 15 68 64 3 58 89 95 54 96 87 47 73 60 97 10 55 93 24 79 77 72 61 4 34 57 71
26 3 11 36 26 59 22 69 99 34 67 13 25 5 8 20 45 28 79 40 96 88 54 41 16 23 64
25 93 41 86 17 54 19 57 100 48 23 1 77 64 66 96 70 32 72 83 31 73 30 11 82 6
22 59 14 60 56 57 25 35 79 12 4 90 32 23 16 42 13 58 53 65 80 40 11
30 65 67 8 100 56 19 70 58 18 99 41 68 36 21 26 57 60 83 31 46 5 1 52 32 15 72 61 24 25 87
28 53 29 10 9 22 78 27 74 66 100 64 97 44 47 35 38 28 1 69 93 3 81 60 84 59 75 82 16
25 22 71 78 7 73 86 4 59 55 42 74 28 88 25 33 89 31 58 76 83 16 20 6 100 32
24 51 9 47 80 55 5 93 97 70 78 3 88 21 62 96 85 28 46 87 33 13 95 83 41
31 71 2 81 19 78 1 83 89 88 6 74 16 52 15 28 8 31 17 99 87 20 62 56 54 21 14 10 73 9 66 26
32 13 62 77 10 92 67 38 4 68 7 93 91 33 22 24 59 100 31 23 16 81 6 39 82 87 64 58 86 89 79 19 12
47 6 66 12 73 56 17 47 36 97 15 28 40 63 85 3 61 81 72 14 90 50 87 44 79 59 92 38 94 10 22 21 99 89 13 60 35 52 88 65 71 1 98 58 93 76 9 4
29 48 93 29 70 82 45 34 33 14 21 40 88 10 47 99 12 67 5 15 7 60 73 50 30 91 39 98 42 89
41 84 100 67 95 97 69 23 66 33 19 5 75 34 26 30 70 45 85 55 98 91 28 64 63 99 20 96 86 41 59 76 56 8 2 81 52 42 31 14 35 38
42 19 88 92 51 95 46 57 15 21 75 73 2 60 25 14 70 94 17 58 36 66 83 98 71 26 99 96 48 3 50 4 38 54 27 35 62 89 31 7 47 81 12
30 36 13 34 7 54 32 56 96 95 47 43 100 84 38 78 98 14 51 28 59 89 1 48 71 62 52 79 80 8 55
29 30 10 4 73 25 11 97 51 24 60 14 82 22 64 95 72 44 5 63 8 92 53 23 83 49 42 67 100 2
44 41 13 33 80 64 82 70 68 85 17 60 34 84 52 42 48 54 47 19 59 45 29 56 99 79 81 69 37 66 25 46 65 43 62 49 23 76 36 86 44 30 18 9 100
27 93 94 98 59 66 75 81 79 45 28 82 2 4 83 64 3 85 51 43 46 7 90 37 8 6 38 68
44 80 39 4 45 22 70 69 32 81 66 83 79 33 9 23 84 21 12 26 76 2 94 63 88 47 90 44 13 10 6 59 53 17 28 55 75 14 99 40 19 36 89 96 41
26 7 94 9 21 70 39 56 13 66 98 4 16 31 55 35 24 82 65 100 96 54 15 36 64 46 38
24 67 32 2 12 18 21 86 20 45 80 61 95 42 85 41 97 4 36 78 54 11 92 38 3
28 92 98 71 7 52 29 42 75 5 95 93 49 26 69 25 51 65 87 83 3 90 81 60 4 2 28 47 59
46 55 95 86 12 22 92 80 89 20 1 68 35 32 21 37 6 83 85 28 8 36 76 72 2 14 98 94 51 34 4 74 30 24 66 38 70 31 29 46 84 88 54 99 69 9 71
29 69 52 97 83 56 28 79 47 95 34 7 32 39 49 48 1 2 45 98 11 6 85 100 63 55 15 59 44 13
38 50 46 6 39 27 68 88 75 37 95 89 79 17 42 51 49 53 80 14 74 26 8 18 47 29 59 22 20 4 94 97 28 72 2 99 69 41 77
50 11 5 25 47 29 68 26 38 18 31 46 71 84 99 35 2 93 27 30 70 13 50 87 65 74 28 16 24 88 49 76 3 72 92 66 20 10 4 52 96 51 8 55 41 73 32 19 56 67 17
25 36 16 100 93 64 56 85 40 26 42 18 54 7 23 88 50 72 91 35 66 96 52 24 38 48
31 73 31 85 91 49 75 26 38 34 16 99 88 42 6 58 51 53 24 100 33 40 35 82 5 93 41 13 17 47 44 25
29 7 53 66 65 12 80 32 74 3 46 77 97 18 22 87 48 88 31 67 85 76 94 19 58 44 2 71 64 37
25 33 31 98 2 9 18 78 60 59 76 94 35 61 24 4 50 91 62 47 97 68 26 57 86 19
50 25 85 63 27 87 10 78 57 24 18 80 55 8 38 32 26 16 60 19 99 93 4 17 7 76 79 45 96 50 40 61 56 70 44 64 59 67 72 92 42 83 47 29 6 98 53 1 34 77 51
46 41 3 84 80 60 5 15 42 92 74 76 30 38 37 57 13 96 36 70 44 22 63 20 19 17 4 18 49 71 21 11 81 68 62 88 56 2 59 25 33 48 90 50 77 93 29
41 9 87 85 29 2 67 95 6 100 17 35 42 41 98 79 24 52 78 51 11 23 43 12 4 91 71 69 75 81 83 31 96 38 30 76 99 58 37 19 50 88
22 13 88 86 84 22 31 91 64 96 67 97 81 76 19 63 26 39 48 20 77 54 44
37 53 75 98 74 52 73 30 14 93 25 26 28 71 39 19 84 32 41 64 47 43 29 9 12 23 42 20 65 46 70 68 80 55 87 63 96 13
50 23 40 6 59 13 71 62 36 88 86 42 60 41 22 29 49 38 20 14 2 12 26 9 57 77 18 25 51 89 46 54 3 85 10 30 70 27 28 66 37 78 95 65 21 84 31 80 24 93 39
24 30 59 76 24 22 10 25 32 13 50 21 58 62 63 39 98 90 55 75 47 6 57 52 88
35 72 35 34 88 93 26 89 59 67 63 20 71 9 82 42 16 25 10 53 51 36 77 11 22 3 23 97 14 4 98 30 8 47 49 78
27 75 83 13 52 4 80 78 98 70 25 51 16 33 23 49 44 43 69 15 17 7 71 57 22 38 41 85
38 68 39 75 86 69 7 94 91 9 38 32 70 42 45 57 5 79 66 58 63 29 13 4 43 16 95 98 10 35 1 19 52 80 47 74 40 26 76
42 19 82 1 84 47 75 78 32 40 24 93 91 81 13 96 18 52 41 23 33 6 100 57 62 64 8 7 5 22 44 77 98 17 3 76 25 29 26 89 60 46 21
37 47 83 69 29 81 54 77 80 20 87 50 4 32 22 98 10 88 24 58 93 60 36 90 15 23 13 7 27 8 70 89 67 51 30 41 9 39
30 20 81 3 66 83 21 45 44 40 14 35 72 69 59 97 63 61 60 64 34 12 82 74 53 31 5 99 47 19 49
42 91 68 44 54 4 1 70 35 51 25 61 73 42 71 6 52 94 15 26 17 19 16 87 34 60 50 13 22 49 59 67 76 95 5 12 36 32 46 77 65 2 18
22 1 82 43 36 23 37 24 78 25 69 72 40 62 68 55 46 54 73 88 15 47 60
36 18 58 26 5 93 54 19 37 59 53 38 76 69 67 99 8 97 82 52 28 6 33 70 77 39 12 4 10 42 100 16 7 31 62 79 84
47 100 51 81 77 74 2 64 34 45 24 4 70 69 38 29 20 27 48 80 71 26 5 73 50 44 79 40 3 33 68 94 61 57 19 65 58 52 15 13 62 60 6 16 42 67 37 25
44 24 31 14 65 60 72 26 52 98 90 15 82 35 47 23 16 4 33 70 46 41 76 30 62 64 38 56 22 80 81 29 66 53 17 44 28 69 9 40 2 48 99 51 67
27 5 30 100 96 36 74 49 26 12 45 48 54 47 65 77 35 33 53 19 37 43 79 72 81 40 59 41
26 65 31 67 20 71 56 38 59 82 93 100 46 81 42 97 87 21 90 70 77 62 13 54 69 39 10
38 10 22 37 33 16 21 50 13 52 83 85 99 64 18 38 24 86 67 41 58 77 79 17 76 97 19 12 49 30 36 40 6 4 25 72 70 61 20
37 15 87 3 92 100 94 13 65 72 91 63 66 67 49 33 88 51 95 14 37 11 23 26 71 21 50 40 64 31 6 78 34 81 75 4 32 83
36 88 99 96 32 25 39 82 41 95 7 54 24 65 92 50 64 6 93 31 12 68 78 59 74 42 5 18 20 43 37 57 36 33 84 62 94
37 9 53 77 92 16 34 90 51 75 25 81 97 61 93 45 59 42 24 72 98 12 46 6 86 19 39 88 33 73 65 3 100 23 62 55 74 4
41 93 49 31 55 24 86 2 84 67 45 9 3 33 94 99 35 98 23 26 43 22 77 97 96 66 87 62 41 69 21 50 12 89 48 15 82 92 91 61 70 17
26 36 88 45 4 99 46 3 7 37 15 96 71 100 2 25 89 40 12 78 91 48 63 19 1 93 90
31 61 46 31 63 99 83 76 38 22 89 10 73 96 84 75 35 32 90 77 55 26 82 40 18 59 41 42 27 14 30 29
33 68 94 41 69 73 17 88 80 4 11 50 72 49 91 27 23 43 82 63 65 7 26 20 8 93 30 45 95 16 61 19 67 2
24 14 51 7 35 40 11 88 96 67 85 87 56 69 98 68 39 76 41 77 25 2 31 28 91
29 79 10 24 70 38 2 1 8 53 13 27 4 88 80 90 3 50 77 71 34 21 92 25 14 46 76 39 7 49
37 2 96 21 19 95 33 43 92 8 34 94 11 5 59 32 72 6 67 98 70 63 85 35 58 99 46 97 22 82 55 3 66 80 38 78 73 30
31 69 42 50 73 63 68 80 86 49 27 40 94 25 85 81 38 21 31 9 7 70 20 13 30 46 5 82 72 15 92 37
35 29 55 66 6 77 46 1 38 94 69 63 27 58 49 10 28 41 68 83 85 92 37 7 40 65 5 36 25 95 73 39 21 75 84 31
24 83 36 33 43 29 52 42 78 67 19 59 23 81 93 13 26 76 58 25 75 9 85 27 57
27 81 6 5 49 33 41 78 97 26 88 56 75 70 98 24 100 58 68 90 42 43 19 87 74 71 9 96
23 82 44 86 10 95 4 13 45 75 14 3 29 58 27 22 31 19 43 77 92 63 2 61
24 36 65 52 15 41 92 19 10 46 26 28 4 78 3 43 62 25 93 31 60 33 79 22 14
45 79 2 94 60 88 66 96 36 55 89 39 67 20 41 35 100 37 38 50 49 72 32 28 13 70 18 42 95 22 75 77 4 76 21 14 45 29 85 91 27 26 99 12 16 31
36 79 54 38 12 32 65 76 1 62 60 74 85 22 21 86 93 30 48 90 35 19 55 51 77 43 5 97 14 58 61 4 3 66 82 10 67
32 79 23 41 86 57 21 29 30 45 87 51 7 97 72 70 1 34 77 94 32 37 43 98 11 53 64 69 5 74 63 20 83
42 44 26 28 93 84 98 73 57 5 20 6 41 80 62 90 27 59 74 52 95 76 53 86 70 42 2 33 65 43 58 31 24 66 45 25 67 87 9 61 14 82 38
47 88 45 40 25 44 74 31 12 61 28 5 2 71 22 98 99 69 62 96 80 57 14 87 20 52 8 18 13 55 79 68 4 66 3 56 73 42 95 7 30 85 6 67 86 23 11 47
39 10 84 43 40 62 16 2 61 18 48 74 99 22 28 98 83 76 86 49 55 3 17 97 80 93 67 29 8 90 72 36 23 6 75 81 100 19 59 96
48 96 79 98 8 10 7 68 21 25 86 1 20 59 83 53 56 45 11 51 48 16 93 80 24 40 39 35 92 30 91 19 46 66 61 17 72 75 14 87 33 29 64 36 28 97 84 15 67
44 20 19 83 81 82 68 48 66 5 13 89 71 50 32 15 4 7 62 51 36 44 26 54 33 73 6 28 92 52 64 96 95 49 30 69 29 9 72 22 59 27 88 3 94
23 55 37 89 4 1 87 16 72 76 29 96 7 75 11 5 39 15 30 36 26 97 2 48
30 7 79 66 42 69 10 92 58 32 19 87 12 49 81 97 93 91 29 75 55 78 85 37 46 26 45 22 68 48 34
49 54 53 36 5 15 57 64 7 85 59 71 51 12 70 17 65 18 90 97 72 94 27 79 22 9 58 62 40 2 84 50 86 21 55 30 67 25 96 56 38 13 91 89 16 46 93 32 43 100
28 71 100 79 23 98 65 86 6 75 61 12 3 44 54 89 9 90 80 25 67 73 99 48 72 1 28 76 42
33 71 73 49 63 48 34 76 98 3 10 36 5 75 46 47 31 62 81 6 100 88 91 44 41 37 97 89 29 82 21 56 55 40
37 77 60 32 100 10 37 47 8 43 19 46 87 40 68 1 55 63 6 54 82 41 45 66 91 90 29 38 31 49 24 84 21 89 7 95 22 71
43 77 73 27 94 85 53 88 87 76 61 15 66 60 18 71 22 17 8 84 34 56 21 93 44 55 40 64 65 98 49 78 99 42 4 47 59 38 72 9 67 70 19 90
42 86 51 89 54 92 72 19 16 80 85 20 45 30 18 81 23 27 53 48 28 2 46 15 1 10 59 41 3 34 67 87 8 4 44 98 39 12 75 70 68 83 24
40 22 41 71 16 29 2 4 18 8 99 58 70 74 30 96 47 44 86 36 90 62 91 61 25 66 50 78 5 31 21 12 48 17 9 7 45 76 75 52 80
46 98 96 63 47 50 83 39 91 65 70 94 37 74 30 82 87 80 33 81 64 46 73 52 59 12 99 62 7 51 61 75 9 76 57 11 54 68 27 86 79 84 41 22 66 55 29
26 7 15 49 68 44 14 78 30 97 89 91 2 16 81 47 98 52 40 67 22 51 12 41 1 9 31
32 22 14 18 26 88 49 83 53 89 51 1 27 75 39 84 56 31 82 11 19 12 44 35 33 47 73 52 67 79 40 15 71
47 42 79 1 2 16 5 71 43 14 46 64 67 98 32 45 93 94 40 48 60 87 50 80 22 21 38 7 24 52 88 75 65 54 18 27 31 8 92 96 29 26 82 10 36 49 15 81
43 62 35 99 72 89 16 8 81 85 3 97 42 17 28 78 24 48 66 47 15 45 44 61 54 69 77 38 2 59 10 27 11 74 58 55 9 95 34 80 67 32 51 43
39 30 7 13 60 5 47 91 59 94 37 2 25 41 55 26 52 49 62 71 88 83 82 23 63 65 66 93 15 22 45 21 72 34 20 42 39 16 69 3
35 53 22 61 94 86 91 19 34 2 98 11 13 69 17 76 45 9 66 81 37 1 78 35 4 56 73 89 20 6 85 58 72 28 74 50
24 66 35 60 90 22 14 11 53 42 1 19 51 7 81 3 64 13 58 77 8 88 67 37 26
24 64 11 10 71 85 57 94 48 55 79 90 41 86 30 5 2 40 53 91 15 77 13 81 34
37 3 57 39 72 63 54 69 24 10 51 17 34 2 66 52 8 100 97 45 89 85 53 44 68 22 96 7 77 55 87 42 90 6 70 50 75 40
41 46 85 19 58 47 38 42 74 5 3 87 97 29 53 1 43 66 45 81 28 30 71 55 14 78 90 36 52 48 93 7 61 88 94 56 72 75 63 17 91 6
29 14 41 65 49 56 44 68 12 73 67 2 80 19 39 16 9 86 95 35 28 72 76 81 11 96 75 13 40 66
23 20 97 14 26 18 98 88 51 4 23 40 94 58 96 50 68 1 44 37 10 67 30 93
36 78 97 6 12 96 87 5 46 73 99 89 11 64 98 38 95 10 24 82 69 40 72 62 23 34 80 52 13 74 85 3 2 51 28 92 20
42 51 44 96 93 69 98 46 48 11 91 1 2 70 59 19 65 38 3 14 20 97 24 32 34 100 25 43 49 50 63 47 87 76 31 94 36 17 82 83 23 18 27
31 6 13 22 19 49 68 92 67 70 86 5 83 78 52 12 91 45 9 71 27 72 44 88 10 3 39 48 20 2 26 64
31 44 99 58 55 79 88 6 3 37 69 25 5 50 75 65 1 53 98 87 62 42 20 45 59 96 36 52 26 66 40 9
32 31 97 47 73 90 44 91 93 84 53 26 11 18 8 57 67 10 23 59 15 80 30 68 56 1 94 72 50 54 37 35 16
38 85 39 26 65 45 97 72 17 46 21 93 74 96 7 18 70 88 60 90 69 86 79 71 63 13 95 83 3 82 33 73 53 4 22 92 44 94 42
35 36 38 15 3 49 60 11 55 42 53 97 89 7 1 8 4 66 26 10 93 81 59 44 84 50 80 76 63 21 74 40 39 25 29 24
25 31 37 67 21 50 96 95 70 23 78 42 56 32 90 76 61 55 86 7 53 69 49 85 24 83
29 52 50 74 54 78 13 67 46 28 71 31 2 82 48 59 72 36 88 85 56 62 35 5 6 44 40 89 55 95
22 18 63 76 5 65 66 22 53 80 55 29 16 27 36 32 89 99 46 24 44 59 97
35 40 48 30 72 97 1 22 71 53 37 54 26 92 63 75 68 67 65 39 86 44 3 36 76 93 96 62 64 80 91 4 29 47 6 88
24 32 100 39 50 57 6 11 58 73 23 54 14 29 4 99 86 24 56 42 89 8 67 3 36
24 60 48 17 85 50 35 24 40 73 29 30 57 31 46 69 41 67 25 37 22 84 70 92 47
27 66 46 33 38 85 81 1 89 17 51 15 92 6 40 95 9 60 59 62 90 29 39 93 73 35 82 50
24 72 21 20 86 66 58 41 57 90 85 48 26 25 36 37 31 99 92 16 74 73 27 1 42
25 62 82 31 65 32 16 91 79 11 38 67 7 55 28 89 3 48 60 68 5 72 27 23 40 98
25 58 92 99 97 73 24 61 51 59 30 18 98 5 72 55 67 3 64 8 25 52 22 63 17 56
27 85 94 15 47 72 30 20 9 2 12 17 96 92 29 91 55 24 7 66 27 51 70 93 89 95 4 90
32 77 24 33 20 37 84 73 71 86 70 58 74 63 1 100 92 10 9 79 17 48 28 11 6 50 13 36 19 97 29 7 8
31 91 72 69 26 66 23 4 62 99 81 96 64 13 3 100 56 27 33 52 97 82 14 21 76 95 65 45 87 92 50 85
23 16 48 19 13 53 87 49 69 42 40 15 20 55 68 92 27 31 34 58 38 80 39 28
32 27 45 23 33 24 56 25 77 10 44 79 7 61 37 76 42 95 38 67 53 75 59 58 4 85 50 72 6 63 5 69 73
24 90 37 22 79 13 27 7 12 16 39 14 88 26 1 4 100 24 10 63 11 81 15 35 73
32 4 55 61 99 10 97 84 28 35 87 90 96 74 46 23 62 42 71 32 24 11 60 75 77 20 45 50 43 19 33 29 9
32 41 23 72 7 18 5 11 35 8 96 57 27 15 4 2 93 65 20 68 92 33 83 63 94 14 87 26 24 78 76 49 3
31 25 45 60 7 10 4 58 35 99 46 84 37 88 82 22 100 62 6 64 93 36 29 75 98 16 73 40 59 94 23 11
24 33 99 19 47 39 16 67 6 46 70 69 72 35 91 5 82 45 13 62 53 9 63 56 50
30 48 11 82 46 38 93 100 58 78 73 22 75 87 90 67 63 20 77 1 55 59 72 96 53 35 47 5 25 57 52
29 58 78 18 13 4 11 3 84 5 83 24 43 93 1 82 39 86 62 25 45 53 71 67 32 69 73 27 51 26
49 100 43 88 2 45 87 47 23 81 26 6 49 13 10 94 79 72 27 35 80 5 55 39 89 58 12 82 63 76 70 86 98 99 67 91 90 52 30 9 29 92 8 85 77 78 54 21 24 97
41 19 69 1 5 94 79 86 100 99 3 32 67 58 72 16 88 63 26 54 61 75 87 60 36 27 43 28 47 38 97 20 14 50 10 89 21 96 51 15 31 8
30 4 70 19 5 65 12 16 48 11 72 89 90 88 51 13 3 53 92 97 60 17 29 96 75 7 78 66 52 83 61
39 88 67 1 65 94 95 61 15 45 5 83 84 91 58 96 52 82 78 33 66 32 53 14 34 40 23 2 85 68 49 76 72 11 4 18 80 99 42 86
35 55 51 90 47 71 56 88 19 89 1 28 31 62 10 96 35 4 84 15 38 82 24 48 65 95 64 85 99 30 26 27 9 37 29 94
34 10 92 41 67 75 11 73 34 59 20 39 48 27 87 24 7 30 13 89 97 38 84 61 94 60 65 85 57 51 3 32 50 26 19
45 17 87 77 68 89 19 48 83 61 82 75 35 52 70 94 54 78 22 56 15 76 59 53 47 37 43 95 92 46 66 86 63 38 84 49 28 2 8 91 25 90 45 10 65 72
32 77 2 93 83 100 62 3 57 72 87 28 85 47 66 32 6 60 56 80 95 11 68 22 99 86 20 53 25 64 29 98 5
27 76 17 85 13 57 18 41 44 50 15 97 86 45 81 28 30 71 52 80 89 100 62 56 64 34 36 43
43 4 88 55 78 44 1 96 32 26 67 99 98 59 23 20 12 21 86 77 46 50 9 72 8 29 91 100 94 16 84 34 54 3 28 51 74 45 97 66 37 64 15 71
24 74 77 56 89 49 79 64 85 75 8 3 48 63 20 41 50 84 51 42 28 81 1 70 60
42 12 44 38 64 68 8 3 4 72 61 21 76 99 80 88 47 71 97 10 49 45 17 40 51 96 37 60 81 43 93 73 19 34 52 54 35 58 30 48 11 25 91
28 1 43 42 40 83 45 95 82 26 10 92 58 52 53 49 8 46 88 65 27 16 70 20 22 91 66 61 29
49 51 22 48 62 94 88 49 36 68 97 74 37 58 100 38 56 3 26 18 13 40 72 85 23 53 28 31 54 45 79 61 91 33 16 17 1 6 34 19 81 24 83 14 95 32 25 60 29 63
24 59 37 75 55 5 92 80 58 21 66 63 83 47 22 78 61 62 4 69 64 35 43 20 98
40 17 99 68 51 5 95 77 61 39 3 46 35 16 55 66 63 84 59 12 10 29 82 79 14 26 49 20 92 42 74 100 85 48 7 70 41 52 22 19 15
24 66 75 54 92 57 83 60 59 79 96 43 1 95 3 97 45 58 33 22 8 28 9 29 86
26 22 59 54 99 39 53 66 1 56 97 9 71 42 33 79 43 21 69 24 94 55 63 74 31 70 64
36 52 58 3 91 83 63 24 53 15 90 40 66 23 29 28 14 48 67 65 36 59 32 45 25 89 8 30 37 71 7 61 1 60 35 70 6
33 27 83 72 20 52 65 39 58 87 15 84 48 18 51 45 41 23 97 49 5 70 34 55 28 43 26 98 50 89 86 35 94 31
25 7 25 4 60 100 24 72 20 30 98 70 26 88 3 63 33 77 46 11 54 52 59 29 93 55
41 17 14 74 66 59 24 37 83 72 39 71 34 51 79 92 6 48 55 87 62 44 4 35 84 80 64 77 85 30 69 100 67 78 86 40 41 75 38 19 65 63
36 87 100 71 57 18 25 22 41 55 60 77 46 52 59 95 27 89 19 49 67 12 65 80 35 38 84 26 99 73 32 2 20 30 94 91 61
26 65 54 85 1 62 8 36 48 55 89 73 99 74 17 14 90 61 34 25 31 6 4 2 39 88 26
22 41 5 57 81 1 49 3 48 95 100 93 43 42 63 32 44 78 22 17 84 14 58
30 58 32 10 42 71 30 83 12 41 33 74 19 21 48 6 44 52 39 34 66 67 59 79 69 60 45 68 81 55 38
44 80 47 24 49 8 52 9 67 46 72 35 64 89 11 43 39 21 42 28 66 17 26 38 57 95 53 65 93 48 19 29 6 32 3 98 90 73 4 41 16 94 44 7 59
25 30 45 26 69 32 73 49 31 82 16 20 43 77 46 71 74 81 57 25 62 92 38 19 33 11
32 48 77 90 21 10 35 29 44 82 30 99 83 46 86 25 2 85 45 57 71 84 16 63 58 67 27 17 66 20 56 47 12
30 97 18 44 36 7 29 38 51 60 50 65 28 17 90 84 76 70 11 41 31 81 87 39 67 2 37 91 95 23 56
30 91 7 95 23 42 69 57 84 73 3 27 44 18 39 72 8 76 41 20 25 83 13 75 94 99 97 59 37 60 74
33 20 31 29 50 82 93 18 91 40 13 15 92 14 95 7 84 48 24 90 1 53 81 44 63 62 77 41 16 36 42 47 87 28
33 93 17 3 94 13 61 36 35 49 32 10 51 39 84 1 64 16 24 68 12 63 80 4 47 74 69 40 15 14 46 66 88 59
30 48 76 37 63 84 56 33 53 61 64 6 54 43 92 97 40 86 44 15 75 46 74 2 10 4 52 23 51 71 18
42 36 65 89 52 83 81 12 43 98 46 92 35 25 73 58 31 29 80 30 5 24 63 72 41 95 37 91 66 71 42 97 64 70 62 54 8 84 60 56 77 17 90
31 24 66 4 80 56 99 2 59 90 65 71 33 27 3 17 58 53 57 51 34 25 1 97 61 30 12 37 22 67 95 46
27 57 85 98 21 62 37 2 89 46 27 16 79 99 35 73 11 19 71 80 52 44 74 18 95 3 56 82
33 35 52 76 45 30 75 31 7 21 24 26 1 51 62 40 33 36 73 67 74 48 20 17 83 6 57 16 43 60 49 5 25 94
22 18 42 96 17 80 11 94 91 2 3 20 45 8 76 32 29 57 15 98 5 71 85
23 45 76 4 95 41 17 35 74 7 97 30 14 1 83 90 92 20 89 24 72 86 49 65
41 34 49 33 19 98 37 84 81 70 11 100 72 65 43 9 87 51 13 35 68 58 42 53 95 56 32 99 60 77 24 55 73 18 63 69 66 83 40 78 45 76
39 37 78 100 83 35 31 20 28 3 87 23 13 14 88 42 60 73 68 10 82 45 2 67 91 26 92 39 12 97 8 6 21 32 33 50 77 61 55 93
34 32 65 39 76 85 29 94 35 63 78 90 15 1 22 54 17 55 25 49 72 24 48 92 69 6 43 30 67 45 79 7 96 46 19
22 86 45 40 12 93 34 43 64 73 50 67 63 2 99 10 22 4 19 5 39 26 100
35 10 35 76 44 33 91 86 43 19 11 53 78 36 34 27 60 63 98 54 42 24 37 57 21 4 82 1 14 26 46 55 96 85 3 92
31 96 80 49 7 58 76 82 10 60 68 94 85 21 35 73 61 98 67 37 16 44 12 5 36 32 59 34 93 19 66 8
40 71 36 60 84 10 74 47 77 45 87 18 97 98 34 69 15 43 68 38 57 33 49 67 17 94 42 63 83 35 23 27 37 13 76 91 56 59 52 4 61
26 5 26 94 41 8 67 96 2 15 82 11 75 31 66 45 37 12 18 92 69 79 80 70 3 49 97
36 20 82 85 16 8 55 5 10 12 22 35 71 89 87 57 7 1 37 13 47 60 9 38 93 27 50 58 3 67 17 79 4 100 29 98 40
34 34 63 8 91 64 30 54 45 41 99 87 71 3 18 83 76 81 50 44 32 62 47 85 40 60 68 90 52 75 23 33 59 25 58
34 32 48 59 87 68 30 75 57 46 97 7 3 100 15 25 73 35 1 12 33 70 34 64 20 96 29 79 31 63 9 43 8 72 53
34 35 58 66 84 18 2 87 85 27 47 36 40 38 15 39 25 98 91 17 19 74 59 92 53 13 48 71 86 49 24 77 32 89 82
38 35 60 53 27 1 85 42 43 15 92 84 8 6 73 11 100 48 82 20 46 16 70 39 50 3 47 95 75 44 97 49 57 79 14 62 31 56 26
24 35 53 87 10 38 69 70 86 39 79 97 6 68 47 96 27 64 54 20 52 48 72 8 1
37 61 95 43 77 72 46 17 85 82 53 96 3 87 83 30 16 44 13 64 32 89 49 4 80 8 39 15 90 75 66 48 23 65 26 34 6 40
50 60 36 83 86 26 6 14 27 81 25 19 91 71 38 50 2 57 49 1 94 35 85 33 66 92 99 7 63 58 39 21 28 22 31 37 96 77 73 88 24 12 54 42 23 65 100 84 48 11 9
22 87 33 92 53 8 79 38 15 85 54 90 27 46 73 9 81 100 17 97 40 24 58
22 70 74 36 80 75 60 86 13 22 4 5 9 40 99 23 62 32 46 95 25 1 73
50 10 42 85 98 18 68 8 16 80 69 40 6 81 79 34 30 65 93 36 91 54 64 37 11 45 78 15 97 82 58 50 56 4 77 22 66 74 46 19 25 47 94 17 55 60 33 62 88 5 90
43 96 17 20 80 48 89 46 23 51 42 19 4 29 55 92 49 68 32 61 72 100 18 13 71 93 35 65 43 56 63 82 70 54 10 38 57 87 44 37 1 94 53 75
44 43 44 1 55 64 21 54 41 17 76 19 63 88 69 14 61 84 79 95 23 49 52 65 78 72 27 45 16 58 25 35 2 53 85 97 26 40 39 66 81 80 86 96 42
40 1 83 9 74 15 52 35 57 78 49 81 12 24 70 94 77 82 28 17 43 23 36 48 18 37 66 62 91 2 93 87 29 6 84 33 100 47 85 65 38
24 71 31 81 53 21 51 83 87 6 63 38 56 92 26 28 49 46 61 4 86 29 76 13 8
33 87 57 54 73 95 68 39 97 80 30 59 62 53 58 37 49 76 44 26 6 66 74 56 52 41 21 18 89 67 60 72 27 43
22 1 41 73 93 19 16 95 35 58 90 12 64 98 23 78 67 10 31 100 8 84 9
32 6 71 23 65 83 53 1 21 15 99 87 19 58 48 59 2 70 31 94 62 81 26 43 38 34 8 97 67 24 82 89 42
45 85 89 32 23 36 4 21 53 7 9 80 5 14 78 27 8 43 26 55 15 37 17 65 18 97 66 70 94 74 30 100 99 2 39 31 40 76 91 64 10 75 48 49 11 12
43 82 93 22 29 42 4 63 92 70 32 19 45 47 87 77 58 94 39 61 65 12 9 62 20 54 67 37 51 7 57 72 13 28 48 5 33 30 11 49 85 97 56 27
44 92 25 26 36 76 21 46 13 22 91 84 29 96 100 55 28 30 86 73 81 65 16 97 59 68 71 98 63 6 17 78 14 99 66 12 34 42 15 7 35 88 5 79 51
40 53 9 88 96 20 61 35 94 28 92 48 4 100 5 19 32 24 77 80 87 84 17 55 10 95 2 40 65 72 42 1 51 27 39 68 97 75 22 31 7
49 95 57 60 17 56 18 75 19 73 29 46 82 25 6 8 97 93 14 7 65 1 76 52 67 35 3 43 11 99 40 91 61 37 55 71 21 69 30 22 32 88 63 83 4 72 26 92 68 38
50 5 26 35 45 11 42 12 49 72 67 69 1 18 37 59 84 4 3 91 16 7 33 20 36 80 63 70 19 23 22 27 46 62 96 31 50 25 10 48 40 65 89 74 93 87 81 75 98 55 56
32 59 11 20 6 7 66 36 67 89 14 51 23 13 12 30 90 69 45 34 32 83 74 37 96 3 55 21 76 99 94 72 8
25 74 30 12 86 41 70 7 87 6 55 94 99 56 61 78 33 59 19 72 22 14 83 3 29 2
37 59 18 15 25 62 31 75 86 17 77 99 92 79 14 64 13 94 66 71 96 47 81 55 63 42 30 58 32 37 76 36 69 93 48 3 40 73
25 48 96 75 82 41 62 5 14 69 86 22 77 50 90 44 61 78 24 57 26 9 30 12 27 100
45 17 44 55 77 47 52 26 72 96 7 95 11 5 43 33 87 27 67 64 80 59 51 76 69 29 82 73 86 85 31 75 48 50 68 89 88 61 35 81 6 13 4 22 79 84
23 28 34 50 75 79 37 42 27 93 35 32 68 71 6 74 63 18 85 57 23 47 22 2
38 31 98 6 3 38 81 51 15 94 71 45 74 32 86 43 91 37 87 1 49 63 80 99 76 17 73 21 27 5 95 42 35 60 62 54 9 46 47
49 22 73 12 80 51 56 72 21 40 86 53 24 27 38 39 48 4 74 42 69 96 15 16 64 2 25 45 70 32 91 58 82 26 79 65 77 23 43 98 47 18 68 34 76 8 46 60 36 7
22 80 35 45 53 32 91 15 83 20 88 100 16 7 66 55 81 52 59 87 98 96 43
46 24 71 64 62 15 67 57 53 81 26 21 65 20 7 60 93 2 5 74 66 34 72 55 99 61 30 97 70 42 44 6 80 100 47 54 32 11 96 40 35 69 16 25 12 8 95
24 89 16 41 85 98 48 95 68 56 24 80 78 53 12 74 14 60 15 81 40 93 46 90 70
40 46 55 72 64 70 69 80 31 82 97 59 85 27 26 56 35 4 23 5 39 77 78 18 99 20 15 88 11 45 100 79 33 30 75 96 60 49 92 37 28
26 65 47 4 17 30 44 15 51 16 69 62 72 99 93 77 13 86 10 74 79 24 91 6 20 23 43
35 7 23 30 17 60 54 34 94 77 11 9 66 90 58 39 84 73 97 2 42 46 57 89 24 44 13 41 70 74 29 79 18 1 22 33
47 29 22 82 26 71 92 90 67 18 20 9 63 64 96 37 100 94 74 24 73 51 80 52 53 77 40 69 30 57 38 31 87 46 62 59 54 10 78 85 27 6 72 23 86 83 28 66
34 80 20 26 60 5 87 17 86 55 88 75 19 18 73 12 43 57 85 46 16 94 25 90 22 14 64 27 34 35 58 9 91 61 100
35 21 80 79 89 65 93 70 43 77 47 73 59 20 26 96 7 64 41 99 84 34 30 50 71 19 87 3 74 39 42 40 13 24 55 51
34 74 21 13 34 62 98 28 5 49 63 31 54 25 91 56 18 2 93 8 46 33 4 68 38 64 78 43 99 29 30 15 48 36 60
39 48 3 80 55 88 12 54 4 95 38 86 32 30 6 90 98 66 58 14 53 57 99 13 21 94 96 50 52 74 35 93 64 77 78 26 18 36 43 81
35 31 7 64 18 83 14 59 71 75 80 96 76 88 21 46 28 81 8 25 36 69 65 77 48 53 62 93 95 51 74 22 15 86 82 56
45 3 83 6 41 48 95 84 100 13 76 46 99 15 9 24 89 21 19 17 81 31 90 5 69 49 52 57 20 44 77 1 85 42 30 63 97 67 29 70 35 26 87 47 88 62
36 16 76 7 58 17 51 22 71 11 52 35 32 37 9 81 75 29 43 77 73 96 25 54 72 46 1 94 99 44 80 98 87 61 89 50 65
29 30 28 68 9 95 20 84 4 53 47 6 74 93 26 58 18 89 88 60 71 2 87 99 90 82 17 52 75 77
24 64 21 50 1 30 4 88 42 26 49 63 36 15 28 51 85 38 83 31 5 29 90 65 89
24 88 90 7 91 69 63 48 65 21 53 16 35 50 51 67 99 37 11 30 18 6 77 55 42
28 32 36 70 48 39 63 91 75 58 77 14 85 5 4 80 16 95 84 29 44 56 65 33 26 50 81 76 93
26 59 80 31 21 6 10 63 4 39 61 70 95 19 40 75 28 22 72 32 20 34 87 54 100 93 65
24 64 60 11 79 52 69 50 91 9 46 89 83 13 80 61 54 59 27 66 7 4 28 68 90
33 70 74 22 16 68 69 52 58 87 95 28 86 23 1 77 56 48 34 79 37 51 75 81 88 26 91 64 40 66 82 44 90 76
35 84 1 52 99 5 27 40 33 90 6 45 23 57 75 97 81 26 94 39 31 49 96 24 19 73 18 44 100 64 17 86 34 7 70 8
22 60 65 86 93 53 27 14 44 94 95 90 71 79 29 72 24 69 36 38 92 33 73
42 65 41 51 75 12 83 49 47 76 48 92 59 19 60 39 44 70 3 87 54 81 31 52 18 50 28 89 53 26 29 98 69 79 56 8 72 100 85 33 5 78 55
28 2 79 86 47 41 69 90 100 76 62 87 51 19 56 57 53 25 54 39 64 22 18 24 37 49 61 14 80
39 76 4 58 85 31 15 78 97 63 88 91 87 44 22 69 36 30 90 61 10 25 66 89 32 79 23 83 3 74 70 52 98 72 57 64 19 65 43 33
23 100 18 33 11 98 92 26 62 20 73 87 28 30 9 5 43 90 2 24 84 13 29 44
36 92 19 39 54 11 12 18 77 96 42 66 71 40 7 33 93 65 5 45 26 87 43 35 24 67 10 90 14 99 75 56 74 86 17 60 27
24 49 24 11 86 5 43 38 17 62 66 21 27 46 42 29 57 65 18 84 55 79 26 20 87
43 36 37 26 66 60 4 2 90 18 11 8 77 80 25 40 100 96 83 89 94 56 5 93 52 84 1 79 27 59 17 70 3 57 44 97 24 67 54 22 76 15 55 50
39 85 67 44 46 27 5 61 78 11 97 75 50 73 91 37 95 10 77 19 33 84 64 99 4 32 6 25 69 82 58 53 76 26 100 57 39 93 63 38
34 63 43 9 55 16 87 40 39 35 96 2 86 17 21 32 97 81 30 73 90 54 45 85 47 64 51 24 70 92 29 22 36 31 67
33 43 76 4 24 47 31 42 95 46 64 88 44 40 12 97 28 86 34 90 68 19 50 92 6 60 38 15 91 66 87 63 7 74
28 67 88 66 33 79 65 10 55 26 68 32 51 19 45 93 34 36 41 21 5 14 24 100 28 6 62 46 27
39 60 18 46 70 93 15 16 9 45 14 44 85 77 55 88 35 19 95 80 26 23 84 56 57 74 96 92 30 22 52 86 48 13 78 91 32 29 68 1
41 35 53 72 41 56 68 74 88 17 89 21 98 8 36 23 28 96 75 14 1 19 25 43 84 3 85 78 55 73 70 20 77 61 11 80 60 100 50 37 44 57
23 84 16 45 88 61 8 82 7 100 58 59 9 95 40 37 33 85 68 56 79 32 18 69
33 19 87 92 100 39 53 57 89 81 14 79 99 15 29 8 36 59 45 5 27 26 13 2 86 74 23 43 12 17 62 67 77 31
33 8 44 79 63 100 15 47 6 69 89 10 99 25 20 33 68 94 98 9 35 42 74 19 86 14 40 37 52 18 23 26 54 84
45 66 38 39 75 2 80 82 25 49 72 64 55 18 91 37 45 87 100 77 54 93 8 89 40 61 21 50 42 63 97 3 22 60 20 78 35 36 98 46 32 33 51 30 73 79
25 75 80 77 81 56 45 34 32 40 12 33 74 30 79 31 82 66 7 61 100 72 20 5 64 73
27 87 45 21 74 50 46 22 65 16 66 91 20 36 62 4 78 44 13 41 24 42 96 59 75 52 14 27
22 48 38 42 53 85 79 21 14 55 95 63 7 4 44 41 52 8 40 62 81 93 68
24 76 46 60 43 86 56 55 45 9 71 32 21 52 4 34 48 17 74 88 50 12 62 67 15
40 31 22 42 63 23 88 82 54 53 44 5 40 62 85 15 47 94 24 41 16 66 8 78 43 32 30 1 27 33 48 21 84 51 25 6 56 3 90 50 86
29 23 64 78 16 77 63 44 1 86 57 47 55 5 34 25 39 24 73 83 8 100 9 46 15 7 18 85 89 36
36 48 100 4 89 8 16 39 61 95 58 54 68 36 93 82 50 27 21 80 96 5 98 22 35 47 38 73 83 18 51 25 72 67 85 60 81
50 70 40 41 87 10 72 58 94 34 46 25 3 71 99 45 69 11 32 66 56 49 90 16 36 5 44 39 53 95 57 93 91 77 100 78 62 67 51 30 88 74 27 21 52 12 61 83 81 85 98
35 22 26 16 23 93 92 57 80 99 82 34 21 61 9 66 79 59 12 7 55 64 100 95 52 58 60 85 38 68 25 28 87 81 41 62
48 35 95 48 71 55 49 58 59 25 1 68 29 89 92 41 12 28 96 43 14 13 90 60 34 56 81 52 26 27 47 99 98 76 30 50 31 73 17 6 51 9 3 84 24 54 79 65 8
46 26 19 58 53 96 70 7 34 94 66 73 59 36 29 83 69 97 21 91 41 80 16 67 87 3 72 4 35 33 37 98 64 77 89 9 27 100 46 31 99 55 40 62 1 17 28
27 61 10 43 36 70 41 28 30 67 58 27 26 29 50 92 45 5 48 37 76 68 9 54 23 77 80 84
25 68 87 7 47 44 99 78 52 37 18 6 14 3 82 97 26 86 43 31 89 69 94 90 91 74
28 62 3 10 40 28 81 49 45 21 17 18 95 80 59 35 57 94 11 77 22 37 1 46 69 86 15 6 41
24 71 58 84 13 73 26 53 6 79 46 24 42 50 17 74 70 28 93 56 31 19 7 41 94
36 14 5 15 16 51 2 34 27 49 33 67 1 84 35 48 71 94 3 30 59 41 70 62 100 26 74 86 8 63 54 96 7 37 72 92 19
43 100 46 74 73 80 83 49 20 17 75 97 96 76 90 11 10 93 43 53 22 54 56 62 26 66 65 77 19 70 2 92 78 45 32 36 86 44 14 71 31 99 94 21
36 48 47 18 93 2 17 83 8 23 44 40 76 33 6 39 61 29 41 59 32 49 71 64 31 27 79 57 55 53 52 51 35 13 62 75 77
26 6 42 78 55 74 31 88 73 75 17 82 85 23 15 47 36 54 49 86 44 33 51 50 46 72 37
27 71 98 4 22 44 73 65 97 42 53 25 30 51 35 69 55 31 2 85 19 81 76 95 48 8 92 94
30 72 13 57 67 3 28 38 93 76 83 51 54 75 87 43 25 49 89 80 11 31 4 99 5 70 35 22 55 56 17
36 43 24 40 27 70 22 84 69 15 36 23 45 94 62 31 1 95 79 41 68 10 57 85 52 35 72 42 29 13 96 71 20 59 73 49 30
48 11 1 34 23 74 13 97 24 47 55 21 78 43 61 87 37 59 98 31 69 30 100 7 22 27 99 89 16 28 70 79 33 60 56 5 91 25 66 29 82 44 94 50 41 2 86 15 53
45 81 45 17 89 93 18 13 21 94 36 24 8 64 42 39 29 6 46 63 79 22 97 23 16 34 20 100 40 56 60 58 52 65 87 71 92 11 78 59 70 98 37 72 14 28
33 75 11 47 48 95 4 94 22 8 36 25 80 83 28 58 52 14 51 55 35 39 62 60 54 16 88 70 56 38 71 98 67 81
32 71 54 48 14 100 85 3 93 57 41 18 19 86 34 77 67 7 1 32 23 98 60 4 35 52 5 12 69 82 22 92 49
29 65 93 36 61 92 44 91 51 49 32 88 15 1 85 77 12 11 17 33 4 99 47 73 48 100 56 75 68 16
27 43 54 8 4 14 97 96 91 61 47 72 75 45 87 99 88 78 15 62 53 95 79 74 63 34 26 21
30 71 3 66 87 91 6 88 15 39 83 100 4 18 81 22 68 26 97 94 28 54 51 38 72 76 79 98 35 69 60
26 55 87 17 28 2 77 56 99 47 35 38 86 70 61 97 69 36 29 80 93 58 92 9 65 53 10
46 70 38 45 75 95 80 17 61 85 4 77 81 14 82 9 44 37 84 19 1 30 54 58 16 60 73 71 99 67 68 10 97 23 48 2 32 11 46 25 76 66 94 91 90 78 65
30 20 90 11 24 22 42 72 91 76 6 65 55 44 74 60 84 40 78 35 71 18 32 75 19 28 23 30 68 45 52
33 100 55 28 83 5 74 65 77 94 40 63 57 41 46 15 87 18 93 91 14 68 30 16 25 35 37 26 7 47 59 17 36 44
48 67 40 97 50 82 4 61 96 75 86 29 44 25 77 15 80 76 66 72 39 95 36 10 27 32 45 20 100 52 24 57 90 60 8 92 13 64 17 55 89 53 84 74 79 35 49 71 12
28 8 99 72 89 12 20 93 78 41 49 83 58 35 27 23 30 42 47 61 92 82 26 53 52 13 1 85 55
23 55 28 30 7 76 72 49 68 48 78 2 43 29 54 15 84 70 13 40 24 46 31 27
43 87 4 92 16 5 66 91 1 49 89 95 59 20 74 83 57 70 26 75 33 82 45 7 36 100 48 28 67 6 52 30 98 90 94 84 10 21 29 51 43 31 50 81
45 73 79 77 5 95 82 67 89 40 91 87 41 64 85 62 36 32 15 26 52 61 84 65 90 23 68 97 70 37 35 81 13 18 86 99 58 27 30 44 2 7 16 54 33 98
39 37 66 38 87 86 89 93 82 53 73 60 71 11 78 51 100 13 52 95 58 40 79 54 90 29 46 18 26 44 83 10 14 22 56 15 68 30 41 36
42 23 94 33 85 24 89 68 61 8 28 52 31 49 5 96 38 66 67 81 91 92 14 88 58 36 100 75 80 98 99 84 44 72 70 22 78 95 74 63 6 62 26
32 97 86 44 53 89 87 96 3 93 63 99 90 83 38 28 47 80 69 25 73 84 26 17 51 19 1 65 30 49 7 11 64
30 49 82 75 94 96 81 48 26 33 24 89 56 70 7 79 18 20 90 65 9 8 11 67 74 29 92 83 77 53 64
32 95 88 75 61 17 78 36 81 92 37 15 55 79 93 7 99 13 21 48 69 39 25 84 53 12 73 46 54 43 76 22 1
43 80 95 50 1 100 61 33 70 44 94 7 40 62 41 84 72 21 47 99 63 19 78 96 97 81 36 18 86 64 49 10 73 59 29 88 30 8 6 2 51 24 23 14
26 49 8 40 53 47 68 89 71 83 61 20 100 22 62 11 9 19 34 59 38 81 99 54 97 44 67
33 71 68 85 95 67 57 58 25 30 55 53 7 80 90 6 92 56 62 27 20 65 48 45 60 21 88 54 63 83 8 12 23 14
32 61 23 83 48 35 20 73 30 64 37 19 8 79 49 51 72 29 69 63 32 82 40 38 47 98 66 99 68 56 62 41 42
44 54 94 58 57 51 84 23 49 21 5 29 63 38 24 80 43 61 7 11 45 68 55 60 14 41 37 82 87 56 100 89 40 32 62 52 67 96 59 77 27 78 28 69 12
38 51 73 50 48 4 74 57 42 76 23 47 72 2 16 3 25 33 7 95 77 11 68 79 62 30 45 58 90 85 36 27 21 26 12 14 91 54 8
29 37 55 28 21 76 8 97 50 83 27 62 14 32 87 73 19 88 41 33 44 4 13 11 99 29 66 9 95 98
25 88 1 51 58 66 31 9 49 36 61 21 47 32 97 10 57 8 17 62 20 26 37 85 77 39
36 73 81 7 26 41 54 52 94 11 60 63 82 22 18 78 39 34 35 67 24 14 88 45 1 79 44 62 66 23 37 91 98 97 85 51 8
48 89 61 94 28 12 11 19 90 68 16 27 29 52 26 71 81 35 83 7 99 41 62 5 39 92 2 13 64 100 67 91 17 3 66 43 9 1 20 49 8 97 93 78 70 74 84 40 24
42 6 92 16 13 19 28 93 56 49 53 11 48 5 72 29 75 77 88 90 36 33 63 91 64 84 38 55 14 37 65 97 67 60 30 45 4 62 3 8 32 7 10
42 7 79 29 96 53 45 16 34 37 62 85 69 83 11 80 50 1 70 90 48 87 59 74 26 9 95 8 94 24 21 51 39 60 76 27 100 46 25 35 44 36 2
26 69 23 21 94 46 70 43 91 61 45 84 32 62 92 100 34 41 90 16 6 97 11 48 85 47 76
23 36 64 72 95 22 71 39 37 83 9 92 81 18 15 58 94 78 8 12 42 31 29 90
24 89 82 39 52 27 30 62 63 59 73 46 22 14 28 40 18 71 20 6 58 5 61 48 15
43 68 35 45 26 7 97 3 50 99 54 43 21 84 88 47 61 81 38 82 92 30 33 51 76 23 14 32 66 74 44 17 57 70 48 53 63 40 22 89 87 65 95 58
23 29 20 43 60 98 25 6 54 36 94 90 45 38 69 8 56 52 85 12 77 61 31 39
35 9 17 98 16 49 65 69 50 15 62 51 94 72 53 41 93 26 36 68 95 52 73 97 30 60 100 22 25 70 66 39 90 76 1 77
29 18 52 19 20 41 96 44 74 49 57 8 51 5 63 12 58 45 94 62 14 70 75 48 76 55 92 90 98 28
49 24 7 82 25 67 50 2 33 11 77 79 47 15 51 66 12 16 74 58 28 70 32 97 69 55 93 6 20 64 56 85 68 5 48 94 88 21 91 23 63 72 36 61 52 31 76 80 10 4
22 25 45 53 41 55 83 7 46 48 38 68 78 49 35 5 40 84 91 70 29 87 71
33 11 68 33 24 9 37 16 45 97 93 87 43 41 2 19 7 30 77 72 4 12 63 35 49 13 71 22 90 92 56 91 48 76
43 56 14 94 2 51 10 38 43 15 47 6 9 68 34 26 62 11 72 33 83 97 5 49 3 91 53 85 7 75 1 58 21 95 74 80 86 44 48 81 13 82 87 22
48 99 56 40 22 74 16 71 89 91 94 49 78 61 41 84 100 66 30 26 17 83 67 82 90 69 65 28 47 92 32 5 53 10 45 29 70 95 3 57 63 48 98 33 76 34 88 51 8
30 89 97 58 60 25 92 65 23 62 26 93 86 37 16 28 70 78 83 95 2 3 50 13 77 61 90 74 57 80 51
29 88 25 18 31 1 33 35 15 79 77 53 96 29 48 32 83 56 27 17 82 54 42 19 8 39 22 57 41 55
40 5 82 93 81 46 51 1 13 28 23 98 19 2 66 30 20 53 56 27 48 60 78 3 79 70 21 11 9 83 35 18 62 71 14 96 47 89 58 92 97
22 69 1 38 8 19 88 61 49 29 10 79 78 77 14 97 98 75 66 7 85 17 39
49 84 95 92 51 4 80 34 79 14 42 87 22 6 17 28 100 85 58 68 8 47 16 2 13 54 46 10 62 7 81 63 23 64 53 33 25 98 52 41 96 56 21 77 97 93 44 20 11 43
22 41 15 88 34 37 75 67 59 31 89 60 93 38 85 100 42 10 32 73 81 76 86
40 52 85 20 37 25 80 95 82 99 6 88 81 26 1 2 54 94 79 24 30 7 57 53 69 61 36 77 76 17 9 92 12 90 45 70 10 21 93 58 19
32 6 48 96 10 20 15 7 50 60 79 41 30 81 38 80 26 68 92 61 12 65 75 44 70 39 49 99 73 37 14 91 56
22 26 63 18 58 20 2 34 48 14 36 41 67 61 60 55 47 64 70 25 10 6 43
27 60 45 84 82 93 4 38 15 37 47 22 34 10 63 86 79 1 92 51 44 100 66 32 36 70 68 46
39 78 72 34 18 1 62 97 71 48 51 83 86 12 27 90 63 93 2 16 36 92 79 21 19 52 23 58 46 28 37 39 3 29 73 89 41 7 66 76
45 6 39 78 33 3 54 55 81 49 45 23 11 67 20 18 28 59 47 93 94 21 22 76 31 97 72 4 7 1 30 24 62 80 37 32 14 53 5 90 84 17 75 64 26 15
45 58 1 93 89 83 99 39 88 22 29 73 25 74 68 19 72 94 4 6 16 71 17 95 59 65 54 43 98 3 35 52 11 30 10 18 12 7 45 55 44 87 14 13 2 67
27 9 86 28 5 83 47 34 49 24 41 79 95 22 15 98 46 1 17 99 31 64 70 35 14 8 32 77
36 73 37 92 10 12 21 61 86 20 70 57 84 58 39 9 1 2 13 74 52 68 69 36 50 41 95 44 17 16 31 28 78 66 99 19 23
50 35 98 48 18 27 46 19 72 58 88 74 79 13 83 80 66 71 50 65 91 44 22 25 73 87 5 63 6 67 93 85 4 70 37 59 94 75 33 2 53 41 42 31 92 68 17 69 15 97 14
27 2 62 28 8 46 17 69 91 24 45 95 10 29 11 33 55 34 96 14 53 93 27 75 9 90 94 30
28 49 37 34 19 64 18 1 43 10 70 8 3 38 12 67 75 29 39 41 86 57 45 83 15 51 28 4 56
38 88 86 92 62 37 97 22 19 53 15 48 57 95 81 5 25 91 63 50 80 100 82 38 96 72 2 75 1 52 74 35 77 21 54 84 46 32 68
31 48 84 52 62 31 14 42 73 32 45 93 26 49 28 59 61 12 79 92 23 4 96 20 86 21 97 43 69 29 82 89
28 72 32 38 49 27 6 79 3 8 11 96 4 62 87 39 75 48 52 66 18 5 63 25 83 42 10 51 91
23 81 73 89 19 33 56 20 84 10 52 25 37 7 57 12 96 34 60 29 54 92 53 6
22 94 35 99 93 53 27 98 42 34 39 74 70 49 51 54 12 73 24 81 71 80 92
31 54 49 82 23 13 96 97 53 21 20 9 70 59 64 22 32 38 1 10 58 79 37 100 14 47 18 42 61 45 28 16
27 29 35 39 65 78 58 74 97 37 67 5 52 91 57 44 20 25 48 92 100 76 61 23 99 6 41 32
46 85 90 69 13 88 9 5 18 77 51 10 45 54 8 15 95 76 23 30 27 39 91 44 46 31 38 67 3 86 20 35 4 2 72 26 66 65 50 24 53 58 19 21 81 89 11
26 78 96 28 36 46 79 47 54 73 99 20 9 71 69 24 68 50 39 98 32 88 38 35 90 13 3
26 14 99 1 39 68 52 97 6 42 38 12 4 2 25 3 77 16 28 96 15 74 72 60 37 66 69
37 49 81 14 79 9 34 73 27 75 77 95 80 92 50 55 100 21 64 40 63 2 45 97 70 48 19 78 33 60 7 31 84 28 42 89 20 96
33 3 40 79 84 31 28 71 7 23 21 80 26 96 46 11 77 57 54 76 6 29 15 98 33 75 63 83 92 87 88 86 5 58
22 59 72 35 26 94 69 44 92 3 57 8 21 49 23 62 10 98 6 46 80 39 45
33 22 93 32 61 27 34 73 1 87 56 92 94 67 49 13 41 100 80 33 38 89 88 9 28 43 57 3 77 83 10 90 16 7
24 34 42 70 17 45 83 94 63 50 10 91 81 85 20 67 41 29 22 35 79 52 21 46 60
39 74 68 47 3 19 91 61 48 92 72 38 84 67 51 46 6 87 27 100 52 70 59 64 25 95 54 10 5 15 69 80 23 1 4 44 71 86 45 96
22 7 73 79 27 99 26 44 34 29 6 76 14 64 50 100 11 78 38 69 31 41 19
44 82 63 10 53 30 19 47 95 4 98 80 89 83 76 96 100 41 16 35 18 79 32 61 90 36 92 54 39 97 69 12 84 50 21 28 27 25 67 13 64 45 2 31 33
44 94 62 75 52 53 82 66 49 64 10 87 43 86 8 39 35 56 17 89 31 84 48 11 3 71 1 78 7 97 99 93 79 91 60 18 13 23 57 92 77 25 69 61 67
29 40 81 36 13 47 97 19 51 77 74 34 11 64 7 69 24 17 52 38 44 87 72 75 32 80 49 26 45 1
27 31 54 74 81 9 15 14 67 63 12 93 55 29 38 24 36 85 61 51 75 68 35 41 20 34 89 95
26 99 84 52 96 5 14 62 42 28 67 81 27 98 44 19 69 3 12 58 63 17 23 32 77 33 88
41 52 53 98 37 27 2 87 63 65 5 22 97 69 95 23 49 16 59 41 82 79 38 54 64 25 14 35 26 29 50 91 44 3 58 15 61 40 62 4 28 89
25 85 6 29 99 28 63 57 82 9 65 49 87 80 74 23 17 40 75 35 47 13 45 12 72 68
32 83 50 21 54 81 99 78 100 86 65 26 85 80 77 75 1 2 13 19 46 64 44 40 11 20 57 89 71 76 60 69 42
23 47 97 42 32 90 46 12 85 36 8 93 15 86 94 35 83 70 54 48 84 24 10 63
27 28 83 94 37 72 70 65 20 99 1 2 25 10 34 7 76 93 100 85 4 30 44 24 11 95 63 46
26 62 22 20 64 42 18 23 71 75 72 3 59 16 9 19 66 57 70 77 30 49 99 46 69 55 87
50 73 13 9 35 55 91 12 41 82 66 92 36 49 46 37 34 16 59 86 20 2 83 78 4 64 14 38 27 61 68 70 19 81 52 62 30 76 54 98 33 42 17 32 53 89 60 57 21 6 25
34 12 37 95 13 91 82 84 72 15 92 94 22 10 34 21 35 28 16 85 18 19 59 68 17 31 20 90 96 99 43 63 64 76 67
47 13 36 39 34 35 48 65 68 74 8 33 91 25 100 55 42 80 43 22 37 24 31 19 56 57 97 78 47 44 5 69 9 23 96 41 2 85 27 45 28 62 17 51 87 26 81 64
41 100 81 10 51 68 38 63 50 79 54 91 73 5 20 12 13 56 89 6 11 39 32 16 98 99 9 4 44 22 82 34 65 93 90 48 33 62 64 75 35 24
33 87 78 35 74 93 99 61 37 66 14 50 48 51 86 16 36 6 2 54 63 69 91 98 84 100 40 15 92 80 95 41 7 20
22 55 20 74 93 1 31 71 7 89 90 26 92 27 80 85 11 61 29 84 86 62 36
35 62 79 9 67 57 56 48 77 87 16 75 95 80 31 2 100 18 38 14 74 12 42 23 88 45 25 69 20 94 21 3 59 68 51 40
32 87 42 36 54 43 25 29 77 49 31 1 93 14 13 23 96 34 90 46 78 50 26 21 45 82 71 6 12 84 80 4 88
28 76 85 77 22 84 48 15 46 34 31 32 4 37 60 94 56 87 79 13 73 29 68 36 52 33 92 41 61
46 54 48 23 68 74 90 52 18 45 59 99 9 31 55 92 1 47 39 64 96 24 94 42 97 30 46 33 100 51 43 65 98 22 21 91 86 88 15 8 34 79 16 63 89 4 77
24 86 54 50 9 72 57 41 67 58 95 22 85 81 70 29 43 62 79 7 60 97 2 90 34
24 45 10 61 1 14 100 8 29 5 49 56 94 19 99 38 93 35 53 17 71 95 3 97 80
36 25 42 39 44 13 86 23 4 57 87 58 85 34 30 61 80 72 51 16 100 81 95 83 2 29 45 36 93 77 91 35 10 20 98 11 82
39 96 58 40 51 65 71 64 28 34 14 81 35 38 85 5 26 72 43 44 49 74 36 4 86 77 73 53 20 1 63 87 8 11 93 52 84 7 94 42
22 52 63 7 23 30 11 34 79 45 80 16 40 93 55 44 3 91 4 76 18 28 43
30 67 37 21 42 59 69 65 97 76 14 63 18 46 90 81 22 53 33 95 35 48 54 8 94 3 74 99 84 89 28
42 88 95 9 39 6 68 67 22 70 76 90 51 27 55 81 74 87 24 36 69 97 30 43 21 49 66 33 3 89 54 92 73 59 58 5 46 14 16 19 72 85 79
33 54 40 31 27 26 2 97 86 73 11 92 93 38 37 65 82 61 83 88 89 8 100 67 24 75 19 51 21 96 44 5 3 62
33 35 1 74 53 10 29 11 68 86 75 43 40 44 14 39 46 66 63 62 37 48 89 83 8 80 30 88 73 98 51 84 70 21
50 13 5 73 8 83 31 75 4 38 18 3 42 48 53 40 97 56 52 92 26 59 86 37 79 62 76 15 78 30 71 77 70 85 91 27 35 2 33 28 61 81 80 22 1 99 49 54 7 57 63
36 3 33 77 94 76 71 92 89 40 10 80 28 62 93 84 51 55 74 39 72 21 2 11 13 18 23 69 59 64 66 25 56 47 16 70 27
50 23 78 73 44 20 58 29 62 3 26 12 90 1 69 46 35 25 76 57 36 45 14 40 71 89 2 41 13 74 31 33 59 79 84 93 16 8 65 83 92 56 55 50 10 32 37 54 100 47 82
25 70 80 46 10 77 84 68 60 22 34 9 1 52 47 19 75 26 27 72 94 93 61 81 20 64
26 2 57 43 58 76 47 9 22 93 49 16 32 53 33 75 55 18 89 30 65 45 25 34 91 8 94
48 1 90 30 44 27 11 67 10 57 54 5 35 24 22 52 87 32 19 84 81 97 46 93 95 74 39 60 7 9 58 36 3 69 20 13 85 4 14 51 50 63 86 78 43 31 73 2 6
22 78 18 23 33 94 79 59 51 8 21 26 58 89 52 30 32 13 96 85 91 57 41
47 42 20 12 85 81 80 71 33 9 6 15 25 45 49 31 60 67 32 86 57 76 41 5 66 39 1 78 47 8 48 93 3 35 96 69 21 89 97 37 10 46 92 99 59 2 44 40
24 59 4 7 96 97 28 84 86 45 40 64 100 21 58 76 34 77 48 29 66 14 35 17 73
23 67 54 41 40 37 83 62 51 7 17 69 43 97 75 70 99 14 65 58 5 92 79 31
28 56 26 69 18 23 36 45 33 86 96 13 4 66 27 30 81 88 35 37 97 73 24 17 78 53 44 65 100
29 4 12 79 45 66 86 88 18 83 40 47 96 11 62 89 69 84 28 57 23 78 22 74 14 81 95 30 90 63
26 71 73 49 29 46 18 99 39 11 86 10 21 4 44 30 3 16 61 57 45 94 82 9 92 33 72
34 25 12 64 94 83 54 13 44 48 59 57 20 60 33 49 55 4 37 41 93 45 5 43 63 62 42 52 21 16 18 99 53 39 76
49 67 1 6 55 94 81 99 3 17 4 54 100 41 22 46 93 47 25 64 52 62 89 11 40 53 7 9 59 72 5 75 84 63 12 20 74 31 26 23 82 29 77 42 78 14 2 96 87 18
49 78 35 10 7 64 85 65 3 92 81 66 30 96 40 25 89 43 56 51 75 23 41 84 8 67 90 38 15 62 42 76 21 69 54 80 6 73 97 46 49 72 63 98 47 100 60 57 99 68
35 82 76 55 84 3 30 33 45 60 80 98 35 53 4 5 47 67 73 44 91 97 51 96 20 32 68 17 42 66 1 87 59 62 36 64
22 6 64 42 46 52 75 8 60 34 19 14 57 26 80 87 25 39 89 30 94 97 79
37 26 52 85 13 91 70 35 93 95 21 84 55 4 100 65 54 74 73 71 2 96 5 53 45 81 29 25 58 87 66 28 36 3 77 88 8 22
24 46 56 91 53 59 84 82 85 52 86 18 81 31 80 10 36 62 74 38 32 57 23 73 7
22 60 79 49 28 43 77 65 25 80 51 57 3 59 54 75 56 100 90 21 68 82 53
48 26 49 28 67 65 61 85 3 27 76 54 2 30 55 98 4 93 16 83 1 17 21 57 37 87 81 86 20 44 95 33 41 43 14 39 23 94 45 31 89 9 32 11 7 82 59 48 38
41 19 89 49 98 35 67 1 93 12 6 2 8 48 81 57 73 56 11 39 32 38 60 51 33 94 79 75 70 78 7 66 74 63 27 40 58 84 50 54 77 18
41 9 33 92 7 52 80 69 43 6 38 58 78 65 18 17 35 97 47 45 73 27 25 93 96 24 61 50 79 53 60 49 8 88 40 82 90 87 19 14 5 31
24 96 17 92 1 6 100 74 16 82 10 18 95 39 12 55 46 61 79 63 42 71 62 27 34
23 94 99 10 3 77 51 6 15 54 92 74 49 67 60 11 81 43 28 75 38 39 100 56
29 26 95 31 71 19 65 91 58 29 73 53 27 24 54 79 88 42 36 74 25 18 6 23 67 51 90 37 94 82
26 89 58 34 31 61 72 100 43 27 23 41 54 20 42 70 74 30 56 55 19 82 9 91 57 5 67
36 66 44 94 62 93 89 54 4 21 48 28 98 73 52 63 95 79 64 78 10 71 22 82 90 5 87 34 11 30 51 99 55 20 12 3 77
25 95 51 82 39 43 55 76 22 41 84 25 77 32 64 21 14 44 56 96 8 12 48 86 94 47
32 47 22 17 18 25 59 70 10 7 16 45 85 94 97 6 60 81 87 12 78 90 46 53 57 92 21 99 9 55 80 72 63
37 55 68 36 21 74 67 99 87 96 73 57 61 60 8 4 56 1 93 71 80 48 43 3 78 75 10 17 69 91 7 5 95 63 64 11 79 38
35 28 80 59 43 39 64 61 30 22 52 83 97 95 29 84 88 10 68 100 78 98 41 4 79 62 32 93 2 89 86 53 27 21 92 6
24 56 21 71 100 8 98 95 15 70 82 59 17 2 6 85 72 36 41 11 61 27 92 65 73
29 97 47 40 55 2 51 64 39 70 60 36 49 16 75 89 1 65 98 96 8 81 67 38 33 30 6 86 66 79
23 32 29 18 68 63 81 67 12 96 5 62 56 69 11 93 54 66 20 23 4 97 99 47
36 67 97 29 2 69 22 77 56 12 59 94 35 49 5 76 9 95 18 53 4 72 58 68 54 61 90 89 32 84 27 81 98 52 15 24 70
32 85 98 74 56 49 11 48 58 35 50 64 70 90 78 45 61 43 57 80 86 81 96 53 44 92 67 6 23 76 28 77 18
26 31 78 74 63 42 73 32 5 56 75 57 17 54 7 76 70 28 12 33 87 95 79 3 58 52 1
38 55 49 83 71 88 67 44 54 36 30 34 60 84 11 1 62 58 94 5 42 25 45 3 89 61 77 91 99 22 96 75 85 52 10 48 78 43 33
34 76 70 14 23 37 72 8 56 94 90 51 20 67 17 32 6 49 53 41 16 82 60 44 63 99 57 9 81 15 30 95 52 50 100
24 86 38 10 92 4 71 83 16 48 56 91 64 80 68 17 12 42 96 54 59 23 66 27 6
40 55 66 72 100 97 16 40 82 93 3 53 15 52 23 5 98 96 95 51 10 22 77 74 17 12 24 26 59 20 6 9 7 47 49 46 14 60 92 73 83
43 49 21 33 56 48 42 19 5 51 34 100 77 97 61 30 3 20 99 69 82 47 11 66 9 76 88 39 79 29 60 95 43 94 98 36 14 68 45 58 8 91 75 38
23 70 28 71 27 74 32 14 49 61 26 9 56 89 6 73 84 43 5 8 83 90 13 20
27 32 87 45 6 13 64 3 38 10 23 80 94 4 37 47 82 28 93 35 51 25 96 79 24 39 58 30
49 53 47 50 45 17 54 27 88 2 82 32 81 1 63 11 31 33 6 28 83 30 7 64 20 72 4 39 40 18 56 3 55 16 9 41 66 44 96 98 70 22 21 37 25 85 90 99 10 87
43 14 47 90 24 91 68 18 23 76 100 49 11 73 3 9 54 87 69 48 44 27 7 74 34 40 12 65 42 71 94 45 80 43 39 93 25 30 82 83 88 1 59 10
30 33 79 24 86 46 56 10 4 99 66 8 32 80 68 65 100 74 26 83 41 48 49 91 50 30 1 43 35 71 19
32 26 30 15 49 20 76 2 52 68 80 3 5 70 84 78 33 65 19 98 27 69 7 8 45 95 82 31 66 59 46 23 32
27 87 62 30 81 32 48 89 60 7 15 73 36 79 95 74 54 96 59 6 49 3 94 39 86 43 57 52
31 67 82 25 65 14 59 72 79 81 90 55 10 80 70 54 15 44 9 26 2 17 73 84 27 36 12 95 39 100 66 7
34 22 17 56 58 91 82 2 38 12 67 99 9 98 95 45 34 3 83 52 11 32 62 61 88 53 48 93 85 33 36 5 46 79 28
22 54 23 81 74 16 55 24 87 83 1 43 9 50 33 45 77 91 88 86 85 12 69
31 65 68 73 34 88 10 37 48 32 25 49 8 46 18 89 13 28 50 42 55 2 94 14 47 87 9 75 86 45 33 24
27 36 55 65 38 6 40 86 1 66 59 78 26 49 74 72 25 33 32 16 45 15 67 93 70 95 97 12
26 56 54 83 97 98 31 15 87 11 61 44 2 28 33 8 86 32 43 25 95 70 49 52 77 23 50
23 76 60 24 43 4 5 47 87 88 86 8 95 3 41 54 84 20 36 82 59 38 63 67
23 29 59 48 16 32 87 53 73 95 89 81 85 2 56 100 50 19 21 43 93 51 79 71
31 46 42 12 100 64 6 89 16 98 86 51 82 60 25 32 79 62 17 93 9 55 36 4 58 1 57 20 80 71 85 19
25 76 74 9 70 85 13 63 93 36 34 99 62 91 23 59 45 19 81 80 30 32 35 77 15 28
23 47 29 8 76 1 71 64 69 40 17 42 88 84 66 43 41 100 13 23 92 14 52 83
25 16 92 21 14 13 90 47 20 78 93 32 82 36 66 42 49 64 4 86 68 35 53 48 99 80
25 47 42 7 18 55 49 70 46 58 52 97 69 72 61 44 4 40 17 45 77 86 22 12 71 26
23 34 43 64 80 95 48 69 35 88 76 21 52 57 99 17 60 90 98 59 19 84 50 12
22 18 8 66 82 58 35 50 79 56 16 37 57 60 76 14 100 86 40 55 94 78 73
23 69 40 2 60 31 92 78 51 94 76 97 22 88 19 32 12 83 43 30 58 48 65 67
26 80 32 3 63 95 18 4 38 54 60 83 8 71 93 73 75 64 70 6 26 7 36 90 11 78 99
36 6 94 38 61 99 19 46 69 52 35 98 4 49 80 30 96 14 8 65 86 67 70 51 28 25 23 10 17 18 48 33 63 84 74 100 91
31 18 92 24 29 12 76 93 44 57 34 47 19 73 53 4 56 72 55 10 42 16 9 81 86 13 85 82 60 22 68 58
39 39 80 29 75 28 76 56 13 84 50 98 16 60 49 52 44 91 89 64 62 47 34 74 72 24 85 58 6 22 90 61 68 51 11 55 7 66 20 96
34 48 14 78 72 88 35 73 68 23 81 76 41 65 27 34 21 39 64 89 15 55 56 63 62 84 7 79 46 29 97 10 13 87 50
25 3 46 23 38 61 84 6 20 41 67 51 81 85 42 62 80 31 14 50 79 16 4 37 100 28
36 60 48 88 96 22 87 16 49 29 46 69 1 25 57 47 34 39 75 65 93 14 97 10 94 54 2 18 38 78 66 40 70 74 72 15 83
23 20 84 47 58 19 64 2 66 5 60 53 48 76 100 35 77 40 52 34 55 87 45 79
49 28 73 11 23 51 65 21 75 46 60 12 85 30 15 13 94 38 96 66 87 27 34 95 6 61 89 53 54 57 44 79 42 100 19 50 33 68 4 18 64 72 25 86 49 29 14 5 58 69
31 44 94 24 89 40 92 10 91 9 47 1 17 38 11 35 83 43 64 39 85 31 48 52 34 18 37 53 60 71 30 2
30 54 47 79 78 90 21 10 32 50 61 52 13 62 83 24 51 74 86 27 38 33 81 76 59 88 11 94 1 12 15
37 9 26 16 2 93 3 82 70 63 98 52 45 19 15 56 39 73 17 47 77 61 40 64 75 67 10 27 94 31 53 59 80 84 42 71 97 89
34 95 93 73 94 28 34 100 69 49 59 67 56 92 62 91 61 80 16 26 52 23 14 13 36 75 84 76 57 72 43 54 32 98 27
25 64 72 58 45 85 54 42 40 31 95 14 36 8 57 5 59 53 82 49 60 52 47 99 73 11
34 17 64 2 36 44 3 92 1 48 57 11 58 63 32 98 85 86 30 14 61 70 37 87 54 24 78 22 53 8 51 89 93 74 72
26 22 82 83 90 17 16 78 33 6 38 76 92 46 91 67 98 43 52 70 85 37 75 11 53 72 73
34 75 31 25 46 40 90 37 56 45 62 72 51 87 43 94 26 82 5 7 10 81 11 61 91 36 54 65 52 9 41 63 38 60 57
25 55 64 27 10 98 38 45 86 12 92 84 78 81 80 28 70 41 17 22 50 42 8 31 65 15
28 96 28 53 95 86 44 92 82 71 48 35 24 89 91 12 88 61 40 63 76 90 73 85 67 93 1 14 50
34 31 93 8 76 39 3 97 21 98 90 61 79 7 42 91 89 81 68 15 50 47 40 65 24 92 99 18 71 86 37 72 80 100 73
35 14 97 52 34 54 89 66 10 92 45 13 23 21 27 62 64 58 93 86 31 100 18 19 61 60 1 94 59 25 70 44 48 80 55 81
46 17 1 65 32 35 24 58 83 3 12 88 43 21 82 79 90 42 46 14 28 45 13 11 86 57 53 2 51 27 47 69 41 10 70 68 99 78 31 100 30 36 44 80 60 95 85
29 83 86 72 57 64 48 61 29 10 24 5 88 14 4 70 93 27 75 98 12 43 21 95 69 82 20 44 94 34
31 51 35 20 21 46 30 100 22 80 44 77 34 54 1 79 67 85 25 82 17 50 32 66 6 94 93 84 47 42 38 92
24 49 71 25 24 84 87 96 34 77 47 3 22 76 79 89 41 92 6 56 63 16 78 81 8
22 62 4 85 68 73 95 83 8 57 13 37 47 81 11 80 91 58 76 64 53 67 96
22 3 22 51 87 20 31 55 29 34 49 30 16 95 7 26 15 67 42 68 45 5 99
24 85 8 57 17 18 68 36 31 33 52 100 70 80 26 96 27 20 86 69 39 87 81 11 43
27 68 63 52 10 79 11 98 6 75 93 12 32 59 41 45 46 96 34 58 81 86 16 2 15 67 71 65
23 44 37 68 56 2 28 52 54 4 25 70 71 6 53 74 38 21 80 85 20 45 13 55
38 40 33 2 17 24 35 61 29 97 47 39 98 65 48 52 96 10 99 84 51 70 13 42 87 57 11 26 38 4 45 14 50 25 5 71 92 27 20
37 50 88 53 25 31 79 24 44 72 30 10 77 70 96 73 94 81 16 46 100 71 12 5 39 98 21 33 11 3 59 8 49 2 9 68 43 78
25 21 18 7 20 9 68 32 62 65 82 33 87 6 15 46 95 13 48 36 99 34 76 42 28 92
23 8 45 14 9 53 57 77 2 38 23 22 97 11 64 60 66 40 26 36 3 24 62 1
26 43 46 9 93 84 10 94 69 7 67 6 42 23 66 33 15 83 40 62 68 88 31 4 99 64 49
26 37 75 93 55 32 8 72 80 31 30 2 12 13 20 18 3 48 41 40 45 63 78 9 70 87 91
23 28 43 89 44 17 42 88 82 57 68 94 96 61 75 64 53 12 59 67 86 2 62 50
30 49 78 25 63 89 41 55 52 67 79 85 70 57 48 15 5 72 1 7 19 32 76 23 66 13 87 62 14 53 36
44 21 39 75 78 88 24 32 84 5 20 85 97 48 52 91 93 36 12 69 65 96 62 28 82 72 19 13 25 83 9 10 76 50 99 56 7 58 53 44 22 54 73 94 4
22 59 8 55 27 40 19 84 85 98 56 38 53 16 24 87 36 69 6 5 74 47 90
47 61 6 75 8 92 69 49 35 62 58 78 81 34 46 76 72 18 45 89 53 63 74 22 1 26 17 51 80 100 91 84 95 21 14 99 88 48 44 64 16 33 30 54 13 52 32 56
24 39 23 68 72 63 83 52 24 76 18 78 53 79 5 10 60 35 57 9 89 12 46 62 69
29 29 3 67 54 22 47 58 94 18 96 63 82 48 81 50 24 31 16 71 93 65 19 74 90 38 70 41 99 69
33 61 33 62 91 96 9 53 20 74 15 57 63 92 70 39 99 23 42 90 30 16 7 66 64 81 97 54 60 76 95 19 29 37
41 78 96 90 37 58 100 72 6 16 32 65 54 23 77 86 70 47 17 59 79 11 49 13 22 44 99 61 19 8 41 92 2 15 20 46 84 56 88 66 71 29
39 70 81 2 14 24 6 84 43 9 1 88 61 49 76 33 60 85 97 64 32 5 8 54 3 74 93 41 78 46 26 4 73 77 95 98 35 23 100 99
22 71 31 9 97 21 58 82 63 84 100 7 64 85 90 10 98 47 48 43 40 67 26
45 87 31 5 98 37 54 88 77 9 39 86 80 97 99 64 62 45 46 60 74 65 57 89 49 83 92 78 40 51 24 42 91 6 27 55 67 48 14 17 12 90 38 81 19 25
23 25 38 89 82 68 63 57 48 64 45 77 46 50 34 35 4 90 69 83 24 26 23 9
25 100 85 84 94 30 25 55 68 26 48 7 2 24 21 17 81 39 89 64 52 16 67 14 75 76
27 71 94 3 12 38 53 32 49 19 56 70 22 81 90 7 48 14 6 64 8 89 29 74 66 45 39 78
45 21 64 18 16 7 83 39 29 87 53 49 40 70 41 10 57 63 36 73 65 80 2 56 45 14 72 33 78 88 37 85 79 28 32 95 23 15 59 66 47 46 75 90 55 17
28 9 80 89 28 12 24 49 93 87 4 22 55 83 96 11 7 56 18 31 50 29 42 37 27 21 65 84 77
23 23 49 96 81 68 57 56 64 76 72 90 15 70 41 17 1 37 62 29 5 28 95 25
39 98 76 24 32 95 91 14 82 45 47 10 46 5 18 2 26 30 39 78 37 16 94 79 36 50 54 63 72 86 59 20 70 73 90 75 7 41 53 67
22 26 80 71 8 17 15 91 24 27 73 34 6 44 94 37 28 88 66 25 55 10 22
49 41 22 99 88 98 81 84 64 79 44 91 59 38 61 87 58 6 33 78 95 51 36 17 3 42 28 48 10 16 54 39 40 55 50 11 70 63 71 18 57 90 76 72 92 31 43 68 9 97
22 65 94 43 50 93 33 81 4 63 85 27 78 48 84 75 23 53 54 32 34 72 39
46 100 79 84 23 3 70 95 12 57 14 90 64 80 9 6 5 89 85 96 49 62 53 40 39 37 42 52 67 45 46 10 66 74 82 33 91 27 51 7 60 34 61 4 21 16 1
41 20 90 7 54 80 11 26 71 67 39 42 76 4 98 34 75 44 61 25 59 3 88 95 40 18 43 70 94 9 66 83 99 30 21 5 1 63 31 79 23 15
44 6 64 49 69 7 37 84 91 75 20 21 46 71 30 92 51 11 95 61 50 94 1 3 63 42 52 58 96 39 57 62 32 88 10 38 73 25 80 77 45 5 87 17 54
31 56 48 1 99 61 71 64 81 84 86 70 16 57 94 50 100 26 30 3 44 66 85 62 75 15 65 33 12 11 42 13
35 65 55 95 18 47 42 14 21 73 84 54 82 96 71 32 2 49 86 61 7 99 63 43 100 76 13 74 64 23 34 3 27 88 69 78
33 71 14 52 64 4 78 21 66 56 16 58 11 88 46 25 65 63 67 3 15 2 97 44 95 29 20 51 24 81 7 19 9 100
39 70 52 94 16 88 65 91 28 27 21 49 26 45 95 33 43 9 31 98 68 4 55 10 89 97 32 85 23 48 6 77 24 3 40 1 50 76 87 2
38 40 93 88 38 92 8 82 22 18 62 47 64 98 95 36 99 29 86 16 79 60 42 28 30 50 20 19 94 10 75 49 17 71 46 53 39 74 4
28 97 9 11 57 23 21 35 19 41 56 88 82 51 5 25 49 44 18 24 75 37 77 78 90 50 10 93 54
31 79 50 76 66 65 17 46 55 38 56 37 49 23 28 12 44 63 6 85 2 91 100 47 3 89 84 73 4 93 19 22
32 31 79 56 98 22 60 40 90 72 19 89 14 45 43 67 99 71 58 49 69 23 92 29 97 13 24 6 61 68 48 15 75
26 42 46 30 24 59 69 76 67 28 85 41 80 54 81 15 44 53 19 63 16 29 43 7 10 9 47
47 38 90 46 31 4 11 16 58 59 39 79 54 42 13 12 67 60 77 21 28 53 96 17 29 80 36 27 22 40 51 84 45 8 91 100 85 41 3 76 78 97 1 10 23 61 69 70
31 60 42 69 37 12 2 6 84 53 59 88 40 43 57 64 65 24 95 74 72 54 29 92 33 21 35 55 58 73 16 10
32 5 53 88 90 7 43 50 83 100 91 17 4 29 22 63 28 71 9 36 21 80 57 74 64 76 56 79 46 30 3 33 25
37 25 68 93 52 33 86 99 30 89 81 11 24 87 78 19 82 27 84 55 61 96 83 7 73 97 92 38 42 16 56 9 70 40 69 57 72 59
22 49 52 11 59 63 12 56 100 57 19 89 61 7 91 27 33 3 88 44 76 39 98
23 72 87 26 1 67 77 41 59 69 60 81 82 31 58 70 86 45 7 34 84 37 65 10
30 6 55 96 19 32 11 87 10 93 30 41 83 37 17 56 7 64 57 18 98 46 42 49 82 80 22 95 13 39 60
28 58 80 77 35 67 93 10 96 32 99 61 44 33 49 50 89 55 17 64 8 28 46 38 37 66 9 98 51
25 20 52 84 11 17 50 56 8 41 83 2 93 1 63 89 43 32 16 29 99 73 70 74 96 60
31 95 9 28 91 48 65 73 38 26 53 85 74 15 20 69 61 68 34 89 67 84 12 98 71 25 11 80 94 52 37 46
35 3 77 10 47 81 9 62 71 75 52 55 82 5 35 90 54 57 92 21 85 69 41 74 36 8 29 46 18 11 67 64 84 89 59 100
30 1 49 83 75 35 26 30 17 85 98 100 32 20 68 11 4 87 63 90 7 24 38 27 57 73 74 52 94 12 45
33 39 99 65 58 63 50 21 48 34 36 32 19 59 84 18 54 49 80 74 78 66 28 69 29 89 13 76 38 2 35 15 91 5
47 21 11 42 34 70 87 4 52 37 47 62 14 100 69 18 97 61 27 96 64 83 13 82 10 3 81 36 80 12 32 68 99 5 58 86 46 75 95 71 59 57 54 29 72 98 48 30
27 31 63 92 6 81 56 99 23 62 87 75 13 9 5 85 50 60 30 49 17 37 96 80 43 51 98 44
23 16 52 30 29 8 62 68 70 13 55 25 12 66 90 7 88 46 78 65 31 42 27 89
38 6 3 37 26 64 27 82 22 94 33 30 41 7 53 47 13 99 57 45 19 51 59 91 49 55 69 81 54 66 70 16 96 87 75 28 29 35 5
28 53 36 18 91 8 3 41 7 17 15 35 72 5 77 58 79 74 55 96 24 30 94 60 54 2 50 6 21
25 80 81 21 100 46 91 48 97 70 9 64 3 26 65 85 4 68 24 52 6 16 32 57 35 66
29 2 16 37 26 15 14 63 11 5 22 69 83 3 64 35 81 96 47 51 48 61 87 86 24 1 32 60 20 93
30 15 53 62 2 16 31 93 77 32 30 89 98 20 8 86 19 70 23 63 51 52 7 81 94 48 22 1 71 72 56
24 65 51 77 29 69 97 35 17 62 16 22 87 45 2 63 30 4 12 36 11 74 80 3 78
34 96 28 51 26 82 64 94 23 81 67 72 69 6 90 59 74 33 71 70 45 48 63 41 15 38 73 29 77 58 83 87 43 10 100
30 70 99 42 98 27 23 16 43 11 58 12 44 77 3 86 15 4 34 40 19 45 65 56 37 59 57 1 81 62 96
22 17 55 97 63 3 85 25 73 52 2 78 40 96 31 100 86 83 65 69 94 41 5
43 30 53 38 68 15 20 35 88 79 58 33 34 54 42 72 61 71 47 24 29 23 64 97 96 32 1 78 43 87 89 19 18 66 100 14 67 26 91 46 31 39 57 98
30 95 93 18 97 51 12 14 71 36 10 40 63 4 72 88 27 30 41 78 15 37 50 89 33 39 2 22 77 65 94
28 23 48 44 53 55 6 35 50 11 51 89 29 13 45 18 59 63 54 7 38 28 10 41 91 9 70 25 77
27 20 45 51 98 65 92 68 80 59 57 99 40 73 3 76 12 67 10 52 81 46 100 50 25 39 8 83
36 91 53 5 78 13 20 43 94 14 62 33 92 48 82 16 18 67 84 69 10 66 36 97 76 24 51 1 44 26 31 54 7 42 90 74 68
48 50 62 66 72 77 89 1 88 60 51 67 71 18 92 85 81 75 70 56 29 57 54 17 39 23 19 3 42 24 25 95 74 41 26 45 33 34 40 82 12 69 61 100 78 52 7 22 58
22 82 70 86 94 13 2 52 93 90 99 9 75 4 22 37 17 48 72 14 68 80 62
27 47 30 10 28 49 67 59 16 56 96 71 62 90 1 92 82 99 25 24 95 23 68 84 63 33 8 11
44 72 51 22 85 14 86 62 43 6 23 17 93 99 33 38 2 29 26 5 48 53 28 66 41 69 58 16 95 96 74 52 40 9 73 4 87 47 70 90 82 64 39 10 46
37 8 89 54 64 27 16 32 34 84 15 60 87 19 90 86 74 4 80 62 25 70 38 57 92 11 65 100 51 23 96 2 35 18 45 12 28 3
42 44 55 76 96 100 25 99 3 60 7 73 12 39 17 53 40 41 90 5 57 71 34 75 83 81 30 80 43 77 32 87 45 37 92 58 72 64 91 8 46 22 79
29 42 39 65 80 17 6 26 44 21 35 55 92 51 29 74 52 68 14 88 32 75 45 82 72 84 79 2 41 10
39 36 93 88 52 8 21 56 42 95 89 3 12 29 82 96 33 17 92 83 16 38 58 61 59 73 65 87 45 1 55 14 67 32 49 46 24 80 75 28
47 37 36 44 6 91 8 58 2 12 49 92 73 53 93 97 85 5 98 39 100 94 41 7 11 57 30 47 17 60 31 67 89 63 10 69 23 76 4 15 16 21 33 18 71 46 1 86
31 21 94 89 7 41 33 82 80 47 19 36 98 29 32 40 16 70 91 79 27 74 48 64 38 78 58 20 67 14 75 61
36 60 66 80 97 100 57 9 45 47 98 91 67 81 62 94 22 8 35 54 93 7 6 83 29 46 4 61 12 36 53 75 16 56 55 31 71
35 86 96 33 81 19 55 53 66 15 20 4 77 63 3 87 27 57 13 89 40 97 18 8 93 54 35 70 51 38 30 65 88 62 95 64
34 85 23 73 39 55 5 30 16 36 89 70 19 26 43 12 64 46 28 18 75 50 42 27 59 53 87 51 78 58 40 41 29 13 34
28 81 45 99 51 6 23 100 40 73 17 66 58 53 5 68 92 78 84 80 3 69 56 9 1 2 59 4 14
31 11 20 71 21 61 79 63 68 41 48 93 84 49 12 99 9 3 5 43 33 70 13 46 51 53 35 52 30 73 24 15
35 76 99 18 19 39 92 95 80 90 87 46 84 7 42 65 64 57 40 69 72 70 34 36 28 82 60 55 98 58 71 25 75 20 54 38
25 99 62 31 25 3 50 82 67 18 87 40 68 49 39 12 91 15 86 48 84 59 23 47 38 57
41 54 71 77 56 19 24 22 29 25 62 11 53 98 1 63 21 45 50 9 49 7 67 86 70 8 18 34 35 80 60 65 26 42 12 32 43 40 6 88 2 17
29 77 83 23 27 64 16 50 99 52 13 97 20 74 46 100 24 14 67 73 72 21 58 85 11 22 8 90 76 59
37 84 30 31 68 42 18 57 49 60 54 46 91 5 3 75 41 29 20 89 88 96 97 100 81 32 16 77 25 76 87 9 4 51 86 8 58 53
45 44 29 40 74 27 89 58 19 66 5 45 17 67 52 25 69 14 56 12 54 42 86 62 87 83 84 30 33 72 50 80 18 9 100 21 57 82 94 35 8 13 73 6 71 28
34 35 23 85 5 10 25 42 28 20 58 40 49 16 4 34 87 8 3 52 83 33 91 64 84 30 15 46 55 69 81 31 22 89 79
27 67 37 98 68 47 22 95 32 97 55 51 31 25 15 75 41 45 6 60 28 5 43 18 59 96 73 84
47 63 57 1 2 78 38 93 41 95 27 47 35 97 15 82 71 42 68 80 31 37 40 84 30 5 76 45 90 12 61 51 19 3 26 67 96 25 48 54 24 59 56 69 13 70 81 10
30 42 37 13 89 16 70 75 64 78 24 2 53 10 21 67 95 46 88 58 19 96 66 36 84 81 35 31 40 87 34
39 100 79 12 86 49 50 66 51 58 31 76 91 6 68 32 42 5 23 53 78 93 71 41 60 17 57 20 33 89 67 90 34 1 65 3 10 37 28 9
24 35 20 94 70 82 71 62 57 13 83 66 39 69 5 92 80 14 34 90 40 19 99 1 89
22 50 80 4 64 94 48 66 34 92 53 70 31 47 41 38 57 76 86 71 13 19 54
42 23 38 96 71 37 100 97 40 86 29 14 41 72 95 13 49 52 99 25 31 2 8 1 47 76 60 84 94 61 78 79 33 50 30 80 55 70 51 58 92 73 62
41 71 66 50 48 69 21 57 4 41 99 90 45 17 94 39 34 82 81 58 63 40 52 12 55 86 35 9 31 11 24 79 38 73 93 54 61 8 2 76 23 60
28 28 15 3 95 74 91 11 14 63 85 97 5 4 54 98 51 94 71 21 53 79 44 33 76 96 36 50 8
22 1 17 94 76 58 29 59 41 82 88 81 65 33 28 13 26 63 86 46 16 18 99
25 23 79 97 54 68 67 64 19 83 39 50 12 87 85 9 65 53 86 28 93 71 81 17 55 58
22 45 29 37 90 62 30 75 77 36 2 98 68 87 38 59 5 22 42 74 96 13 70
42 25 63 95 53 10 2 68 17 26 3 8 52 66 85 88 55 39 45 21 50 72 35 40 54 47 74 93 23 36 31 9 62 29 77 1 83 57 75 4 87 27 22
26 49 78 39 91 45 21 25 23 42 73 53 46 64 13 28 59 51 61 22 3 66 9 16 69 80 14
24 44 6 99 10 65 35 54 74 66 1 29 32 53 23 12 13 37 90 59 80 42 57 45 26
24 92 35 80 43 49 47 69 77 2 32 75 56 18 73 90 20 61 97 51 53 25 6 21 1
27 23 89 91 11 17 33 44 90 6 27 32 71 66 59 87 42 56 8 83 31 80 75 54 48 61 95 93
23 33 53 68 59 27 73 55 75 28 94 38 77 50 99 10 54 88 36 44 40 13 3 23
49 72 56 28 97 25 89 95 59 94 21 86 7 74 52 45 2 78 20 82 48 54 91 60 64 44 93 99 51 58 13 5 17 80 75 70 62 67 63 34 27 61 79 40 11 29 77 55 37 23
32 41 81 31 73 28 80 46 22 48 75 47 59 36 70 15 6 9 92 44 96 52 58 89 16 87 33 88 17 51 71 14 35
36 98 17 88 22 99 100 48 34 11 92 13 42 60 10 52 67 24 89 38 81 55 5 80 59 36 75 6 21 27 91 32 4 58 57 9 69
42 83 40 60 18 36 13 70 79 80 7 26 81 32 30 86 8 14 49 64 45 95 91 29 38 47 31 11 48 41 28 27 89 84 17 99 87 56 92 65 57 50 97
34 59 34 54 66 80 87 100 42 70 12 49 78 71 35 92 17 53 51 13 25 26 56 41 73 29 14 63 27 5 33 44 10 21 62
33 18 93 79 26 41 80 16 10 64 1 35 88 12 28 31 91 89 48 4 60 49 67 23 95 75 22 50 72 47 77 65 63 20
22 27 8 50 97 76 33 3 69 91 42 43 100 70 37 94 1 26 56 82 65 99 19
28 15 77 5 92 33 91 74 30 67 48 50 29 72 88 28 68 90 23 60 4 51 26 84 10 99 36 57 69
43 83 54 21 71 100 74 90 17 81 95 31 33 43 30 5 38 32 69 50 48 97 26 62 55 18 24 42 72 44 53 16 96 63 14 61 52 68 85 47 36 2 4 70
28 60 63 18 11 62 10 2 24 96 49 28 42 30 9 37 45 86 43 36 82 33 23 35 93 87 59 16 40
23 98 7 82 93 11 40 14 25 79 6 4 74 18 88 59 72 32 20 44 95 21 55 68
23 54 32 15 37 81 3 68 34 14 75 64 91 1 87 8 22 78 53 85 31 11 20 12
43 62 3 29 8 26 99 63 5 96 70 43 98 65 10 90 77 91 18 25 82 55 95 84 9 54 44 68 58 78 17 6 11 94 31 50 52 13 32 12 66 100 49 72
44 71 38 50 15 36 42 76 52 78 91 33 11 8 83 95 57 80 56 21 88 59 62 75 44 4 64 67 43 10 45 28 46 7 53 58 92 61 69 9 22 70 47 1 54
23 17 53 91 41 77 32 22 47 31 55 61 10 54 15 44 59 6 14 13 74 42 58 1
28 33 39 44 41 70 40 4 51 64 17 9 3 5 69 36 66 29 90 26 81 43 1 63 100 10 76 37 80
47 40 38 35 90 13 89 47 87 79 80 95 98 53 6 61 3 9 12 76 59 91 62 28 5 20 54 92 36 58 66 41 100 84 10 77 34 64 46 43 22 23 81 11 16 99 42 49
22 67 52 25 71 38 64 93 90 27 97 43 75 24 78 55 29 83 22 85 59 12 42
23 44 41 4 85 17 98 91 38 53 90 22 72 58 37 64 15 86 18 31 14 87 39 63
44 33 30 39 82 1 2 48 5 74 41 69 99 71 95 88 44 22 38 47 90 9 63 45 94 51 78 4 72 7 81 93 10 56 43 98 21 17 73 97 8 100 23 89 77
27 25 14 17 30 45 38 39 24 78 86 68 37 74 100 58 95 46 96 93 8 61 42 33 69 80 27 36
27 16 8 52 36 86 81 50 75 22 21 95 89 20 29 5 45 37 56 43 33 74 62 93 3 65 78 9
23 18 69 96 76 28 89 79 23 71 32 87 70 8 25 33 13 61 29 47 59 93 75 49
30 84 2 17 83 60 96 94 77 48 14 66 43 27 92 11 1 45 53 59 29 6 65 21 64 100 26 68 18 82 47
47 55 94 56 93 88 20 2 35 51 57 52 89 41 15 92 74 98 84 39 60 58 100 8 97 66 6 95 34 19 14 22 75 59 68 7 77 99 63 81 96 79 38 48 13 12 71 85
37 41 10 90 45 7 68 62 95 67 3 64 49 52 93 13 71 81 70 16 19 43 39 11 15 58 27 38 63 1 35 65 6 53 56 87 26 94
28 34 37 90 97 22 50 20 1 68 85 49 47 74 23 64 7 38 28 66 46 58 92 30 77 61 54 57 73
30 78 19 99 6 89 3 74 17 44 87 34 35 32 2 70 88 63 60 97 82 85 28 33 75 55 22 53 36 41 11
34 96 4 38 25 41 54 5 60 35 74 23 31 32 33 68 82 43 48 64 42 2 75 81 94 1 3 13 56 90 89 79 37 91 12
32 27 60 26 83 62 30 37 48 47 94 13 4 69 65 92 67 76 68 61 85 86 16 89 2 53 79 25 93 32 82 20 22
41 46 55 4 91 64 80 41 17 88 18 42 60 24 87 69 6 20 57 1 44 53 99 81 25 5 85 70 30 98 11 47 95 84 75 13 51 27 89 68 22 3
36 58 73 27 35 10 82 95 69 61 94 18 41 71 85 4 2 16 31 36 37 91 6 23 32 55 43 44 45 53 24 76 72 8 97 96 62
22 32 14 12 31 92 79 66 5 42 64 70 71 1 29 59 33 49 89 40 57 16 48
36 30 39 40 49 47 88 89 33 64 42 57 43 68 14 92 53 29 83 54 51 61 59 4 77 91 69 80 93 5 76 2 67 74 95 55 1
22 27 7 78 97 95 28 6 51 66 53 12 47 82 45 89 60 30 44 57 99 5 77
47 89 40 49 16 51 32 93 48 87 92 73 62 24 83 50 85 52 9 57 34 3 31 60 64 99 53 11 79 84 38 22 23 1 44 41 82 42 86 5 33 45 6 59 75 43 46 61
23 41 34 79 45 75 89 26 6 62 71 52 16 23 77 18 32 60 84 4 54 98 59 9
42 48 7 49 35 51 97 94 28 64 27 31 75 99 90 29 59 26 14 5 60 6 19 43 62 52 69 25 22 56 37 38 95 79 71 65 30 8 42 46 67 13 50
27 73 59 44 1 13 5 41 22 36 17 57 75 69 64 67 31 2 49 81 35 61 28 72 12 93 46 50
27 4 37 5 44 76 32 41 21 18 13 98 73 16 48 42 28 95 60 46 81 10 35 67 88 47 52 65
26 33 41 55 83 99 49 93 76 91 34 18 8 42 84 4 89 85 31 74 1 57 53 6 100 60 39
29 53 16 90 55 32 25 7 65 97 91 42 26 78 70 36 98 89 21 72 83 46 99 50 31 22 76 100 47 45
36 43 55 33 74 12 53 65 100 29 47 39 44 88 62 2 85 64 45 57 52 1 81 71 89 67 50 76 58 25 22 95 82 18 69 19 56
50 64 10 89 28 5 21 24 25 86 31 8 69 76 93 44 22 45 82 6 53 14 91 37 54 26 51 29 43 46 32 77 34 50 61 98 68 33 27 80 13 12 90 96 41 85 16 75 3 73 15
36 47 89 17 96 11 86 9 81 24 94 90 75 15 78 31 85 64 7 53 70 52 48 98 4 93 34 71 28 21 3 20 35 16 76 84 67
25 74 63 34 29 35 85 48 14 13 24 38 51 2 27 58 1 19 8 95 9 28 45 56 90 50
36 24 80 88 25 29 63 76 99 95 1 93 100 71 42 16 72 5 30 13 7 35 98 27 41 4 75 66 9 3 49 92 54 10 86 19 48
23 64 96 74 97 10 82 27 8 14 13 6 31 88 12 63 85 81 18 20 2 25 38 65
46 64 29 24 38 5 89 81 49 75 16 91 41 87 37 43 28 79 6 53 93 8 94 54 30 68 32 57 99 12 83 82 86 23 62 63 61 67 14 56 69 20 71 92 78 55 27
35 28 77 22 62 74 84 2 49 78 56 30 82 41 92 88 58 11 24 34 63 73 71 5 14 35 26 51 69 91 83 98 37 85 13 64
27 10 53 12 32 18 52 72 16 83 62 27 26 44 64 17 33 87 58 7 9 86 8 71 69 1 98 30
31 53 14 67 29 2 46 4 55 51 44 57 82 36 5 56 85 1 18 27 49 68 6 33 61 94 99 17 96 45 32 31
40 92 73 19 71 22 27 35 34 64 55 70 6 84 50 37 91 9 56 99 62 5 74 28 44 68 75 76 86 16 81 15 2 69 63 77 79 10 11 57 100
37 23 25 76 85 71 33 36 75 82 8 96 67 56 58 73 13 45 49 60 10 98 37 84 74 99 34 62 100 3 2 38 27 88 53 63 7 43
32 33 86 22 38 81 58 87 70 3 92 12 8 74 96 59 24 77 54 94 93 6 90 89 17 82 61 98 79 25 71 88 19
45 82 79 2 100 81 28 87 91 68 71 15 37 76 3 27 58 94 47 70 43 42 84 77 31 33 1 98 14 67 21 38 29 40 10 7 93 95 64 32 39 59 18 83 17 99
30 14 35 82 99 47 39 3 38 52 7 93 17 91 42 61 96 11 57 25 62 69 6 34 10 43 21 9 13 63 15
26 75 76 25 74 57 72 79 44 36 21 9 7 63 16 20 85 49 18 29 83 47 82 39 42 94 61
40 35 79 24 25 20 91 1 39 100 5 40 42 80 51 47 48 70 18 55 81 69 83 45 43 27 10 44 13 41 33 60 2 65 53 64 78 88 85 97 57
26 51 45 1 53 56 92 44 19 41 68 57 9 7 96 59 72 31 95 90 4 27 39 12 18 71 14
36 22 3 61 26 91 55 68 78 95 66 46 90 89 4 75 35 37 34 86 25 64 9 19 93 6 83 2 79 13 36 21 42 48 49 47 58
39 87 25 92 85 99 56 36 63 29 76 74 70 11 64 51 15 75 22 98 3 24 47 19 33 84 95 27 38 100 71 23 90 61 66 72 68 10 77 83
36 86 88 34 7 47 93 23 96 79 99 74 46 3 78 52 9 43 85 98 73 64 8 56 58 1 42 12 92 35 28 22 29 44 16 80 38
27 100 11 86 39 31 55 13 68 98 18 70 29 74 15 7 44 53 1 12 62 77 34 38 90 81 99 22
26 46 5 47 14 80 44 21 49 78 93 19 3 100 9 7 63 58 89 17 2 11 70 90 39 99 51
43 26 21 97 13 43 78 4 5 98 96 1 86 56 91 99 80 52 55 20 17 72 9 51 34 71 7 28 75 15 19 67 14 22 25 70 48 35 32 81 65 79 63 61
23 28 18 91 40 81 68 14 57 45 90 32 62 33 56 8 64 98 43 37 74 15 9 65
22 62 85 2 50 40 33 80 10 21 48 88 28 86 18 4 36 69 96 8 54 6 29
34 59 12 60 95 16 38 53 55 1 89 81 82 13 91 84 47 71 90 69 45 43 22 99 85 66 64 20 52 9 49 65 35 42 29
43 34 39 20 67 41 47 79 57 15 76 25 13 26 85 10 30 65 28 38 100 81 18 88 56 37 71 92 44 95 96 51 94 74 62 3 27 16 32 33 23 90 54 52
26 93 8 4 55 75 59 36 45 29 42 26 11 17 35 98 72 14 57 24 69 70 80 41 51 65 16
44 19 69 42 14 44 62 56 46 67 1 85 88 13 4 17 90 78 43 73 29 72 68 16 12 63 15 35 37 55 54 30 38 65 53 45 49 31 47 58 96 34 80 98 40
25 85 32 63 10 83 46 69 84 36 98 28 20 90 5 93 11 91 12 9 8 71 78 96 23 39
30 34 82 32 19 6 98 30 61 73 90 75 56 63 12 52 70 28 40 3 85 4 86 66 65 20 54 60 64 33 99
24 59 76 17 8 11 12 31 93 91 35 61 14 9 19 10 68 95 16 80 72 1 64 45 83
22 78 47 48 90 63 79 89 38 21 31 46 65 20 61 68 23 10 73 39 66 92 67
42 17 96 54 45 18 8 24 44 25 59 34 58 80 15 85 91 57 79 46 89 6 20 76 72 9 16 87 1 67 32 90 31 65 62 63 71 28 47 83 37 4 60
29 1 93 28 57 71 6 30 62 16 31 61 68 19 52 60 67 56 72 44 88 79 14 34 86 87 58 95 90 47
37 15 3 62 65 22 19 49 7 83 24 42 25 88 17 6 84 86 16 69 58 97 27 95 28 13 80 67 36 76 45 23 39 43 74 52 79 96
25 37 31 43 94 76 24 77 30 97 75 69 68 63 14 71 88 5 67 47 73 23 42 90 1 18
30 37 40 27 29 66 50 89 54 85 100 48 75 5 59 18 47 55 88 35 90 79 93 11 43 44 77 86 33 71 63
35 50 77 18 25 78 73 83 86 99 57 98 55 71 29 95 59 41 67 96 10 87 20 70 81 35 6 47 42 49 90 39 94 24 84 11
49 96 64 28 3 77 72 5 26 86 42 10 25 79 41 1 90 93 87 49 98 16 48 37 95 53 89 97 4 27 100 21 30 55 11 78 18 63 19 99 50 9 74 32 71 81 69 62 13 84
38 93 82 20 54 64 77 80 97 39 52 53 61 99 83 46 35 84 19 14 91 2 33 67 55 79 62 23 89 25 30 32 41 5 17 59 6 75 43
44 85 26 1 29 97 42 86 12 76 34 90 64 36 70 92 55 95 21 50 11 84 39 68 30 31 78 33 75 17 56 67 96 13 28 3 74 5 27 54 99 49 4 7 35
49 99 84 11 30 80 72 18 95 25 76 58 55 71 23 33 46 38 36 100 68 81 70 20 73 2 3 7 19 51 44 92 66 48 42 60 27 93 82 13 53 26 32 69 39 75 61 45 15 31
24 65 5 74 98 14 62 7 87 76 29 20 31 40 68 78 52 24 3 6 72 80 69 22 42
30 60 46 64 81 37 5 19 79 74 62 8 43 29 66 84 50 95 42 36 1 98 33 23 58 94 28 48 2 16 24
26 68 34 91 13 86 26 71 2 85 88 31 36 95 38 61 21 73 92 64 83 93 65 47 87 99 16
33 56 67 57 100 41 98 40 77 28 43 13 64 85 49 37 78 26 32 16 47 96 51 65 82 23 91 12 24 86 80 74 38 79
34 95 30 65 12 88 5 73 55 16 37 70 49 76 18 52 14 100 51 94 45 15 89 1 90 28 83 4 68 3 97 27 93 61 36
28 74 49 99 73 76 64 6 42 50 1 33 77 52 89 68 39 58 78 56 59 22 47 84 19 23 81 63 18
24 60 80 86 44 82 72 97 19 18 41 79 3 49 39 11 36 15 6 89 38 85 62 56 53
48 24 34 96 37 78 11 77 90 43 56 87 61 27 100 93 82 4 54 40 72 88 50 53 29 91 62 97 66 65 76 20 32 81 36 57 22 59 35 5 98 45 16 6 46 55 28 3 19
49 85 60 62 96 46 52 88 13 94 20 23 63 84 6 48 26 81 97 31 98 29 9 67 79 43 99 4 28 45 32 87 64 59 73 61 34 33 30 15 66 1 25 19 91 41 8 90 78 70
39 33 22 72 78 97 36 77 87 66 75 56 98 4 92 21 76 3 58 13 16 24 83 89 88 43 17 81 37 79 93 40 67 100 65 68 30 53 50 9
26 4 54 64 86 5 62 59 31 3 95 7 100 22 83 16 18 15 94 87 50 17 81 61 57 80 8
42 42 3 81 76 58 15 64 94 19 51 11 20 55 4 8 75 92 41 97 96 50 68 30 48 43 31 98 62 49 21 74 87 83 47 1 5 12 73 99 72 9 10
43 55 15 53 98 71 59 82 29 58 100 27 65 47 92 19 49 75 57 22 1 60 16 99 37 89 93 54 48 36 38 80 32 51 87 81 84 91 62 73 35 13 6 43
23 54 44 98 4 14 97 22 61 9 2 41 67 51 75 23 29 45 95 80 8 1 70 69
34 92 29 52 51 84 90 68 38 9 74 62 6 59 32 27 95 13 26 35 18 53 5 10 82 45 96 44 4 88 89 94 3 70 85
37 8 31 90 4 86 89 28 17 67 51 42 18 30 9 20 44 61 25 3 14 32 7 27 11 35 34 10 92 63 22 64 95 24 83 73 52 21
26 88 51 79 99 23 58 57 77 56 27 5 97 11 78 8 7 32 63 71 91 34 40 68 80 59 24
44 53 36 15 5 79 83 34 91 46 59 10 100 11 98 95 96 88 94 87 16 89 63 39 82 56 23 3 81 7 45 4 52 1 97 84 24 6 17 68 18 60 73 50 93
27 32 59 83 47 43 73 93 53 35 44 21 50 29 7 49 60 33 55 88 15 22 46 30 37 99 74 12
48 1 73 7 68 83 65 41 47 34 52 48 11 46 93 78 18 37 36 16 29 55 30 49 19 38 31 43 99 63 6 96 92 59 14 97 79 39 22 90 25 61 62 23 54 13 74 82 67
38 42 26 17 3 86 48 92 25 35 43 83 78 100 90 8 87 1 50 74 28 22 97 34 79 53 58 4 84 5 19 60 36 16 11 47 10 64 80
45 5 77 39 88 63 13 61 37 67 48 82 16 78 56 36 40 47 44 51 31 96 81 8 68 75 80 22 27 18 85 64 93 20 12 38 100 89 9 72 69 2 29 41 28 76
22 38 65 84 73 23 80 77 63 35 83 8 42 24 75 18 52 60 54 11 10 58 51
39 47 100 23 9 95 30 49 79 75 91 96 12 59 21 24 46 82 54 72 53 10 81 43 83 31 76 93 65 26 51 86 27 71 6 55 1 57 14 19
33 44 2 21 83 67 49 53 4 36 77 64 17 54 3 32 59 79 55 46 15 60 68 45 89 43 69 85 63 20 87 5 8 25
41 10 9 79 25 38 86 40 33 48 90 50 3 49 75 54 69 37 96 14 57 43 89 91 100 81 34 26 16 85 32 28 84 21 45 19 47 24 64 73 15 70
40 29 74 35 52 48 70 17 32 3 87 14 12 22 92 27 31 43 4 41 88 51 75 8 40 16 61 63 86 37 97 98 62 64 36 84 66 60 99 49 45
40 19 78 71 70 91 9 6 57 79 64 63 39 74 15 49 97 17 48 35 77 85 32 81 51 10 66 30 84 21 68 40 89 100 53 3 43 72 96 92 45
26 15 93 70 34 77 39 59 55 27 53 37 75 50 38 46 71 79 17 44 20 48 68 94 100 83 56
43 59 77 44 61 3 82 36 45 51 41 80 6 86 35 23 85 67 71 28 48 65 2 25 49 81 31 43 68 39 56 74 50 66 5 92 22 76 4 40 79 91 17 70
43 14 12 26 64 95 87 60 76 97 85 67 13 45 27 54 16 68 9 91 2 34 24 73 74 5 50 29 18 51 7 84 78 63 92 41 40 43 35 28 33 55 15 99
37 54 89 63 38 50 68 43 85 83 66 78 33 29 84 47 93 30 92 26 99 74 11 27 20 19 39 96 28 22 13 44 58 48 15 7 81 32
25 67 91 5 36 96 8 28 22 20 1 75 49 53 62 98 83 79 27 7 95 84 55 78 56 41
24 12 11 43 27 53 14 32 90 98 19 35 72 2 17 77 58 33 66 82 61 73 40 63 50
31 11 85 23 71 32 55 90 37 53 70 59 13 22 47 3 20 64 95 82 17 68 66 30 81 69 29 33 38 61 74 48
31 93 47 58 17 81 79 42 35 14 75 10 99 76 96 9 39 72 84 77 37 68 92 11 97 3 43 60 26 86 28 12
27 13 66 48 21 8 68 31 29 85 27 24 78 99 4 35 20 42 30 36 47 86 15 16 56 72 80 63
31 22 13 43 19 28 3 60 96 38 16 95 25 12 83 76 94 68 100 56 55 71 99 21 70 37 97 89 14 62 79 74
27 94 86 33 61 73 7 6 56 62 51 46 53 57 4 12 87 76 28 43 3 25 13 71 50 85 81 93
22 3 16 1 64 7 33 86 44 18 34 82 55 25 66 99 36 31 77 14 93 58 88
29 27 29 47 49 50 88 60 17 52 4 64 10 97 84 93 42 5 54 79 48 56 99 67 15 38 87 12 46 51
32 61 49 72 3 40 85 46 67 86 38 81 9 20 35 17 99 94 91 65 66 64 1 90 6 52 4 73 8 37 84 22 100
35 89 69 29 32 16 75 97 58 45 18 41 49 90 23 74 70 62 98 73 42 61 86 19 20 83 50 56 93 27 37 22 12 82 36 39
22 35 66 47 57 79 6 75 73 87 46 1 45 8 81 88 38 20 43 15 82 41 100
23 71 78 52 5 24 28 35 2 80 89 99 53 47 100 20 44 48 64 72 95 23 88 32
22 44 31 32 62 13 50 99 54 1 47 42 33 21 6 69 17 23 83 90 79 18 100
41 68 70 33 1 95 64 16 30 74 88 59 53 8 23 27 49 47 97 18 4 83 3 65 39 81 75 12 78 57 14 28 92 25 71 58 61 46 38 35 82 2
30 22 51 33 91 53 39 49 6 90 8 69 59 63 47 42 66 38 52 57 27 87 13 35 3 36 65 12 2 99 10
40 12 20 48 34 23 4 41 66 57 76 82 3 45 98 62 90 11 30 44 84 64 8 74 21 52 13 73 95 83 70 75 29 87 37 61 63 24 69 14 94
39 54 42 35 18 26 87 32 78 63 39 88 16 53 46 1 96 4 8 23 95 7 29 81 67 75 14 33 43 24 19 100 61 21 86 9 27 10 58 77
24 48 28 9 3 82 8 43 66 95 78 22 4 29 5 13 7 57 83 81 79 30 80 15 26
48 34 39 62 29 4 83 72 79 74 38 61 10 28 70 23 52 30 16 75 78 64 20 44 17 54 100 69 66 76 88 46 24 63 99 71 51 94 67 84 48 93 97 82 49 41 9 89 8
39 58 62 90 7 44 68 77 60 41 70 11 10 65 92 50 38 51 87 17 31 55 18 36 86 14 97 4 40 32 52 34 88 94 71 69 80 12 46 78
27 74 27 13 46 97 32 91 19 50 81 48 72 61 38 94 49 68 30 21 76 96 17 6 24 88 23 79
24 49 35 5 28 16 10 99 38 57 39 26 27 96 73 90 79 1 29 34 37 88 76 25 23
22 39 100 22 74 33 43 23 86 50 55 89 71 88 77 57 92 96 28 72 56 81 38
36 98 64 67 30 91 90 50 87 38 72 95 33 51 24 6 29 22 39 59 48 94 17 8 61 84 20 68 96 89 100 16 40 14 15 37 60
24 21 79 17 53 78 36 62 96 67 38 2 87 40 70 49 27 9 84 77 7 18 42 85 93
39 65 81 13 33 85 2 41 80 45 72 35 73 30 42 51 23 36 61 44 26 8 97 4 38 19 29 10 40 75 59 14 6 60 52 32 95 18 99 54
29 87 81 98 96 48 51 36 94 74 32 83 61 73 25 9 85 43 21 35 38 28 4 55 99 62 93 70 80 97
42 24 97 56 1 54 52 33 75 66 47 68 57 84 3 98 82 69 63 83 76 51 18 5 42 92 38 85 79 93 59 20 61 45 40 15 23 89 49 41 99 7 100
27 99 63 54 74 70 20 71 90 53 7 15 79 49 52 45 43 62 1 17 12 21 3 61 34 76 13 97
26 89 51 87 40 61 71 2 91 78 80 96 30 8 59 77 67 35 63 17 38 34 44 4 28 1 70
30 53 73 36 66 67 7 26 9 80 69 83 14 92 20 97 84 71 64 29 63 27 47 38 5 32 99 94 89 91 59
26 32 92 8 37 68 66 40 28 11 83 4 98 52 49 65 96 88 39 84 59 51 94 35 82 38 16
38 92 71 83 13 44 69 84 28 48 21 86 66 36 30 89 34 64 27 63 1 74 60 93 42 90 52 2 78 49 20 87 99 88 14 73 5 6 50
34 11 41 8 56 92 87 72 23 33 54 53 20 52 19 82 43 63 21 49 90 15 69 93 29 60 55 28 68 74 6 4 17 78 46
26 62 22 68 14 58 11 73 90 9 37 23 40 89 41 94 66 10 56 36 92 21 13 88 96 82 81
38 58 74 89 51 36 57 23 37 5 65 24 7 69 85 90 25 6 82 40 21 48 61 22 94 12 87 11 97 10 13 86 32 55 44 71 46 78 3
49 60 20 76 96 13 2 67 86 16 21 43 95 64 92 70 73 19 17 82 81 1 45 68 71 57 35 46 75 47 39 7 8 6 4 23 12 74 15 55 85 44 59 10 90 91 62 49 32 78
33 99 100 66 7 78 86 53 82 9 31 54 90 98 96 45 72 2 67 88 49 87 18 71 83 79 81 56 5 21 28 24 93 85
36 49 12 74 61 16 84 90 92 13 97 6 94 96 4 69 9 55 30 8 70 93 89 82 25 24 86 79 46 34 36 1 76 18 22 87 45
49 76 62 27 71 94 65 79 58 34 14 6 46 18 69 93 97 20 73 42 86 7 13 51 72 56 30 2 96 21 67 43 12 26 16 89 50 24 22 25 19 74 38 54 15 78 36 4 68 81
32 48 17 4 83 67 21 55 90 5 78 46 26 51 92 76 3 30 25 63 56 49 73 19 93 84 6 77 27 81 40 94 98
26 78 54 97 45 5 72 82 28 15 98 21 57 85 96 62 99 64 88 29 2 11 94 30 10 20 39
43 61 23 2 26 44 40 95 31 1 49 75 58 51 46 12 74 80 78 6 84 67 3 9 41 53 55 13 27 32 24 28 83 47 39 7 15 72 59 86 64 33 92 87
27 16 90 55 44 94 68 20 62 41 59 19 34 89 60 100 40 10 8 64 69 22 81 80 86 66 67 77
47 80 58 24 63 59 47 37 28 92 44 29 2 17 87 45 11 26 27 23 71 10 95 9 3 85 88 76 34 15 94 18 43 25 70 84 78 8 16 57 73 61 98 66 99 67 22 51
41 32 62 33 51 54 66 89 27 3 95 65 26 35 22 19 70 74 39 20 58 78 24 85 77 44 12 30 50 23 96 13 42 61 55 18 64 4 84 87 94 80
37 89 91 58 49 62 75 50 26 72 3 54 77 66 95 17 22 64 78 23 25 39 28 59 96 46 31 2 63 52 41 33 6 44 7 80 94 69
33 42 1 13 85 61 31 35 29 56 79 46 47 21 63 75 67 17 68 4 72 96 98 27 80 60 2 82 95 70 18 19 90 59
43 37 49 12 68 51 44 74 83 77 18 16 45 94 53 30 6 33 66 84 5 59 31 64 88 41 87 40 7 9 27 24 82 34 89 71 28 58 56 75 48 78 76 50
26 35 67 41 49 8 100 53 1 71 89 23 50 79 66 31 60 34 55 84 99 80 19 47 2 54 11
32 77 41 10 22 43 49 21 32 63 58 71 87 89 17 60 95 29 82 8 7 1 15 55 2 80 59 45 65 39 16 51 86
28 59 87 17 94 4 3 45 48 34 49 54 51 52 93 78 43 82 39 89 37 75 74 19 63 2 12 21 11
36 12 70 22 7 23 27 39 30 64 3 80 13 48 33 5 60 62 36 81 92 1 47 75 15 61 78 67 34 19 37 54 43 24 74 52 35
35 84 72 12 46 53 79 77 30 87 5 42 7 2 76 6 27 41 28 68 98 3 4 21 48 40 47 74 1 34 71 83 11 54 10 36
28 55 85 48 23 93 99 10 91 84 20 86 60 6 58 5 83 13 40 43 21 65 92 3 70 73 17 69 96
33 32 8 76 91 82 16 83 94 78 92 60 86 59 62 19 77 74 98 2 84 43 4 23 25 87 33 81 13 41 3 70 52 35
30 40 54 37 99 66 85 32 90 56 76 97 82 59 6 42 9 13 88 2 23 93 51 47 50 20 62 95 78 89 69
30 99 91 88 23 77 67 13 9 55 22 2 46 47 56 21 39 87 52 15 50 7 93 64 3 94 83 80 29 43 6
23 33 64 48 79 14 74 75 97 32 86 60 87 25 89 47 59 69 57 39 26 58 43 68
23 23 47 86 27 21 4 24 9 67 100 57 58 13 80 66 12 48 68 41 75 8 3 84
29 49 80 4 88 86 6 69 62 97 31 98 91 54 38 94 37 72 59 66 35 85 48 51 77 16 24 22 43 100
36 55 23 10 43 81 53 96 12 71 30 66 72 29 32 58 92 63 56 38 59 14 8 3 39 33 16 94 57 93 46 2 37 98 17 75 35
50 32 14 69 52 98 56 86 31 67 10 97 79 80 77 70 73 78 55 93 13 35 33 7 54 50 61 49 9 37 87 24 30 48 64 76 62 19 4 82 59 20 34 85 63 41 8 45 68 47 5
40 32 83 43 35 47 24 1 68 63 57 19 88 15 4 89 21 80 28 52 66 20 18 100 10 95 72 53 91 92 42 48 84 5 61 60 87 31 34 8 79
28 97 25 44 5 7 11 4 59 36 71 53 46 66 34 32 23 12 94 33 9 63 84 10 90 41 55 15 92
50 58 75 93 76 52 72 12 60 97 19 43 79 10 98 31 7 1 46 88 33 29 51 65 11 2 36 39 73 84 55 64 21 4 71 3 82 34 22 83 30 28 49 53 94 47 44 67 37 50 96
33 74 4 75 51 31 48 88 1 2 64 61 71 33 43 7 10 26 70 59 16 37 54 42 58 34 89 9 49 86 28 15 18 38
34 36 14 31 27 77 28 38 3 87 26 25 98 53 35 57 23 83 47 76 72 93 1 12 59 96 55 67 92 86 5 6 45 49 29
27 89 94 43 13 36 45 81 3 23 4 10 92 79 21 87 67 90 5 76 26 34 86 72 39 38 61 82
48 97 22 82 44 16 48 70 6 62 83 91 24 39 94 32 12 47 33 87 98 53 59 68 57 66 43 37 30 13 9 19 74 92 11 40 58 49 1 79 73 52 72 81 7 51 36 90 89
43 54 40 36 28 34 95 47 50 29 18 97 32 84 55 72 1 64 43 77 80 94 38 10 93 23 86 33 15 24 78 57 46 81 9 92 19 8 61 67 6 66 26 45
34 38 37 87 93 30 8 99 29 92 98 72 25 27 21 15 35 85 97 11 60 9 34 53 41 91 57 58 88 44 19 47 43 71 84
27 21 26 17 31 92 40 75 43 58 93 10 4 76 2 48 15 8 3 90 38 87 18 73 67 96 100 19
44 93 10 58 19 25 51 50 46 27 57 11 71 33 42 34 6 91 4 100 85 7 64 47 23 95 66 98 72 68 89 76 5 12 8 15 29 37 17 24 13 82 99 1 54
46 69 88 52 64 77 29 23 13 22 83 63 8 70 46 87 85 27 10 12 36 4 49 73 43 24 96 90 21 59 97 94 31 17 54 2 20 30 40 99 5 81 39 86 45 91 84
35 66 76 86 55 79 7 25 9 87 39 38 14 50 45 58 46 47 70 43 19 17 18 93 65 68 99 26 16 4 83 82 57 63 30 42
24 7 54 99 23 90 57 16 12 14 13 98 11 86 9 8 66 84 89 80 73 37 40 76 50
36 13 78 45 6 83 52 98 33 42 7 77 60 3 35 59 39 15 81 57 61 29 71 73 9 47 55 67 5 48 88 21 22 44 8 27 94
35 54 27 25 55 74 8 81 20 78 50 13 60 56 30 47 4 87 100 96 45 14 19 48 17 28 33 6 90 97 44 59 40 62 3 12
34 1 17 39 10 8 89 57 52 62 97 95 88 48 99 73 85 59 7 20 83 4 66 12 31 9 22 81 86 96 87 43 78 42 27
32 46 70 85 92 34 37 31 33 94 14 16 68 8 59 15 93 1 27 44 67 56 54 52 12 35 21 5 82 9 51 4 87
26 74 79 63 61 49 28 70 92 42 3 19 26 53 51 1 83 10 56 32 25 22 30 46 38 14 78
28 6 9 28 65 21 16 78 50 31 58 26 77 93 95 25 11 83 67 86 97 53 94 54 29 47 60 7 70
49 100 83 82 75 84 61 38 33 74 90 53 46 19 2 31 73 67 10 43 97 51 80 86 5 96 78 63 7 52 1 13 77 36 94 47 41 91 23 4 95 9 65 45 57 20 92 87 71 3
30 88 23 95 94 64 47 78 14 84 40 99 44 61 16 15 48 5 74 12 100 28 51 68 85 11 53 4 10 91 45
35 78 86 53 34 18 2 85 24 6 92 74 72 16 35 31 44 23 60 38 26 51 64 81 99 47 49 87 58 96 91 20 11 22 12 73
26 25 49 30 44 70 59 68 87 24 73 48 12 75 63 33 32 72 50 54 45 85 8 52 5 78 56
22 49 2 70 87 90 77 86 33 54 19 22 28 11 100 47 93 35 68 26 72 8 99
29 56 35 77 9 91 31 97 50 90 15 63 64 76 75 41 1 69 96 83 72 7 59 93 58 45 60 25 12 40
40 60 77 95 75 52 72 96 99 90 25 58 57 66 31 19 37 50 2 67 80 39 7 55 76 24 29 40 89 88 81 84 87 30 23 6 26 11 10 8 46
42 34 80 94 86 87 58 11 89 90 91 8 69 93 95 84 42 3 51 25 59 4 5 77 36 15 22 66 61 28 70 12 41 53 76 81 82 33 35 39 55 43 19
46 76 20 75 55 4 62 86 44 19 95 18 11 59 46 71 3 31 63 12 99 25 79 36 32 77 27 98 28 58 90 52 70 87 73 24 16 66 21 38 81 43 74 33 67 54 5
27 99 78 55 94 62 57 85 15 38 77 36 92 3 46 80 42 72 96 74 60 90 82 48 45 49 63 24
26 50 13 56 64 45 92 41 69 39 96 82 35 80 88 94 15 6 47 5 87 7 11 48 81 2 85
34 76 98 60 23 29 91 50 32 10 47 94 35 53 14 86 74 56 61 8 11 1 54 4 45 25 31 87 78 63 81 40 17 55 90
43 59 90 11 63 24 73 83 20 86 68 69 94 56 33 2 45 76 4 99 30 23 96 28 80 95 92 57 65 47 91 37 52 70 17 48 100 31 35 12 79 13 27 89
42 46 78 71 61 63 11 20 18 41 24 37 2 85 82 26 47 88 54 53 25 92 29 35 23 36 60 39 79 81 90 70 48 49 52 96 3 56 99 65 22 80 86
40 41 43 82 76 86 11 23 38 12 37 34 44 58 30 19 24 79 22 4 18 40 95 94 39 60 35 51 15 3 68 32 100 67 9 7 14 89 52 65 75
33 66 44 1 3 81 5 35 61 83 60 90 30 46 50 38 75 62 47 34 9 71 86 57 21 55 70 24 11 89 19 29 45 4
29 6 48 70 8 10 14 73 35 44 31 59 28 21 3 42 64 72 90 33 93 68 2 4 43 91 75 58 79 46
42 62 77 80 19 90 54 36 39 55 88 63 58 59 1 21 14 50 49 28 73 6 8 85 51 56 99 66 24 47 46 32 40 35 96 53 5 16 67 57 79 43 37
32 48 21 19 22 6 44 30 59 39 3 85 32 49 77 53 51 29 96 43 82 63 14 5 81 47 1 23 56 10 92 33 69
38 22 48 57 62 67 76 16 88 64 75 97 53 96 45 41 12 34 98 85 38 21 59 86 2 8 9 68 71 20 54 13 79 10 82 6 89 70 23
44 6 21 59 69 1 16 46 47 78 36 18 14 17 80 15 34 7 81 92 72 3 98 68 100 86 85 23 77 19 75 38 94 57 97 35 10 24 65 49 76 58 45 12 8
35 12 31 93 34 7 94 66 1 22 67 4 61 54 29 2 18 75 71 17 53 97 58 46 92 90 84 76 14 42 63 45 48 85 59 25
22 100 89 2 70 14 9 19 32 40 66 59 43 93 48 60 12 16 45 15 44 90 69
47 58 77 64 34 67 79 49 89 10 36 22 54 2 12 51 81 59 87 56 60 45 28 42 4 68 41 27 80 84 72 63 31 48 74 88 82 33 75 30 18 71 50 85 44 52 1 9
23 26 72 50 18 25 59 79 87 42 96 2 4 20 27 64 76 73 97 8 3 78 10 86
29 94 99 39 14 65 6 16 86 96 22 28 32 47 84 60 77 85 20 42 64 52 45 55 46 12 10 3 62 100
50 44 36 37 32 76 80 17 73 74 5 26 87 15 21 16 100 67 31 14 60 61 53 89 95 25 58 18 40 75 47 68 48 70 78 7 66 98 62 2 52 46 33 91 79 1 3 85 41 28 77
24 36 82 94 8 23 64 16 77 14 30 98 67 73 71 69 41 32 21 40 66 90 85 31 39
48 37 80 98 4 69 79 88 52 26 73 83 47 77 64 29 97 49 27 90 41 95 34 45 61 15 62 18 99 24 39 68 57 76 96 3 2 72 70 14 9 85 8 63 71 31 16 17 50
22 63 23 96 8 13 64 60 77 97 43 76 52 41 25 54 65 88 3 86 18 99 58
31 40 99 80 93 64 31 63 5 90 16 49 43 45 46 73 42 61 54 35 9 85 84 100 59 98 53 52 1 39 8 74
33 68 80 4 22 16 6 18 88 52 11 65 24 20 81 25 77 60 1 43 53 83 71 12 72 36 91 8 57 92 44 50 85 58
30 32 35 21 19 11 22 51 16 33 63 47 38 25 85 46 1 68 97 66 52 98 94 87 95 92 12 23 49 74 71
31 18 74 79 87 96 98 45 78 49 44 73 95 69 51 66 41 32 65 57 86 25 63 5 80 93 43 83 62 88 39 81
27 84 26 82 46 96 6 97 40 50 32 58 42 39 47 25 41 4 31 23 80 77 69 45 36 2 78 57
23 55 92 10 7 64 86 2 40 90 50 12 67 49 37 22 69 35 32 82 77 79 48 84
29 30 82 64 71 29 99 61 23 15 90 91 10 85 17 32 33 78 86 7 19 89 88 93 41 63 100 35 77 53
49 96 31 9 65 45 48 20 61 93 86 42 83 89 55 26 17 15 28 66 22 7 27 3 44 92 88 62 40 59 99 11 76 30 6 79 91 87 5 67 58 78 75 56 51 72 64 35 53 12
25 77 93 63 26 94 23 48 72 62 24 96 79 51 78 7 37 50 69 3 59 41 20 85 6 17
24 46 58 98 9 88 22 82 34 66 10 8 77 29 61 68 57 30 55 80 83 6 69 4 2
40 10 59 88 81 45 14 8 13 5 22 96 67 92 12 34 57 9 16 48 86 19 100 84 11 80 72 73 60 85 91 89 58 35 6 2 53 99 75 65 30
26 34 10 55 61 78 6 59 9 98 33 7 90 80 29 20 48 39 38 16 17 71 28 57 89 97 81
27 6 86 18 84 94 25 35 32 27 60 3 59 9 16 69 26 67 47 68 56 44 63 14 41 70 52 100
36 58 79 40 34 37 87 2 46 65 32 95 56 74 66 8 54 86 20 36 5 94 60 61 25 3 42 28 64 31 88 85 50 39 18 4 10
38 100 22 56 19 47 16 50 67 42 65 87 4 51 30 69 98 74 95 34 66 20 43 52 2 70 97 6 13 92 38 15 71 96 80 25 86 27 84
35 93 28 21 59 26 15 71 90 20 76 4 70 81 41 98 11 43 61 27 99 85 40 25 77 17 58 3 47 66 35 72 65 68 38 10
24 2 83 64 30 17 67 61 33 42 7 71 6 56 97 1 48 90 95 86 72 66 63 9 59
47 7 83 90 76 67 55 73 85 69 71 9 28 27 33 82 84 11 10 87 54 4 37 12 31 74 5 46 19 44 29 8 25 50 13 30 52 98 6 48 22 38 64 17 26 3 86 91
26 84 75 29 80 62 55 9 81 96 70 60 35 63 32 2 71 83 10 58 46 87 93 8 22 14 98
42 62 83 97 33 80 50 85 98 46 10 35 52 72 81 93 96 78 43 25 42 67 31 26 100 22 84 19 70 15 64 86 49 32 68 24 65 40 18 60 94 39 9
36 36 28 76 87 12 96 11 67 78 58 33 53 43 37 25 38 69 88 47 85 35 4 13 71 40 84 70 99 79 90 91 42 93 77 32 46
35 92 13 75 44 3 65 91 20 71 1 27 63 6 19 33 36 97 4 9 41 29 90 93 43 76 57 52 23 7 58 82 10 39 70 78
32 94 87 57 67 37 25 19 60 69 83 53 70 76 63 17 54 33 43 65 26 96 66 78 22 88 55 35 41 73 5 46 42
32 48 22 20 26 63 80 40 19 66 79 12 38 7 56 46 81 82 1 16 70 37 59 14 27 51 94 17 5 28 83 47 36
50 19 52 36 93 28 85 44 97 74 17 4 1 25 9 30 16 45 67 32 35 18 48 42 78 31 64 59 47 99 89 94 90 13 15 95 2 60 55 6 58 14 33 57 61 10 8 77 56 21 84
28 28 41 17 96 40 37 85 55 35 74 68 46 72 99 88 86 18 22 81 59 20 49 75 56 52 50 54 4
47 70 9 19 76 42 87 37 52 98 30 55 64 94 22 48 26 10 46 61 14 40 45 43 93 34 23 27 28 39 75 88 74 68 12 86 47 63 73 95 7 83 5 90 49 36 50 65
37 8 73 31 68 91 61 52 24 59 28 7 42 100 57 66 53 75 18 6 46 4 16 39 35 79 44 88 50 80 67 74 72 95 1 96 89 92
29 56 26 77 86 29 95 37 28 93 6 5 3 18 99 13 68 39 40 76 16 25 2 98 9 85 96 84 10 15
33 38 29 15 10 76 21 93 39 92 33 57 47 43 94 17 26 28 72 35 6 60 71 99 11 34 58 85 88 84 46 79 80 96
33 34 50 39 20 66 5 92 42 59 73 13 83 43 89 79 26 72 46 74 58 80 96 14 95 75 27 31 29 93 56 97 100 33
37 1 12 71 81 18 48 96 73 67 25 26 51 77 27 36 39 20 14 63 49 74 90 76 56 41 4 6 84 88 5 62 23 83 75 100 22 19
25 31 58 6 76 86 26 36 77 59 37 73 65 95 84 63 23 46 54 61 45 71 64 34 14 88
26 14 65 100 76 84 53 55 64 98 48 74 78 9 57 28 46 10 38 56 2 91 39 89 96 73 67
28 17 45 32 95 18 62 73 57 10 84 51 26 67 89 52 54 56 81 79 2 61 58 78 55 92 77 87 38
31 94 23 51 84 6 81 70 69 98 53 86 35 38 26 67 19 25 42 48 58 97 75 18 74 7 4 46 89 92 72 52
37 2 8 31 15 99 72 42 28 59 53 74 9 23 51 29 57 22 69 100 62 1 11 92 46 54 67 4 88 75 97 24 33 44 83 93 90 71
35 84 20 3 19 12 16 37 90 22 45 2 44 11 7 71 97 93 26 32 92 29 58 47 61 30 1 62 60 66 43 85 23 65 39 41
31 91 60 83 54 3 15 89 34 33 84 41 94 56 62 20 2 7 74 9 35 24 30 45 98 63 4 12 44 47 52 16
34 80 87 29 3 36 95 41 32 76 11 13 9 19 42 4 79 30 8 31 71 28 65 96 53 43 38 1 17 90 49 66 50 48 57
22 89 78 21 66 62 11 42 38 15 10 72 61 74 59 90 1 82 41 37 51 57 71
41 45 12 92 68 4 72 57 89 34 27 63 52 94 99 8 17 66 7 31 58 70 21 36 67 74 93 80 97 54 47 22 2 60 100 37 90 85 26 10 82 61
25 38 88 7 47 31 32 54 65 87 3 21 84 42 27 22 44 16 70 58 86 83 28 62 71 98
25 90 62 84 59 80 100 54 88 4 3 31 23 67 32 2 94 56 70 72 82 46 36 60 22 75
22 82 72 25 75 22 84 7 23 45 65 93 95 90 96 79 68 66 63 20 44 99 37
25 28 29 79 86 46 50 15 14 87 43 70 69 56 92 75 37 4 21 90 96 12 52 94 85 34
29 41 11 25 32 27 65 21 60 77 43 91 63 35 31 3 48 86 37 1 14 62 29 44 85 50 58 15 100 83
22 34 94 69 5 70 56 71 84 27 47 54 66 53 30 29 14 78 60 100 42 82 55
22 10 60 30 86 55 65 13 69 8 95 46 45 5 39 79 75 14 59 78 49 54 98
