200 100 3
5 98 48 35 72 76
5 37 5 36 65 48
7 74 94 32 44 7 51 89
16 95 31 42 6 1 5 17 40 38 99 49 94 14 28 58 16
5 1 7 86 44 61
7 8 32 58 95 17 97 82
15 74 42 73 35 64 72 92 23 79 80 32 61 1 6 38
18 82 2 3 9 4 43 92 36 76 8 93 71 77 90 16 97 81 59
8 70 99 86 21 30 100 1 56
10 68 91 70 86 46 57 4 55 83 53
6 11 67 71 96 3 44
6 85 90 65 94 38 63
5 26 10 88 37 96
5 57 58 7 86 85
5 93 90 53 8 11
7 62 63 79 11 80 54 89
10 84 50 56 38 29 67 4 59 20 2
8 93 16 57 80 40 14 98 68
12 14 69 85 96 47 3 44 35 73 8 59 38
8 56 15 49 21 9 41 60 19
8 87 57 40 85 71 36 97 38
6 33 47 69 26 51 12
5 83 37 81 24 13
10 79 27 18 86 96 47 22 90 62 52
13 21 54 84 12 36 28 62 61 63 33 1 17 95
8 52 22 25 82 12 89 53 6
5 66 40 69 79 32
20 72 13 100 16 22 82 21 52 38 95 69 79 51 46 28 90 39 98 96 80
6 3 86 50 89 8 53
9 79 80 87 89 6 62 30 17 71
6 24 84 33 53 4 54
13 38 59 81 37 75 90 7 4 91 15 36 1 24
12 56 84 23 93 64 82 50 42 87 15 44 77
8 95 78 5 100 68 4 56 63
12 82 74 39 63 53 60 38 30 28 85 6 33
6 49 5 94 23 75 15
10 63 65 42 14 94 23 17 34 61 91
8 48 22 95 39 71 68 13 76
7 58 10 28 83 59 98 88
6 14 74 2 67 80 98
9 18 56 49 73 87 44 53 51 85
7 85 31 58 15 10 78 33
6 77 12 18 91 55 71
9 42 44 5 85 55 89 91 59 9
5 77 23 31 57 97
6 21 60 42 22 23 85
13 28 89 69 97 37 91 30 34 96 46 53 2 11
5 61 36 88 52 15
15 83 54 56 4 13 34 9 31 16 61 2 12 96 26 39
6 45 30 100 55 41 11
6 83 11 35 21 52 2
33 53 74 23 22 28 75 56 26 39 46 31 4 24 1 89 70 17 34 30 99 20 7 96 94 62 76 86 57 72 91 6 11 64
5 37 38 53 88 20
26 89 70 41 60 63 48 42 71 31 30 27 96 83 97 72 54 9 24 78 69 84 13 11 86 66 81
8 10 46 68 37 74 51 64 59
5 55 17 91 52 7
12 69 11 10 13 15 1 29 27 34 94 39 31
17 8 19 94 88 13 92 44 96 40 67 76 73 95 51 14 3 33
6 58 25 86 74 71 34
22 50 2 55 13 92 84 67 81 11 66 38 34 41 46 25 12 69 33 17 96 76 27
16 87 5 99 13 34 3 40 91 78 9 33 90 19 84 60 65
5 69 79 64 32 19
6 89 13 62 6 81 26
9 5 9 6 4 59 39 55 90 32
6 37 74 77 10 73 64
5 40 53 68 3 64
8 13 32 50 44 87 45 37 54
6 46 3 10 95 17 36
6 39 91 77 51 75 56
11 74 14 9 35 53 49 37 48 2 87 30
7 13 68 82 64 89 45 15
8 55 43 15 28 85 16 99 58
15 86 73 14 7 18 12 48 38 24 81 11 60 30 37 40
6 52 71 63 7 18 16
10 58 30 74 57 98 15 100 36 71 47
7 90 1 86 41 96 11 75
6 53 22 14 40 39 5
5 86 87 15 44 79
5 39 37 60 81 57
6 33 28 1 64 82 51
5 54 81 39 48 82
14 83 65 20 90 21 5 18 11 13 61 6 50 80 55
7 73 70 35 17 15 93 97
8 44 37 82 34 58 6 96 61
12 16 26 8 61 98 52 86 93 55 5 63 40
9 39 45 90 44 5 31 17 69 43
14 30 51 95 1 48 28 13 71 47 69 18 60 65 62
9 23 26 75 4 76 3 94 25 47
6 65 36 68 95 41 44
11 40 43 7 11 68 29 98 92 23 3 74
18 25 90 62 28 12 69 30 44 71 16 26 61 50 34 57 65 31 1
8 70 25 31 76 91 95 48 19
8 88 11 98 43 8 14 77 1
8 91 29 71 70 92 53 10 94
5 93 86 91 64 33
22 51 99 45 41 89 84 17 3 8 9 54 11 7 59 55 73 18 24 70 60 50 14
5 48 4 51 82 60
5 71 58 89 95 80
5 11 77 100 50 17
20 72 79 3 9 15 62 40 54 47 42 63 39 81 34 7 8 55 43 30 60
8 56 97 14 51 2 35 43 15
7 31 5 14 76 77 89 9
15 73 39 27 53 24 37 89 66 67 83 86 55 48 17 32
20 58 13 76 16 4 41 50 26 35 39 14 43 69 32 17 5 99 74 51 21
9 72 85 58 30 31 35 77 4 41
6 59 85 70 79 87 74
11 83 37 71 19 42 24 98 16 81 93 66
5 33 60 87 20 92
7 99 84 57 60 9 70 59
6 37 87 25 98 76 20
23 82 13 19 66 26 2 51 44 20 29 37 10 64 52 100 36 83 11 95 32 84 41 47
12 90 76 19 42 66 62 87 3 35 98 26 39
9 87 39 91 59 71 34 17 28 61
15 97 47 75 27 74 20 19 86 5 33 91 52 42 29 94
9 21 56 96 77 45 41 22 43 98
9 43 42 22 53 50 67 94 46 86
11 78 32 95 23 71 90 61 94 18 41 70
9 35 39 44 30 94 25 83 21 43
18 33 9 80 15 59 11 13 87 82 27 17 72 1 45 46 90 56 71
14 53 58 42 70 39 59 97 6 27 5 44 37 34 72
17 57 36 24 1 34 72 76 51 41 91 87 50 97 13 53 68 16
8 44 39 97 19 38 23 80 16
6 76 57 100 77 70 13
15 61 84 17 11 43 63 85 67 58 75 54 53 56 44 20
14 95 98 29 38 72 18 16 79 89 39 96 85 100 28
5 46 13 45 18 14
7 45 55 29 23 6 48 76
24 7 93 100 14 30 51 60 56 74 47 90 44 29 17 57 16 46 97 18 1 82 19 5 3
9 11 71 82 60 15 74 68 99 19
7 68 23 90 89 74 16 66
5 4 7 80 31 54
15 59 60 78 41 100 8 17 85 99 30 28 98 89 18 12
30 7 76 81 58 98 24 78 15 66 67 26 46 59 9 17 41 13 10 69 25 38 79 85 63 80 48 97 37 8 99
8 78 75 12 43 87 92 13 28
5 21 77 64 74 62
10 1 78 2 75 9 88 23 29 52 58
11 15 62 14 84 89 4 22 72 24 49 40
6 19 62 88 61 42 79
5 44 90 24 93 2
11 46 76 61 51 60 8 2 34 18 93 52
12 7 19 61 37 54 43 1 20 83 5 6 73
5 7 34 9 87 49
5 47 45 10 26 62
7 22 86 43 42 77 52 23
5 73 80 58 77 37
5 15 61 8 69 5
5 95 31 57 36 55
19 97 42 35 34 83 51 82 74 98 85 46 48 29 28 3 32 11 40 60
24 26 48 14 3 46 87 36 90 89 24 66 99 81 56 86 44 18 12 65 33 7 32 2 1
7 31 93 60 6 97 82 11
10 81 66 92 16 45 94 34 10 85 42
6 8 14 64 7 19 48
27 28 32 30 68 2 61 79 56 4 38 46 25 31 40 36 59 6 92 98 89 50 47 49 65 39 45 70
6 97 17 64 4 98 51
16 53 16 65 42 100 61 47 82 51 97 12 38 23 72 17 35
10 66 91 86 17 62 96 64 92 97 89
7 2 10 71 90 79 1 38
9 26 54 35 12 10 18 60 87 91
5 68 100 8 56 93
7 76 63 2 14 9 31 21
20 85 23 5 94 95 74 22 25 71 77 1 56 45 72 26 11 86 36 87 2
9 26 78 45 18 30 77 36 71 33
11 4 32 24 1 14 42 18 6 74 44 8
19 33 64 20 38 50 41 30 60 18 93 35 23 49 95 40 19 79 58 68
7 17 66 46 70 40 13 49
8 6 48 10 40 75 59 11 43
23 80 10 98 79 19 11 8 66 86 75 37 59 5 22 61 6 97 53 26 95 45 88 47
13 39 23 52 63 33 61 97 62 1 15 55 46 100
5 70 83 37 59 57
18 50 7 70 66 87 59 53 40 64 57 8 29 2 3 51 12 16 74
11 7 67 30 60 43 87 79 99 45 95 82
14 56 85 80 72 26 96 97 77 92 16 6 60 70 76
7 96 34 43 55 18 7 90
8 18 83 64 37 25 20 29 98
10 27 77 26 81 93 74 12 67 57 84
6 77 30 8 33 10 49
10 2 27 25 59 60 54 28 91 92 51
6 65 17 62 31 63 50
13 85 90 27 74 76 97 5 30 78 34 57 21 41
13 21 63 42 7 61 39 41 26 73 44 29 27 8
13 91 45 33 63 7 100 16 4 87 66 41 99 68
5 56 76 86 49 58
25 60 9 3 44 55 40 90 64 14 48 81 36 23 52 4 100 71 78 22 68 8 76 43 77 92
6 87 28 99 16 88 100
6 97 2 16 38 20 88
11 88 60 36 14 82 25 68 90 19 57 87
10 56 60 40 44 79 3 8 27 13 24
12 24 82 83 34 62 29 77 18 68 75 9 99
7 49 18 77 87 58 72 36
8 50 68 87 81 53 59 47 83
7 41 95 66 12 97 24 60
14 58 78 39 44 92 53 33 74 15 77 27 95 87 96
5 52 66 98 76 7
5 7 13 43 45 82
8 39 84 91 27 3 33 66 17
5 53 69 81 44 29
5 77 67 55 30 76
7 2 56 4 9 50 26 51
6 72 59 74 43 42 63
8 10 34 57 16 32 86 48 58
