500 350 4
12 82 43 247 119 277 158 245 133 219 325 275 46
10 73 326 227 137 129 251 55 93 345 307
10 46 339 320 10 181 8 175 111 252 284
7 223 163 342 127 70 250 216
10 49 32 142 247 109 9 88 58 200 195
10 279 256 17 346 56 190 20 49 290 61
13 84 301 29 251 222 104 335 304 197 227 178 221 286
7 98 153 24 99 34 47 204
10 150 60 54 46 136 163 256 276 252 119
10 32 195 114 150 194 220 20 140 258 146
11 80 281 315 149 244 252 35 308 169 248 141
13 214 187 189 342 170 290 71 322 63 224 61 88 151
11 337 331 96 243 238 137 102 344 219 99 259
9 238 102 279 246 148 259 89 339 254
7 306 297 144 64 292 181 92
12 49 69 135 109 169 346 307 216 287 231 95 28
8 92 339 162 48 342 27 196 44
9 301 164 329 140 66 283 265 37 151
13 82 214 21 143 29 196 28 51 20 58 48 37 165
10 82 328 12 194 16 31 201 199 308 141
9 205 306 228 283 316 289 7 328 167
10 66 137 329 21 77 126 42 82 245 325
12 295 171 314 190 185 109 160 210 112 174 336 310
7 47 45 184 39 295 200 5
14 286 50 79 140 31 210 285 328 90 30 207 327 119 26
11 183 71 94 305 146 62 303 9 165 128 73
9 40 49 275 310 43 219 204 272 97
7 306 211 344 168 274 46 202
9 148 174 115 201 163 236 281 133 252
7 282 338 53 144 40 136 34
10 151 252 130 119 41 159 271 273 343 54
10 193 139 137 242 91 104 163 19 189 221
8 84 39 286 205 294 236 265 73
11 58 25 177 70 169 66 280 136 13 39 203
11 103 51 88 115 143 199 315 73 118 339 7
10 124 212 95 213 80 245 135 38 331 105
12 38 178 87 228 341 43 44 14 162 33 266 95
10 106 149 193 225 54 260 57 135 224 281
11 66 347 167 142 259 302 180 185 45 103 96
12 169 273 285 80 57 77 28 134 40 320 304 278
10 59 61 118 9 263 155 329 32 238 79
12 157 341 161 172 279 297 101 51 112 350 300 78
6 67 87 8 57 22 245
10 105 347 191 127 27 129 207 153 335 286
12 247 83 166 130 177 318 265 157 342 183 155 222
10 243 283 253 104 118 331 230 259 248 121
6 76 343 68 22 293 281
10 65 231 152 165 306 110 122 115 52 54
9 187 182 56 53 1 247 231 283 111
8 29 313 288 280 91 337 117 239
10 57 91 157 171 270 241 271 116 55 224
10 323 13 251 275 121 189 56 273 154 39
10 164 219 64 287 304 267 51 115 66 84
10 114 15 235 27 110 244 8 279 265 145
8 184 106 336 28 105 108 306 45
8 315 135 338 18 94 335 254 214
9 313 266 4 309 261 233 199 58 173
8 342 284 98 112 205 207 306 217
7 256 322 78 262 178 100 111
10 189 153 338 310 77 187 288 216 305 242
11 270 86 263 179 123 25 54 9 60 308 43
14 19 147 48 9 299 32 13 64 199 287 250 137 196 127
10 127 161 302 204 196 323 58 50 316 64
10 55 66 118 46 150 137 185 263 56 187
8 221 236 90 106 276 149 30 279
8 88 44 192 244 149 106 272 99
11 296 240 182 194 108 184 228 145 154 229 256
13 329 92 249 343 35 272 117 24 94 189 285 345 208
9 258 53 189 62 239 98 279 4 78
7 238 175 240 334 130 345 308
8 56 254 345 245 328 299 60 31
7 264 47 104 11 143 184 137
9 313 264 165 254 42 29 148 347 62
7 18 294 188 85 186 257 219
14 192 150 306 158 19 214 199 236 223 197 311 186 296 112
13 22 264 147 181 24 169 248 249 210 35 120 170 10
10 179 200 168 21 343 316 154 319 147 267
8 202 5 182 241 63 272 40 75
12 58 303 206 344 282 259 171 16 128 117 144 216
11 266 162 216 188 237 206 133 174 76 305 93
10 90 80 55 314 7 189 283 60 61 40
8 205 96 308 93 251 305 162 84
10 283 38 176 303 197 161 213 237 276 333
10 155 26 79 340 14 170 314 139 225 10
6 134 233 248 232 76 92
9 5 109 265 296 178 284 234 171 175
12 129 176 332 34 175 155 59 226 184 154 120 55
10 100 320 235 150 78 47 55 134 243 279
7 284 138 264 193 41 340 184
13 146 330 241 47 49 293 350 266 93 1 301 43 314
10 166 182 208 134 52 195 128 45 37 94
11 273 169 296 147 235 313 2 251 4 218 257
11 70 255 7 101 301 174 184 168 340 135 220
14 195 26 112 3 315 138 83 349 162 342 230 23 53 1
12 268 299 101 21 4 72 234 44 38 252 185 78
8 191 310 211 243 82 290 225 237
11 326 205 109 253 324 280 115 242 220 157 98
11 70 52 194 82 4 130 185 60 25 115 9
8 75 342 277 278 11 211 226 87
9 251 192 79 62 127 13 48 185 50
8 169 327 78 186 253 15 208 31
8 14 164 284 152 127 189 174 328
13 99 183 22 145 317 9 320 113 137 259 96 144 11
10 218 183 208 188 228 182 203 170 340 223
8 259 106 149 298 11 83 107 187
6 302 226 203 38 238 102
9 329 209 145 44 221 300 54 57 27
7 319 102 105 328 281 26 292
8 17 131 226 169 109 89 14 63
10 7 65 302 115 89 223 315 262 170 123
9 254 42 182 240 268 184 124 97 288
11 220 280 344 20 188 5 156 205 315 179 264
12 198 208 166 64 296 69 299 87 3 114 25 36
10 83 204 160 29 202 16 145 267 200 30
12 21 110 140 290 167 113 303 336 268 269 166 42
12 280 33 170 339 232 211 287 24 151 89 13 344
11 232 208 307 277 46 270 289 128 281 8 105
8 317 147 122 244 26 195 223 15
11 162 319 287 341 28 226 297 63 246 172 213
7 283 206 340 25 96 156 238
9 307 133 166 287 6 5 144 2 101
11 178 184 179 42 302 176 65 55 116 147 131
12 100 230 15 7 34 77 101 217 178 114 266 155
12 302 343 177 6 93 51 130 322 187 35 344 4
7 4 167 330 9 12 105 148
9 273 149 304 257 196 218 6 198 63
9 45 131 13 71 41 192 198 326 54
10 169 65 252 222 278 88 158 56 42 53
9 3 6 76 164 233 266 287 44 57
8 120 185 330 212 300 323 100 266
11 324 279 137 296 343 249 178 243 119 319 187
13 293 167 65 225 342 303 127 170 343 36 273 87 148
9 62 245 309 270 4 334 162 75 264
12 283 218 267 19 2 345 211 66 29 124 235 189
12 219 69 197 325 132 117 208 9 98 156 313 304
7 268 199 233 344 89 310 113
10 251 68 132 53 127 258 244 332 182 245
12 73 34 148 317 316 188 229 334 338 345 304 240
10 62 271 219 96 25 314 65 276 280 340
11 197 184 222 134 183 280 308 150 264 331 245
12 259 175 244 144 314 216 301 183 349 289 255 206
11 98 341 285 10 320 332 179 318 2 111 239
12 212 261 229 233 328 109 180 164 95 220 343 279
9 111 184 250 191 285 349 322 219 296
11 207 322 330 93 52 224 249 325 285 108 129
14 295 41 121 302 148 279 319 215 327 293 206 21 91 88
12 90 137 323 238 210 189 278 111 12 62 82 263
9 102 124 235 63 234 254 135 243 262
8 96 12 256 1 347 320 282 116
9 186 206 217 307 2 22 259 71 254
10 78 314 236 25 315 209 334 221 11 55
8 205 297 126 68 23 325 234 207
9 61 222 209 25 36 24 57 139 235
12 105 275 99 42 135 41 142 299 211 157 71 132
11 87 213 16 14 327 5 93 246 103 307 310
8 222 282 293 25 119 114 17 102
9 287 292 315 71 10 184 55 83 190
9 276 113 170 348 101 327 89 5 10
7 34 111 120 16 273 11 295
9 209 74 280 224 196 292 177 143 84
10 301 267 268 107 249 99 56 224 8 253
9 299 284 302 245 145 285 190 167 1
11 129 165 65 327 283 345 71 297 89 154 191
11 83 129 222 53 217 207 224 189 42 45 182
9 306 147 238 173 101 15 256 96 273
8 347 345 116 2 344 244 223 214
11 75 76 176 273 71 33 167 147 222 87 93
12 101 83 245 206 12 216 28 204 56 15 328 202
8 35 178 273 46 196 208 322 274
11 279 155 339 50 187 92 283 156 276 160 174
13 214 167 43 175 159 218 99 293 13 129 337 139 104
13 133 30 48 245 340 204 64 181 90 196 251 122 55
8 51 318 244 6 99 127 328 210
11 192 15 320 214 106 186 25 125 216 100 193
10 183 159 27 204 161 137 118 108 339 63
12 282 178 22 9 122 10 327 334 288 281 57 238
10 35 268 223 338 138 247 281 232 257 61
9 292 320 35 311 329 143 113 273 68
12 81 163 120 114 346 152 4 142 158 250 325 65
7 122 59 193 61 244 68 189
11 142 18 80 179 348 182 292 108 23 94 211
10 11 280 109 327 297 156 309 38 4 215
8 75 168 330 68 136 188 218 350
8 333 2 246 286 94 183 210 293
10 173 5 71 259 191 103 37 286 14 339
11 151 57 88 262 290 2 202 139 346 38 243
9 135 340 168 38 174 89 230 9 278
6 1 292 168 344 93 339
12 69 163 312 339 156 36 297 50 202 182 338 201
10 104 35 225 228 218 143 305 29 39 217
8 177 286 103 278 125 183 315 5
13 223 348 136 268 265 319 70 43 199 196 191 346 221
11 230 168 146 206 124 27 136 46 123 308 278
12 282 278 94 348 168 350 200 164 313 266 78 283
6 207 193 107 26 21 2
6 300 112 40 77 162 153
11 37 99 88 123 97 149 175 288 200 307 299
12 65 123 195 301 67 150 54 246 192 169 293 340
8 243 75 200 349 129 296 270 94
11 46 135 306 7 244 112 320 130 335 309 227
12 149 122 163 25 208 334 97 10 75 83 171 246
11 281 237 57 222 153 266 26 167 236 177 67
8 311 319 183 224 18 175 313 341
9 94 2 107 218 114 234 245 20 306
9 281 273 176 34 139 328 118 272 146
9 314 25 117 302 98 215 58 78 86
13 75 21 41 175 345 214 165 230 12 266 142 288 107
11 68 295 66 44 185 318 194 192 248 221 157
7 105 165 315 48 41 100 332
9 56 332 241 326 99 243 83 289 187
11 99 166 279 1 275 201 316 151 312 233 225
10 149 334 49 28 38 24 342 223 237 130
6 198 330 53 273 56 226
11 242 160 127 155 323 14 150 118 270 287 126
11 59 206 119 129 10 47 289 146 93 100 262
12 121 25 302 301 93 111 151 30 226 39 315 304
7 19 144 92 8 243 254 30
9 65 101 207 209 240 268 188 8 189
13 326 136 219 175 327 286 248 48 35 274 33 269 197
10 35 311 97 48 336 42 58 350 150 221
6 225 315 255 103 104 219
10 112 133 191 330 304 263 247 172 349 340
8 240 42 283 113 90 309 311 230
7 272 111 200 159 160 197 316
10 73 311 267 2 66 338 161 101 121 241
7 124 66 181 239 8 16 202
9 214 307 252 210 200 5 124 168 74
9 238 41 15 166 127 1 269 57 193
10 83 201 195 277 136 49 3 31 193 105
14 86 230 98 120 292 93 282 173 202 125 38 199 103 36
9 109 189 75 344 177 308 181 163 282
12 159 204 321 167 333 154 11 183 306 64 229 299
9 237 112 144 8 172 143 125 235 323
11 4 136 44 29 108 53 43 170 231 303 268
11 102 139 279 220 52 341 171 97 187 248 334
14 40 297 268 179 302 15 150 92 180 171 209 133 166 41
10 193 92 220 209 144 285 12 251 27 35
9 36 40 302 137 259 250 288 143 193
11 268 277 140 122 176 147 346 46 29 56 51
9 298 65 336 200 150 232 295 76 289
12 193 92 327 317 127 98 198 130 126 273 269 211
9 157 116 323 81 19 115 155 107 273
11 262 193 18 229 250 232 222 143 73 46 145
9 76 81 112 182 175 88 131 311 2
12 220 36 325 151 299 73 13 119 48 166 322 225
9 64 202 172 200 184 273 114 42 222
7 186 9 46 254 41 123 50
12 294 321 179 202 82 90 314 344 262 283 206 288
10 133 65 44 40 77 164 336 257 331 179
13 197 173 250 108 276 114 1 134 49 117 67 254 179
9 224 305 266 242 307 256 265 223 313
9 284 154 17 159 238 121 145 292 217
11 326 105 130 104 316 194 60 180 305 291 63
8 67 173 154 65 240 235 159 327
9 335 174 247 38 197 279 286 125 224
14 256 178 48 172 171 96 176 1 348 231 279 81 234 280
6 71 136 113 180 94 303
10 296 211 29 222 145 176 255 244 328 11
10 121 78 28 305 45 92 117 146 242 11
8 53 217 163 142 264 247 201 150
10 15 229 132 119 129 321 214 171 39 238
9 289 81 17 228 274 283 116 226 34
10 5 299 45 93 137 329 295 235 145 8
13 86 195 118 52 308 264 211 280 164 250 295 189 160
11 158 298 141 145 232 125 127 219 122 49 110
9 70 41 337 270 143 4 340 309 179
9 262 331 346 123 51 125 17 113 93
10 161 283 6 199 232 344 154 275 94 89
13 117 298 237 55 82 257 301 7 238 59 120 201 140
9 210 24 236 182 151 51 285 78 122
9 151 37 145 119 205 301 219 76 164
9 153 148 309 200 62 117 23 296 216
12 344 146 3 151 115 222 154 87 15 329 295 346
11 72 175 46 98 198 280 295 107 34 50 51
12 49 155 83 322 147 76 188 303 203 190 52 229
11 14 171 98 177 191 73 234 85 249 342 310
10 254 47 68 315 159 56 238 48 187 192
9 128 29 173 142 172 186 348 208 288
10 74 144 165 316 32 92 123 75 48 104
7 321 82 334 347 158 58 81
8 300 49 135 4 223 17 51 8
10 56 181 275 347 8 346 151 58 321 227
11 306 223 287 300 188 272 330 185 122 263 127
8 320 187 39 255 330 180 182 89
9 44 28 124 61 7 291 133 270 65
10 183 239 68 232 152 92 70 328 39 179
9 63 269 86 149 21 235 2 40 251
9 277 236 211 274 40 342 263 254 91
11 239 121 286 252 32 202 227 127 107 328 221
9 84 296 100 218 152 116 280 101 45
10 333 32 44 289 124 41 82 283 145 209
10 140 166 17 14 233 207 193 86 203 142
12 123 201 294 144 93 162 9 234 301 3 25 140
10 101 278 45 213 100 149 323 339 247 99
11 28 320 82 269 44 298 18 160 134 307 322
8 155 204 150 110 215 241 122 327
8 254 319 288 37 283 253 263 256
9 239 15 101 25 51 17 323 85 80
11 159 6 141 273 222 12 179 71 290 249 125
8 210 264 130 283 217 250 92 137
10 238 270 151 267 163 32 2 87 5 259
11 179 219 62 58 141 72 226 250 28 73 65
10 115 282 291 134 113 90 333 49 73 320
9 69 237 115 19 296 293 228 298 344
11 20 94 85 35 6 220 255 153 268 342 68
10 297 83 232 350 221 75 151 133 219 264
8 179 50 149 227 150 31 205 18
12 298 273 330 97 62 20 1 188 41 5 116 55
9 116 336 7 75 273 240 253 42 228
14 294 185 5 265 188 70 179 338 251 323 309 297 306 226
9 78 6 210 126 216 268 73 161 227
9 38 245 165 100 31 243 98 10 120
7 255 292 143 226 107 164 219
11 88 209 28 153 166 82 143 267 33 122 182
7 96 127 102 322 121 104 221
8 12 320 285 348 215 290 130 259
11 136 196 198 156 349 121 18 229 227 105 208
12 138 117 291 144 289 306 115 91 259 187 103 22
11 110 150 24 30 158 313 91 59 48 261 58
7 30 62 343 235 239 303 67
6 175 266 312 212 205 346
10 298 339 202 305 340 119 271 233 345 297
12 296 348 111 346 96 87 258 315 136 267 113 272
9 47 149 141 345 297 116 26 37 22
7 307 275 26 320 302 99 319
10 223 291 306 301 276 349 293 142 340 286
11 120 335 233 341 115 249 261 187 186 248 98
6 81 283 136 75 59 213
11 50 265 93 291 243 99 54 348 166 289 30
11 240 41 56 248 197 203 59 114 338 344 68
11 307 257 29 237 51 219 284 211 64 343 68
7 120 90 271 91 35 15 274
11 219 275 154 174 54 126 315 286 334 46 272
13 192 98 317 239 172 182 68 298 60 289 306 175 142
11 321 179 63 320 92 193 210 307 40 78 103
10 32 259 99 181 318 21 334 280 251 215
9 81 41 217 230 317 159 64 55 202
12 261 82 271 247 257 84 264 117 132 89 138 49
11 43 133 147 117 31 75 302 259 73 71 171
11 104 72 162 245 63 55 77 282 57 179 330
11 257 39 188 108 214 182 287 123 189 248 62
9 214 275 282 309 222 339 328 329 80
10 235 348 270 325 268 339 209 285 264 306
9 271 106 278 39 340 99 192 27 140
13 348 58 245 212 83 11 268 126 54 192 101 178 325
12 200 318 289 58 23 192 107 149 317 300 346 126
9 139 144 188 79 63 154 131 197 325
8 101 320 227 1 309 199 73 48
11 138 333 328 28 171 208 60 316 220 62 258
11 230 177 27 42 90 332 4 172 142 269 196
8 254 250 280 251 135 115 25 327
12 111 271 133 228 297 93 57 2 121 11 225 19
9 343 39 19 314 254 194 250 287 187
11 63 72 23 188 308 64 9 141 324 294 334
12 275 217 199 191 159 315 201 180 220 266 113 295
12 337 157 269 67 142 177 327 50 238 284 288 41
9 113 253 335 105 15 67 111 212 14
14 128 255 334 275 83 154 278 229 88 327 197 216 178 118
8 21 73 15 324 125 65 260 143
9 344 198 57 318 256 42 74 134 95
7 249 103 79 82 317 297 222
9 208 38 264 54 164 50 17 184 140
9 128 165 146 104 119 130 136 26 81
13 125 129 205 232 144 209 136 297 258 35 133 251 328
10 334 108 224 52 299 33 14 310 239 2
11 81 66 291 123 212 281 80 267 347 280 177
8 292 110 172 138 212 237 346 213
8 137 13 147 129 61 138 95 159
10 119 195 247 66 193 172 67 109 89 344
12 245 154 210 268 261 177 64 246 168 283 289 336
7 44 30 125 196 117 212 295
10 219 213 264 345 58 128 61 306 323 189
10 228 51 271 345 98 76 147 187 312 274
12 201 216 347 23 118 47 335 15 55 77 78 346
7 117 232 242 67 347 233 192
10 34 90 280 14 118 210 152 138 222 282
10 68 103 58 65 343 177 63 178 245 210
9 174 181 64 81 235 76 1 160 259
10 116 150 168 100 202 64 270 27 186 272
12 121 38 103 344 75 102 122 193 152 211 77 23
9 70 287 319 174 283 162 101 192 22
11 122 54 301 119 225 151 192 183 94 103 154
10 285 62 76 116 70 61 255 126 271 346
9 34 136 290 135 178 315 55 279 332
7 46 216 218 338 348 334 339
8 48 52 164 147 68 117 236 89
11 287 51 82 317 93 121 348 66 263 153 170
10 287 311 125 143 15 224 126 211 44 43
7 301 112 261 286 337 42 62
10 173 144 13 180 106 343 17 195 34 139
13 291 165 281 108 51 275 80 8 42 202 342 218 155
9 212 2 117 72 306 157 106 242 67
11 105 142 18 144 141 37 256 217 255 345 326
11 329 47 250 326 29 140 177 185 333 39 174
7 22 270 344 157 43 69 322
6 219 260 345 26 273 176
9 304 340 326 20 248 324 13 11 268
11 159 21 183 8 75 261 125 24 240 336 310
13 124 201 135 319 162 7 342 153 69 82 44 156 314
10 344 163 58 228 227 9 336 66 4 82
11 72 318 99 143 328 165 276 107 70 334 316
8 92 322 126 52 32 138 304 180
9 304 47 116 223 306 50 103 86 132
12 293 197 294 313 23 106 314 33 257 217 12 57
9 10 24 174 211 234 177 193 110 116
11 92 187 12 158 165 198 70 327 65 67 274
12 332 60 235 199 191 16 57 277 304 171 49 3
7 37 103 271 187 43 299 161
8 330 11 175 134 315 21 35 228
9 10 29 333 272 298 293 348 19 203
11 50 11 14 173 3 256 132 24 65 209 204
11 263 16 89 73 320 20 1 76 301 196 185
14 255 316 59 99 82 135 70 36 34 167 105 49 229 280
12 288 105 45 327 347 141 20 272 263 240 308 28
8 111 325 86 59 208 231 127 84
9 220 288 160 100 192 27 245 223 165
11 303 256 212 269 171 174 259 188 295 166 290
10 156 210 17 54 49 262 208 239 254 83
11 35 29 249 187 316 170 33 110 39 176 175
12 247 102 196 228 303 319 199 33 37 299 194 231
6 74 40 62 98 132 91
10 162 81 45 66 312 59 334 295 283 339
10 221 340 295 69 258 64 299 163 186 204
7 65 143 335 102 276 211 277
9 86 236 84 240 237 182 29 36 308
13 323 209 171 128 316 185 138 125 79 292 318 136 225
12 75 163 106 349 178 30 69 188 107 124 135 261
11 329 252 226 277 109 17 147 49 323 120 145
10 298 47 267 238 76 59 143 170 213 111
12 306 16 274 7 208 210 2 121 342 240 270 48
8 208 243 250 251 336 125 90 295
7 325 9 231 226 118 115 210
10 231 329 83 245 100 90 79 306 38 44
9 70 226 348 60 191 208 311 81 13
12 65 135 303 261 90 200 52 320 126 18 92 305
12 136 267 104 21 141 200 336 281 274 197 57 221
10 76 175 283 293 88 326 305 334 332 252
8 167 298 186 55 184 207 300 293
13 89 122 88 308 339 163 182 17 289 67 270 6 277
7 30 239 329 297 31 184 118
12 10 22 193 298 252 219 267 7 228 139 77 58
10 80 50 57 318 132 181 82 38 23 110
10 98 301 89 243 295 72 298 313 32 290
8 124 186 122 100 244 277 280 189
13 120 319 63 161 57 92 38 78 82 242 273 220 340
12 131 42 318 40 115 238 135 130 262 332 142 323
7 192 141 15 137 75 34 129
12 200 125 159 134 219 206 288 349 142 80 8 70
8 12 127 330 45 86 6 186 123
10 268 310 142 58 349 113 168 89 224 85
11 234 296 188 319 51 23 246 202 280 184 59
11 52 315 154 35 96 254 144 24 180 224 33
11 289 283 275 56 161 139 304 329 308 226 54
8 123 326 255 142 280 44 276 328
8 20 21 202 70 116 234 266 194
10 108 320 183 77 195 25 301 56 241 111
10 28 118 207 140 349 280 182 154 40 303
11 58 262 98 177 124 158 144 143 252 22 267
7 91 280 195 31 87 78 310
11 115 94 125 324 109 62 96 219 302 81 74
9 204 310 138 92 132 42 8 188 211
12 307 169 237 61 339 203 66 138 118 223 167 261
12 325 190 195 335 320 169 46 18 211 108 73 280
12 182 129 87 35 241 144 246 180 17 3 198 149
9 340 142 231 90 219 294 213 28 191
6 192 285 140 337 225 73
11 65 142 238 274 59 12 307 145 314 269 18
10 201 314 203 133 268 50 272 87 56 156
12 286 198 281 28 332 215 271 279 171 321 126 40
13 328 143 292 75 116 175 347 247 76 173 244 84 92
11 186 297 50 131 270 43 229 192 110 265 102
8 158 63 30 76 137 223 175 289
13 295 209 45 46 67 247 32 230 163 273 306 13 82
10 314 263 19 195 68 301 49 199 111 350
10 268 191 243 130 347 240 290 202 75 86
11 115 93 106 56 189 229 265 203 85 16 207
14 205 290 297 192 94 99 216 327 97 203 342 323 156 70
13 176 128 188 308 42 288 111 53 345 73 223 127 100
10 273 272 241 36 197 66 156 343 283 336
10 31 145 185 113 254 97 12 218 127 110
12 138 289 160 259 204 296 89 239 340 246 248 70
11 47 314 99 27 75 187 50 172 138 173 303
12 202 304 269 344 59 337 21 234 215 330 256 242
9 305 261 349 207 19 350 258 220 255
9 95 295 269 215 272 149 191 189 115
11 348 67 5 236 203 165 281 32 190 97 82
10 253 44 37 133 113 332 95 325 71 151
12 57 267 195 18 220 290 67 176 22 318 279 82
13 333 111 242 148 115 14 1 42 105 161 188 58 343
13 228 39 326 296 163 301 73 130 314 108 233 98 1
14 349 47 316 309 227 118 73 170 63 340 40 146 167 287
8 116 50 203 36 123 184 140 278
10 300 194 275 338 307 254 346 277 50 126
9 56 200 342 119 118 263 328 302 155
7 69 37 140 92 2 332 218
12 97 242 273 202 267 294 344 34 42 107 263 292
9 27 266 88 174 234 33 149 155 210
10 115 208 151 274 23 339 34 50 187 44
8 203 25 240 270 214 155 310 19
10 254 37 240 198 207 190 21 43 297 247
