1000 100 20
28 1 38 13 15 90 4 69 9 73 82 97 20 67 88 96 14 37 89 83 3 58 46 8 52 26 24 2 12
27 28 37 23 94 70 7 57 31 91 34 78 30 65 35 59 1 38 71 85 51 24 22 4 72 18 92 25
26 75 16 81 65 79 59 95 26 52 77 97 87 41 83 3 60 99 61 31 43 14 89 19 5 28 34
25 97 91 75 84 1 39 46 27 12 14 32 13 18 49 60 40 37 67 66 20 41 10 16 45 15
27 5 61 29 87 44 72 71 74 49 70 51 69 23 19 45 32 6 58 81 27 97 78 63 57 13 98 10
24 66 47 55 4 87 12 23 20 35 82 10 27 38 28 45 53 84 6 88 15 97 25 22 49
28 87 66 40 58 28 67 17 65 35 89 88 11 33 86 50 46 94 23 84 6 22 72 81 57 98 70 1 13
25 22 33 68 96 65 72 19 17 97 63 67 29 60 30 87 8 50 99 41 85 100 44 84 18 14
27 78 35 48 26 87 95 58 10 73 85 65 49 11 36 21 28 88 79 55 44 18 56 14 91 43 47 66
28 45 98 89 57 25 74 91 23 81 78 6 49 80 75 2 69 47 83 15 59 100 20 16 30 68 90 50 93
28 86 44 26 52 94 32 42 92 68 82 30 72 67 45 71 31 1 21 10 57 6 38 64 34 24 61 25 58
23 97 91 1 67 32 7 83 41 16 81 89 31 66 5 8 30 51 86 20 4 61 2 38
28 16 25 37 14 11 55 98 23 95 43 7 85 56 3 40 5 27 77 61 10 34 93 38 96 69 36 8 80
27 77 4 78 49 35 86 2 23 88 32 65 69 33 27 82 39 63 46 8 72 1 52 99 66 83 51 12
27 26 27 69 84 80 65 78 92 56 13 57 39 71 53 9 99 85 24 38 23 91 51 72 8 16 88 11
24 94 59 16 33 48 52 56 8 26 44 63 3 96 92 99 38 60 18 64 30 66 70 43 50
25 37 59 22 46 5 66 69 96 60 23 65 56 19 74 64 7 27 9 39 45 40 3 48 13 68
25 5 78 98 44 11 58 14 75 26 12 86 91 34 48 94 93 33 37 43 70 42 64 51 99 31
26 47 77 11 97 7 30 4 51 8 64 61 78 39 5 96 92 50 20 70 12 9 18 33 89 54 37
26 60 11 64 74 41 16 94 66 89 45 4 70 27 96 79 29 83 100 15 25 42 28 75 57 44 40
26 8 44 90 65 61 91 37 21 55 52 4 13 84 98 10 16 53 87 11 50 36 1 92 85 70 86
26 55 91 53 86 78 96 42 46 60 73 97 39 1 77 41 66 11 17 71 95 90 69 68 47 76 24
26 24 6 97 25 26 46 32 85 66 23 82 98 9 92 13 91 44 16 12 78 19 88 2 58 67 54
28 87 19 7 86 21 39 84 8 51 33 17 24 44 49 72 58 94 74 55 71 75 47 18 56 29 26 60 96
25 27 5 55 40 20 84 94 76 82 22 93 95 3 28 21 81 58 63 90 34 51 68 2 14 32
28 82 67 43 25 45 36 18 87 53 62 51 66 39 21 48 50 80 2 89 47 90 44 55 77 94 8 57 34
24 36 5 53 61 43 96 71 24 6 38 92 62 98 58 91 66 70 39 78 15 75 42 46 40
27 49 83 59 6 10 51 98 9 48 60 88 28 64 74 31 41 36 29 12 76 95 45 25 94 97 71 27
27 73 67 64 29 17 49 38 53 50 25 72 74 82 84 80 12 81 95 98 52 71 68 88 23 45 19 79
30 45 57 11 93 69 88 92 79 25 98 26 62 91 84 20 38 52 48 12 17 49 76 78 43 89 56 100 29 21 85
24 16 82 94 51 91 74 35 3 58 1 66 76 26 70 8 42 87 24 38 72 59 57 62 61
25 89 34 100 25 6 96 64 75 26 91 63 62 74 83 35 29 31 86 76 33 3 13 12 30 21
28 4 57 9 38 47 60 59 20 90 91 100 66 29 53 18 49 94 34 78 40 16 93 36 15 23 74 95 11
26 43 51 30 100 28 82 50 40 66 12 98 5 47 70 18 56 25 57 4 95 53 86 55 77 8 60
23 4 47 38 100 35 7 75 42 70 74 10 93 9 66 89 90 24 21 69 59 61 44 60
26 24 7 56 53 52 28 86 74 97 66 34 25 27 14 63 89 65 23 29 10 40 88 2 19 78 70
26 2 29 96 8 39 82 23 64 72 48 81 11 32 97 62 5 55 14 4 13 88 83 45 49 30 34
27 56 34 22 29 66 7 19 73 72 94 87 96 6 17 69 23 88 68 98 53 8 35 45 5 80 58 67
24 97 60 55 34 83 78 80 57 7 91 21 16 86 67 38 9 65 31 69 3 100 1 64 59
24 96 58 21 50 26 19 95 36 12 56 46 41 18 45 20 9 68 51 7 4 30 52 88 86
28 55 42 96 91 53 79 38 21 3 85 11 28 15 66 56 76 51 93 75 99 1 61 20 82 19 16 31 81
25 91 33 86 49 58 27 67 38 44 13 79 71 26 90 78 5 99 30 7 4 89 56 3 12 29
28 69 62 70 73 30 3 93 2 74 97 95 81 8 10 99 14 22 96 89 13 67 32 63 68 80 43 75 59
26 50 26 63 1 47 80 92 24 29 18 12 67 15 68 45 100 94 43 22 33 66 98 89 71 27 87
24 3 7 43 39 40 47 89 36 69 79 59 17 24 86 57 80 88 75 15 21 54 2 78 60
25 13 99 48 6 20 10 91 98 49 85 31 63 28 51 60 42 21 18 19 3 65 64 22 25 84
26 10 1 100 95 83 12 67 88 68 90 52 13 66 35 18 8 33 15 77 28 65 9 92 2 58 76
26 53 56 15 50 14 12 34 78 67 25 97 89 32 75 69 8 46 23 28 98 40 84 26 63 76 27
26 20 45 56 88 9 23 90 74 68 85 77 42 15 95 100 19 66 61 60 24 18 71 37 94 29 78
27 100 26 77 27 46 53 24 55 4 68 64 41 61 44 74 9 13 89 12 32 96 3 93 47 36 60 49
28 99 15 20 19 37 62 13 40 71 34 9 79 36 68 6 16 100 38 10 82 41 12 67 35 59 21 81 30
26 97 91 30 69 66 57 32 72 19 51 96 98 24 17 77 52 49 63 10 27 93 23 22 42 59 71
25 57 31 69 24 38 85 84 35 36 59 60 50 98 96 13 48 7 41 19 49 81 4 100 56 23
25 28 98 30 35 52 79 57 50 61 77 62 80 64 53 67 86 75 38 100 44 96 33 60 2 29
30 34 82 58 1 3 87 64 72 71 11 76 95 36 89 10 32 91 4 85 51 77 97 59 2 88 99 21 61 53 70
24 7 45 75 97 60 41 44 12 49 1 81 24 46 13 77 22 35 88 78 33 47 94 16 43
23 83 77 19 21 6 16 93 57 31 99 39 45 25 5 7 97 88 42 59 17 56 55 95
28 29 63 61 32 48 17 39 72 75 44 56 26 55 69 15 58 28 70 12 60 96 4 33 30 85 62 87 6
26 33 6 60 55 2 83 19 7 31 91 64 21 99 77 32 66 5 57 53 70 68 80 12 61 42 87
28 24 88 23 29 73 66 14 90 8 99 49 22 7 2 37 89 68 93 61 72 80 77 5 25 38 65 43 6
25 34 29 67 54 18 38 92 79 26 75 52 83 68 41 48 23 76 63 73 77 78 14 57 84 50
27 43 40 42 9 93 92 14 97 16 80 18 73 23 38 49 33 1 35 98 71 29 20 12 83 47 91 27
25 56 73 81 34 85 50 38 10 52 7 9 98 95 97 31 67 84 87 20 86 71 12 42 57 88
26 13 12 87 37 17 66 52 2 59 55 41 20 25 93 73 47 94 3 97 92 77 36 32 68 9 38
27 67 75 19 12 30 40 79 16 48 70 96 51 22 76 7 18 38 100 54 25 77 14 94 68 87 20 13
30 10 35 44 9 49 15 78 75 67 11 34 5 38 16 88 41 37 23 73 72 32 18 84 52 99 85 28 59 79 12
24 20 62 34 47 58 90 19 37 89 71 35 21 97 67 93 41 68 14 76 79 6 12 85 54
23 98 59 96 44 31 79 83 61 20 66 17 84 15 22 25 18 86 58 63 89 50 87 80
25 62 63 96 59 29 20 50 9 84 34 76 8 38 94 75 98 66 79 83 68 33 82 90 32 67
24 50 66 78 8 84 18 11 35 26 22 59 3 70 62 12 61 45 69 54 64 81 97 21 55
23 90 14 25 18 39 27 2 60 28 7 13 34 63 5 79 65 82 76 29 41 16 35 99
24 7 28 100 46 73 82 20 15 31 26 99 16 55 81 61 40 67 2 37 53 92 22 38 44
23 83 75 96 91 14 59 41 47 82 78 69 64 81 94 49 1 87 58 13 4 67 19 80
24 20 94 32 8 79 22 71 84 36 6 34 25 91 28 77 92 73 37 16 54 75 3 59 78
24 7 48 63 40 70 67 99 57 49 47 26 10 87 60 29 52 39 61 91 89 79 3 16 20
25 93 20 24 25 53 4 50 83 13 70 94 28 39 74 38 57 14 97 23 73 80 62 78 33 7
27 69 53 65 21 2 38 60 46 75 44 13 58 83 7 86 78 3 61 47 51 76 28 27 5 14 48 96
27 20 80 36 93 37 40 5 2 63 23 12 92 43 14 35 97 16 13 46 38 56 60 34 15 31 30 7
25 60 81 73 14 43 37 13 55 12 71 86 34 19 98 21 63 93 96 32 1 8 44 18 89 26
26 64 68 81 45 24 4 5 40 96 61 90 12 31 8 82 6 11 43 89 71 49 53 37 42 59 41
26 8 59 81 16 68 60 32 39 12 24 14 42 20 71 52 25 55 97 98 92 4 95 46 66 36 57
26 61 89 26 50 63 22 80 43 74 5 93 13 57 19 86 23 84 56 58 30 20 38 33 4 79 99
25 32 98 36 5 95 80 15 4 34 3 27 82 11 49 13 47 61 85 68 35 24 79 66 60 91
27 86 42 88 62 8 2 10 89 12 83 90 92 39 78 93 22 50 72 45 6 38 3 25 5 82 31 71
25 47 10 3 32 23 48 78 58 55 45 73 93 36 34 18 33 5 77 81 8 28 91 60 85 12
26 24 29 52 51 6 31 36 32 77 3 21 54 7 84 39 30 8 78 61 38 37 66 13 75 43 63
28 4 66 80 91 32 18 84 13 74 100 22 92 2 72 68 79 67 73 39 10 82 12 31 48 95 23 38 77
28 46 92 90 74 39 1 6 89 51 4 81 88 57 79 32 53 25 28 87 9 37 14 35 96 31 29 50 44
29 15 6 19 74 93 2 83 48 98 53 11 24 37 25 30 57 51 79 92 38 75 58 73 14 78 42 56 90 62
28 16 62 91 85 38 87 22 82 71 55 73 52 5 29 3 95 45 39 26 21 68 96 65 53 100 63 77 44
29 21 23 76 2 3 1 30 14 87 5 36 67 31 75 10 79 40 69 61 53 57 34 8 24 16 7 77 72 78
25 48 83 35 93 84 20 21 64 96 37 90 71 77 41 28 49 79 56 66 3 10 53 13 39 63
27 62 73 41 91 30 31 80 54 95 16 61 49 76 84 48 22 23 65 50 100 18 15 14 86 5 39 7
26 15 90 67 66 68 20 38 8 34 61 70 64 76 89 12 74 37 83 77 42 73 16 10 25 91 99
26 76 81 29 60 71 8 89 64 24 20 14 31 77 56 85 4 37 42 68 2 5 21 45 97 86 9
24 59 80 40 78 15 54 58 69 11 62 86 4 68 100 37 85 96 48 70 35 67 82 92 43
27 24 1 28 82 39 36 54 23 58 68 44 88 80 6 61 4 12 47 95 15 94 59 73 22 90 49 5
26 96 81 68 86 99 48 2 38 82 80 37 17 51 65 26 45 9 19 5 4 59 95 47 32 8 76
28 17 21 39 43 83 74 55 86 30 64 92 96 77 29 99 100 63 48 84 37 78 44 56 45 38 9 53 66
25 19 36 64 16 7 53 50 85 17 8 83 9 97 82 6 96 13 89 76 28 48 100 25 14 31
27 55 59 32 88 46 56 91 78 52 36 20 92 3 34 66 1 81 72 39 61 53 13 29 68 54 22 35
27 55 61 43 5 93 48 24 90 92 63 47 17 1 83 81 15 56 91 32 54 50 23 77 30 39 45 19
26 7 30 63 50 17 93 5 27 81 62 59 4 96 80 44 41 82 55 45 39 84 83 12 23 94 40
24 27 3 54 63 99 50 80 49 47 62 10 34 56 13 22 93 82 5 35 72 31 6 59 20
28 5 41 91 4 18 84 12 66 27 47 45 13 3 35 20 30 1 56 42 85 31 17 81 80 59 16 61 25
26 89 99 21 16 66 80 78 15 87 97 70 10 95 7 40 45 20 74 24 84 30 81 2 9 98 62
26 32 11 69 14 1 36 64 31 35 43 65 17 80 98 90 56 57 68 4 51 85 29 28 63 95 58
28 64 95 9 61 50 42 51 43 89 17 28 32 23 8 31 74 59 55 10 67 26 44 21 69 25 14 70 99
23 3 33 52 64 9 16 100 94 76 90 29 70 63 24 15 73 67 83 22 26 40 56 68
25 10 50 45 29 31 61 7 30 23 17 16 65 4 26 19 32 78 72 87 51 81 70 59 24 33
26 74 40 26 23 90 53 81 97 25 39 9 99 95 72 52 43 76 67 91 42 86 3 7 8 59 5
23 51 43 64 28 82 34 62 86 38 1 87 30 21 46 53 55 76 52 63 72 74 75 31
26 77 85 98 32 50 25 66 20 68 96 94 35 34 72 86 1 6 70 93 27 81 8 79 31 53 55
27 63 84 68 20 29 11 18 73 52 5 74 28 3 80 64 40 100 19 91 98 4 46 71 23 10 86 58
25 11 39 24 28 51 48 52 49 31 89 23 44 90 59 86 56 100 27 43 29 73 77 10 14 13
23 59 25 65 50 53 67 86 23 26 95 38 94 83 91 81 90 20 70 4 96 85 49 61
28 14 13 87 91 61 21 32 75 46 35 39 50 73 83 41 9 84 93 4 67 59 78 3 6 89 11 38 49
24 85 70 62 48 57 21 14 33 46 58 37 2 12 98 81 16 84 89 40 90 55 94 31 35
27 10 22 40 91 37 11 100 20 26 31 30 95 76 12 15 81 53 59 6 36 14 28 49 89 64 87 44
30 61 3 97 28 25 78 58 2 49 17 68 84 57 60 13 31 18 88 43 64 90 82 27 42 21 54 80 47 50 15
26 92 69 75 5 96 54 59 89 79 20 93 95 26 76 73 47 44 15 25 43 2 51 48 32 86 38
26 90 12 34 77 56 81 74 5 96 91 54 10 75 53 36 21 82 26 99 88 48 62 72 35 93 65
27 96 88 5 62 75 37 91 67 61 18 90 97 99 17 26 54 80 81 3 82 9 38 100 31 12 8 93
28 98 52 82 90 45 8 42 24 48 66 79 97 77 81 49 54 22 95 62 23 65 27 44 51 84 53 6 5
27 87 88 68 77 65 26 2 40 58 55 51 74 54 4 3 92 10 37 53 57 24 100 45 47 61 18 86
24 52 21 29 38 39 86 85 55 94 33 75 91 87 4 24 48 81 1 11 36 23 5 99 37
26 22 30 80 16 41 33 63 9 54 72 51 19 49 58 66 75 99 95 98 65 57 8 45 38 50 93
27 94 3 80 14 68 32 98 78 28 95 45 40 82 81 96 58 20 26 8 67 7 6 75 37 55 43 87
25 26 5 93 75 90 78 14 46 67 71 69 43 25 97 100 56 70 15 10 1 6 94 55 27 72
26 17 100 34 48 47 50 69 94 46 20 15 8 7 60 38 82 95 4 59 62 11 41 90 6 28 25
27 60 74 91 98 79 44 97 58 61 23 53 72 55 12 77 49 65 81 34 66 28 64 17 54 57 40 73
26 17 9 14 74 96 99 50 94 18 54 58 10 61 11 32 53 89 36 66 30 27 98 41 65 39 12
26 85 51 71 8 62 44 12 54 41 74 95 9 93 81 21 63 59 86 20 26 77 33 64 68 39 48
24 86 59 14 20 71 9 52 42 91 28 84 55 16 62 46 10 67 70 51 30 96 63 25 35
25 24 68 52 9 27 45 12 72 21 54 92 48 39 60 43 61 19 80 40 65 32 95 47 81 2
26 13 21 54 24 69 44 33 7 96 60 73 50 29 30 2 56 25 88 92 79 19 51 52 75 71 41
25 92 90 36 96 10 89 25 23 84 18 16 15 19 37 30 87 27 91 49 93 94 46 88 55 68
27 51 47 70 54 12 32 15 9 16 77 67 80 87 94 43 61 64 40 18 79 89 53 8 100 13 42 49
23 43 46 17 92 11 57 34 25 39 69 51 99 59 1 4 47 2 44 98 88 73 6 53
28 57 78 80 68 43 33 31 56 50 40 79 54 47 44 39 11 84 13 86 46 88 15 35 64 92 97 87 62
26 45 72 41 53 21 55 67 14 88 20 7 99 97 70 66 1 64 26 68 46 12 62 83 9 100 34
26 33 45 19 6 36 82 97 21 15 7 49 57 58 99 50 87 40 70 39 55 74 64 32 62 14 94
27 60 42 76 24 70 34 69 13 28 98 92 23 71 88 45 29 99 64 14 90 77 95 100 27 47 53 74
26 74 81 31 88 71 73 43 14 49 26 86 48 62 68 94 50 60 46 22 6 100 75 25 57 33 10
24 1 55 31 7 10 78 65 66 79 74 42 54 81 56 87 86 32 34 93 64 90 80 63 41
23 34 67 91 42 84 54 52 89 86 59 93 16 2 6 82 39 46 70 14 8 5 26 65
26 89 66 11 85 40 43 61 29 5 49 14 33 23 47 3 24 75 16 88 55 4 54 42 18 72 60
25 1 65 26 58 36 17 69 31 37 13 49 33 20 77 9 100 5 92 52 56 96 6 94 46 75
27 65 63 47 38 10 18 3 29 39 74 46 16 62 2 56 50 93 25 36 26 6 20 71 89 76 79 70
26 67 48 43 13 64 1 52 35 90 92 73 88 45 29 15 78 70 44 47 77 62 85 61 27 75 16
25 59 70 35 95 40 47 61 69 73 28 23 83 48 64 62 22 24 51 45 21 67 82 27 46 72
30 52 57 9 58 94 87 38 93 99 39 2 5 65 36 81 53 59 31 56 83 41 20 42 68 23 62 89 98 40 21
29 89 86 36 28 40 37 97 55 95 25 56 98 29 80 32 21 18 75 34 31 70 22 100 93 54 8 43 16 90
28 42 56 29 45 36 84 51 27 1 38 91 16 10 3 96 11 41 55 88 7 99 93 70 86 49 43 37 75
25 23 48 30 60 98 57 42 6 43 47 50 25 39 26 62 97 9 14 34 11 78 89 53 44 77
26 59 52 69 33 3 79 44 78 95 53 12 8 9 5 66 100 75 71 36 27 41 77 88 25 40 45
29 79 75 20 25 32 70 71 19 37 48 78 77 56 97 49 7 68 96 21 98 10 92 83 16 51 59 39 33 9
27 52 31 8 45 48 56 98 35 40 66 36 38 39 28 92 47 94 11 25 18 73 96 3 72 68 82 1
26 29 33 65 57 46 40 26 44 12 32 80 67 13 14 82 97 8 24 4 27 66 31 45 5 88 91
25 58 48 24 60 89 55 78 95 68 9 54 12 42 5 35 72 93 32 57 28 98 3 76 29 13
26 62 41 11 14 55 49 66 31 36 91 89 47 37 100 85 8 78 19 52 45 50 98 40 90 6 96
28 21 71 14 92 31 37 26 77 13 1 19 93 7 18 65 82 15 74 61 78 75 30 45 87 25 44 33 60
26 69 25 38 11 23 13 43 41 35 84 31 14 67 90 89 45 74 46 85 88 60 92 12 33 80 57
24 14 66 69 72 81 20 33 58 80 61 1 92 22 34 39 5 98 45 36 32 70 76 15 87
26 29 7 98 37 6 58 47 61 83 93 86 39 52 1 49 44 14 26 27 89 54 85 73 70 41 72
26 51 9 71 94 20 29 8 88 28 1 15 70 62 24 21 23 83 45 89 38 34 31 69 19 44 84
26 39 29 71 74 98 36 82 24 56 94 61 30 68 69 41 38 49 86 6 43 84 78 99 54 44 58
23 6 40 24 92 65 43 3 5 32 85 50 72 74 88 16 80 83 27 41 79 67 48 87
25 88 73 60 69 83 100 3 80 53 58 40 52 75 49 94 48 92 17 42 41 54 72 2 74 57
25 62 52 32 66 4 1 94 71 56 50 99 55 51 90 5 44 95 26 54 23 93 48 63 53 40
27 57 97 66 7 88 19 65 11 98 36 96 31 59 33 54 58 9 27 85 39 44 32 83 72 56 76 86
26 44 14 84 8 37 48 85 27 56 32 93 79 18 83 65 2 24 59 7 71 42 22 63 87 36 30
28 80 56 11 24 91 79 81 54 58 20 7 39 89 97 78 87 23 55 46 5 27 2 51 72 38 45 41 99
26 85 10 38 66 20 84 43 64 16 49 67 55 22 30 29 3 62 7 99 34 74 27 68 23 51 96
28 16 57 69 82 84 100 93 85 68 28 51 33 81 12 91 63 56 32 30 54 25 22 72 70 79 38 9 73
26 39 78 57 71 32 69 72 47 15 55 64 97 7 9 45 96 66 30 61 8 41 82 34 42 65 22
25 40 84 22 3 68 94 13 25 65 39 6 33 10 27 90 74 15 63 56 58 99 29 1 20 43
26 29 81 8 38 47 39 24 62 88 68 13 71 15 60 5 76 95 4 90 92 23 28 20 26 52 89
27 72 99 32 84 4 38 47 94 55 74 20 5 92 13 50 12 36 33 30 40 9 51 49 58 75 19 89
26 53 39 24 95 37 33 68 50 81 29 48 47 38 93 35 96 15 16 22 76 40 79 21 44 4 12
27 97 19 59 11 21 84 24 16 88 95 50 64 69 28 42 94 68 60 58 5 48 40 18 98 71 87 83
26 43 38 8 98 25 19 91 69 73 34 5 79 12 63 74 99 20 58 50 37 36 18 67 81 40 26
27 50 17 57 99 14 91 29 32 41 90 88 24 58 59 85 56 30 49 25 31 77 11 40 95 60 44 19
27 22 69 1 86 76 14 61 58 37 71 77 17 43 39 72 10 36 62 12 68 88 90 60 84 23 70 89
25 60 98 97 9 1 85 78 21 68 24 25 51 61 11 88 89 80 38 44 20 56 95 82 93 69
28 88 78 97 85 18 93 81 21 42 64 29 48 76 10 36 99 66 28 19 47 55 63 24 41 7 23 53 96
27 57 1 92 41 85 4 65 66 67 90 12 27 22 64 61 35 25 29 11 36 99 24 14 88 55 17 62
25 90 55 93 63 23 8 1 21 91 89 95 11 77 24 32 5 85 82 98 51 76 47 97 67 26
28 40 30 15 68 95 56 83 63 96 19 81 48 85 62 94 8 44 54 84 46 93 49 24 41 42 61 50 98
26 88 92 58 79 15 24 97 16 100 46 1 37 23 95 72 85 41 81 47 60 43 71 2 93 57 70
27 67 89 24 100 6 96 49 3 91 29 72 99 5 69 19 78 22 32 17 25 58 16 80 23 41 94 90
27 33 81 9 14 18 25 51 89 78 31 63 43 28 1 52 2 49 86 32 37 39 87 12 41 35 69 83
27 21 31 6 46 77 35 43 11 64 15 61 63 99 60 78 18 38 51 42 95 37 91 97 39 92 23 19
27 66 35 74 28 86 95 17 69 48 65 25 45 19 50 77 43 34 54 13 80 91 98 16 79 70 94 51
26 25 48 93 13 52 62 64 30 28 36 44 94 10 82 58 2 61 19 1 85 90 24 96 6 9 49
24 81 64 17 14 48 90 29 70 10 83 99 50 55 78 47 66 25 68 62 13 74 56 18 94
26 84 97 83 13 49 9 59 16 51 61 62 38 23 65 56 76 60 27 14 70 82 53 24 30 58 40
23 48 66 77 18 27 23 43 91 35 100 67 89 62 37 55 93 60 95 73 79 45 84 21
25 23 56 75 45 99 1 79 36 20 70 17 7 52 22 72 97 9 25 16 41 90 3 27 47 92
24 5 84 97 23 99 27 13 86 16 74 59 8 93 53 90 63 49 22 100 57 55 76 88 68
27 81 69 50 86 85 67 64 7 45 21 84 22 42 44 29 47 82 93 54 11 6 46 94 27 92 49 16
25 83 99 47 71 38 4 24 97 80 31 17 34 25 16 53 48 60 57 81 67 32 86 78 76 11
25 93 46 7 59 75 56 1 10 95 39 68 4 82 6 67 48 70 73 79 100 78 44 28 27 42
26 90 59 92 18 45 3 7 93 80 30 31 11 55 28 33 5 77 53 78 16 21 4 73 57 40 1
27 23 38 31 96 34 63 8 93 99 74 32 15 77 26 98 46 3 87 72 92 53 57 20 86 62 29 97
28 83 32 7 74 62 92 6 89 41 79 15 56 71 97 27 86 52 59 31 4 61 5 37 28 36 30 67 10
28 5 51 8 79 82 57 61 25 52 18 23 90 6 17 80 92 72 66 49 1 47 67 21 16 22 36 70 40
25 63 85 30 66 81 34 21 22 10 75 47 33 20 89 46 2 90 14 78 27 79 92 44 38 61
26 71 23 93 4 27 26 51 60 63 79 25 95 87 94 5 45 7 14 81 10 11 54 3 12 72 18
29 42 17 20 54 23 93 83 92 11 69 71 18 62 85 55 77 98 51 43 53 57 26 14 49 75 46 97 72 27
27 43 35 49 55 20 50 73 42 36 14 64 80 68 81 61 45 95 87 54 97 9 24 27 86 67 8 16
28 84 50 78 36 18 29 81 70 58 63 90 13 26 79 89 62 42 17 1 52 6 83 66 53 96 57 20 38
27 47 78 18 55 66 98 14 57 97 90 17 84 3 95 15 65 89 16 41 50 94 99 69 91 22 54 27
25 58 29 52 97 20 32 41 49 43 60 25 34 23 55 76 93 16 87 4 12 81 2 31 26 3
26 7 63 65 8 4 56 30 81 31 6 10 37 68 28 17 26 72 80 24 44 20 76 86 64 82 32
26 7 46 60 86 3 74 40 15 52 56 93 28 10 63 67 17 59 55 38 64 49 65 41 75 20 92
26 71 65 27 41 39 59 66 24 44 96 6 47 70 60 97 61 64 51 12 8 23 49 31 10 48 17
27 12 24 76 43 79 33 67 85 70 7 68 50 84 98 96 63 75 44 100 26 72 25 55 60 57 97 53
26 72 42 15 57 7 21 64 53 58 5 10 6 71 2 19 63 11 28 38 70 13 93 98 80 24 68
25 70 77 99 42 73 64 55 53 63 91 94 48 86 71 18 79 83 95 69 85 6 57 15 28 24
28 53 81 32 80 39 44 48 98 7 97 29 61 33 73 78 91 57 58 34 71 55 37 12 90 36 10 42 5
26 43 17 9 75 68 83 41 24 62 84 11 20 71 35 91 57 87 72 5 6 92 82 3 30 67 48
26 59 98 93 31 63 25 95 21 54 18 9 52 82 97 76 1 42 85 58 71 48 74 64 40 77 30
27 73 27 51 52 21 32 56 92 44 96 66 39 72 20 100 13 4 87 68 26 15 97 31 53 67 74 7
25 42 85 65 78 71 1 43 17 33 48 68 100 50 74 95 80 56 82 11 28 61 45 34 8 93
24 97 80 45 34 46 39 9 28 33 40 47 54 49 84 92 1 15 69 73 37 38 72 3 13
27 12 79 99 45 33 78 87 4 64 92 47 65 31 46 34 53 59 44 91 35 96 37 23 8 51 9 54
28 26 16 34 35 61 91 77 21 50 17 25 23 37 60 6 66 95 57 42 28 99 43 90 63 81 49 15 64
28 81 69 47 83 84 7 38 70 17 15 68 41 28 78 73 74 76 82 13 64 53 3 14 61 95 10 2 67
27 62 96 77 89 14 10 93 75 20 85 16 72 25 98 65 27 35 56 4 32 13 5 67 24 88 76 99
28 36 91 31 82 29 85 58 14 97 32 49 44 26 83 72 96 47 74 20 93 52 2 16 46 45 53 35 88
27 28 48 49 89 66 11 26 27 91 7 37 36 47 56 80 78 31 9 84 23 72 15 32 76 68 54 73
24 50 88 30 34 19 38 47 13 8 37 39 51 59 74 28 36 18 79 69 91 77 72 29 12
27 75 71 61 49 80 58 26 8 55 79 65 88 22 50 98 25 39 19 48 31 5 3 40 7 43 21 46
25 36 75 8 76 82 15 79 31 52 67 43 24 77 4 61 95 93 86 50 51 44 81 63 94 19
26 2 85 73 84 41 74 43 13 14 4 22 42 75 29 7 91 35 70 88 56 93 33 20 87 10 55
27 76 57 44 4 80 7 78 68 51 6 18 3 2 98 9 90 27 13 62 70 56 75 49 37 41 19 10
27 12 7 26 10 6 89 28 85 32 99 73 52 58 35 30 43 31 16 37 72 40 56 97 83 84 23 93
26 47 48 57 15 53 97 59 71 68 27 42 69 51 79 85 63 55 14 41 83 39 52 7 61 23 34
25 49 73 91 27 71 25 29 17 63 13 31 96 86 14 43 54 22 87 93 90 84 42 83 50 98
27 4 59 55 84 41 39 33 32 9 71 82 47 70 98 8 79 49 46 75 57 58 63 50 22 2 6 62
25 12 23 25 9 39 7 29 14 47 78 83 66 6 10 98 15 43 40 45 37 74 94 69 2 88
26 89 59 71 77 81 26 20 11 64 65 34 29 6 100 27 42 5 43 76 62 40 97 49 58 68 25
25 51 97 47 22 21 38 41 30 69 35 55 31 4 65 78 67 59 1 3 5 48 99 68 64 29
26 54 60 59 9 18 100 15 23 83 88 81 25 86 46 51 33 90 39 6 14 85 10 36 87 63 32
26 42 64 50 32 18 25 81 97 5 59 4 89 93 10 34 8 19 72 26 96 58 31 62 60 83 36
27 78 33 18 2 93 51 100 6 66 21 48 44 70 73 86 62 76 84 74 97 56 15 12 27 5 36 13
27 6 85 77 48 57 25 54 60 89 38 71 35 96 12 97 21 49 42 23 51 47 86 61 37 100 1 84
24 9 89 29 82 35 14 64 17 86 79 61 78 77 71 80 40 41 56 18 46 73 53 72 4
26 73 50 94 82 98 35 55 74 26 79 33 9 97 92 71 12 21 6 53 27 76 14 38 2 86 70
26 12 71 1 55 3 65 13 52 70 39 41 25 61 8 7 57 27 54 92 11 91 23 19 5 48 29
27 23 11 50 99 35 33 24 73 37 89 27 12 1 98 41 94 45 13 55 58 88 26 66 62 90 38 3
24 95 19 60 47 6 79 17 25 57 97 92 68 55 28 26 98 69 20 86 12 46 21 24 94
25 4 98 92 2 18 59 90 54 76 52 86 84 79 23 50 61 89 1 88 33 3 35 29 16 19
25 22 19 17 23 75 35 83 57 84 98 1 13 80 71 76 68 90 97 56 47 72 18 42 95 55
29 9 19 22 33 92 93 87 44 41 54 48 85 60 23 88 80 79 8 96 52 84 34 25 82 12 39 10 98 66
28 40 71 54 43 15 83 31 92 59 53 51 65 30 26 5 77 3 74 55 37 27 94 62 20 11 86 97 96
26 21 17 66 84 45 57 11 99 28 65 83 56 100 63 18 4 24 96 30 61 46 98 47 94 31 37
28 59 99 4 90 83 84 39 86 28 100 93 21 12 73 7 88 54 80 69 55 14 16 62 30 53 26 3 6
27 80 83 22 32 100 77 54 46 30 56 70 57 13 75 93 49 59 82 29 24 42 8 6 27 44 53 66
25 5 20 44 91 18 39 88 98 76 89 58 97 83 27 30 34 45 72 62 33 9 36 92 40 66
25 10 19 92 82 52 21 43 54 60 88 72 37 95 81 42 6 49 55 35 1 99 68 48 96 45
27 50 16 51 71 46 85 26 98 40 2 87 42 8 29 45 96 13 9 28 58 77 82 94 55 66 56 91
27 58 83 89 59 22 71 23 56 24 80 85 95 54 50 74 84 37 44 97 2 13 12 77 46 64 62 94
27 37 81 99 89 97 85 72 41 28 53 34 29 86 31 77 11 92 62 17 5 10 20 67 36 64 60 22
27 92 84 5 47 78 67 96 16 53 63 9 39 36 85 29 81 71 12 66 37 11 34 18 35 41 88 56
27 80 86 58 85 49 3 6 63 92 45 39 65 32 18 88 71 60 16 79 99 9 14 100 5 22 72 35
26 69 48 15 88 4 28 58 47 7 32 46 39 74 77 93 22 100 78 60 61 3 76 10 29 73 85
29 47 91 6 28 59 75 57 31 74 45 66 85 93 14 97 53 17 76 4 10 98 58 80 5 68 19 3 38 48
29 41 23 3 100 60 46 71 85 26 68 4 50 62 66 40 88 14 38 13 29 34 70 39 96 45 20 64 37 87
26 17 31 15 90 40 59 78 11 38 19 75 2 12 96 81 74 49 26 46 50 57 16 45 80 33 20
29 42 59 4 39 13 20 92 8 63 5 61 47 86 45 50 91 40 49 84 75 56 1 11 9 85 31 88 98 46
26 100 31 8 35 83 16 82 10 28 95 58 3 88 32 87 11 56 96 14 62 99 6 34 2 84 39
28 99 52 30 25 34 26 49 41 80 27 85 44 31 76 83 42 12 84 7 40 22 13 64 74 48 73 58 8
27 74 8 38 16 66 57 6 17 42 60 63 48 14 93 58 18 36 23 98 56 26 68 76 47 96 29 94
26 79 77 16 83 42 65 43 38 70 91 56 25 32 96 41 33 84 46 95 94 100 76 85 11 58 54
24 22 3 80 9 67 15 18 43 49 99 91 72 68 75 4 87 96 14 10 27 56 36 88 12
26 29 70 74 56 90 51 3 6 43 36 10 46 82 69 28 71 44 83 19 84 33 31 63 5 12 9
28 16 34 28 43 67 10 86 66 87 95 89 19 17 44 30 97 73 93 58 25 35 42 74 83 76 4 18 46
26 68 55 52 23 31 24 4 74 10 71 92 85 62 18 36 96 58 12 47 93 91 48 35 7 5 76
28 41 93 39 55 11 61 83 1 65 9 86 46 68 3 12 80 13 50 96 69 92 44 82 24 30 17 99 73
26 73 92 65 36 74 66 89 35 54 97 90 46 57 75 94 48 33 43 99 13 64 47 96 28 31 52
29 99 67 37 6 9 54 40 44 58 56 78 87 20 50 52 32 88 14 76 38 83 23 61 27 63 30 15 55 81
26 50 73 75 82 47 81 6 86 9 38 37 64 42 98 30 22 19 65 79 72 8 24 39 11 94 80
26 6 36 39 15 52 40 79 29 20 35 83 55 59 9 100 38 42 94 13 53 93 5 1 73 92 22
26 81 68 46 66 87 44 65 92 75 83 29 16 77 47 52 18 57 97 49 39 32 36 33 22 54 98
27 20 4 80 76 93 31 7 26 87 21 46 94 49 65 3 12 41 79 15 69 81 24 45 16 96 13 5
26 80 68 14 20 58 42 22 39 60 30 79 78 46 66 26 23 10 47 41 31 65 98 29 24 88 3
24 55 58 60 86 44 90 81 5 19 47 17 57 51 39 70 64 52 94 31 25 62 23 20 65
26 14 12 10 43 76 77 50 35 62 2 42 4 99 33 98 27 96 15 47 30 13 41 40 31 29 5
25 46 66 80 59 16 34 1 85 82 7 79 3 93 67 42 74 49 12 75 50 83 27 5 62 91
25 28 41 51 94 97 64 36 21 98 93 32 72 15 77 90 7 14 18 91 13 95 16 9 62 35
27 81 20 45 70 35 27 2 9 47 57 19 56 67 13 82 60 33 63 75 46 29 38 16 54 66 53 78
27 29 15 62 31 11 45 35 1 75 74 40 64 52 91 49 16 76 59 37 56 88 63 4 8 78 77 67
25 66 28 67 93 47 49 91 23 90 98 30 42 48 45 86 25 24 92 22 44 32 58 65 77 11
24 83 62 30 99 15 80 100 63 82 86 44 22 3 31 81 49 7 78 32 29 70 6 27 33
25 50 27 97 40 1 7 22 49 46 17 86 58 69 10 11 78 73 54 56 26 9 90 83 85 3
26 55 62 67 97 91 61 73 27 39 2 26 49 43 89 25 11 80 56 90 4 60 59 29 30 84 3
26 9 75 2 85 99 4 21 92 87 89 60 5 37 97 94 65 38 64 27 8 25 12 95 93 6 23
27 69 17 86 12 98 48 65 82 80 60 5 62 16 27 41 15 26 36 40 76 53 91 28 24 81 34 31
26 10 37 55 89 42 11 46 8 16 44 79 43 14 60 17 57 100 36 4 94 15 68 91 50 40 1
26 83 19 97 32 41 34 93 3 43 44 59 33 64 13 80 84 31 25 57 7 16 72 21 49 40 77
25 13 73 36 9 28 77 55 25 95 22 14 99 74 94 7 34 16 35 88 4 20 56 51 91 40
27 100 47 93 60 56 29 70 31 87 20 9 69 8 79 91 25 45 49 22 82 6 42 15 83 36 35 30
25 7 83 49 54 71 2 38 64 34 36 9 31 20 35 75 70 62 12 57 3 19 60 23 40 45
24 16 59 73 38 52 34 49 53 100 99 94 64 26 48 43 81 41 18 93 39 98 74 62 47
23 21 13 14 42 87 19 48 85 46 50 2 40 34 52 4 23 38 59 54 90 63 99 100
29 1 60 31 97 4 23 94 64 49 2 33 78 76 93 92 25 44 63 98 56 45 83 14 7 3 32 11 38 29
26 7 40 42 71 63 17 62 11 54 67 85 24 55 99 1 51 6 82 36 68 49 84 2 78 94 66
23 30 54 3 88 10 89 40 96 65 44 87 8 5 86 11 6 99 50 100 66 26 25 28
28 60 45 97 35 64 70 3 53 54 63 55 32 95 72 12 40 37 6 82 56 90 29 100 74 94 88 13 86
26 23 35 6 31 67 78 53 96 97 95 43 5 7 57 29 64 81 83 16 89 22 18 40 51 2 14
26 23 92 72 52 10 91 46 79 81 39 43 62 22 76 98 50 83 74 9 37 33 13 48 29 40 5
26 26 76 10 2 9 43 45 5 17 68 39 70 6 25 27 95 32 19 38 53 28 88 99 80 36 14
24 84 7 4 14 62 52 8 10 3 13 57 73 29 69 98 16 79 45 35 15 27 49 95 34
27 28 82 62 12 2 93 87 13 25 60 53 47 54 76 73 98 64 17 4 96 85 58 86 48 55 26 1
25 40 46 34 87 25 61 8 77 94 42 88 54 22 55 57 52 100 63 31 53 1 49 60 23 59
24 8 26 85 43 63 87 76 59 48 5 30 53 31 40 80 78 89 72 37 91 68 32 29 46
27 71 41 57 17 28 40 11 46 34 43 72 18 27 86 97 99 29 48 3 92 84 4 25 36 7 100 32
26 1 41 16 44 71 25 92 90 39 72 8 60 87 53 6 23 27 31 65 13 93 88 99 5 80 11
27 36 27 20 43 5 24 45 89 53 91 100 41 58 47 71 52 78 15 1 61 95 55 8 93 51 77 82
25 93 48 18 63 44 60 9 54 85 41 78 84 8 92 30 15 53 68 40 71 33 46 7 55 64
26 24 70 34 48 4 11 35 6 54 44 7 1 42 8 74 97 14 5 50 43 60 96 31 26 55 16
25 57 69 29 40 65 6 99 72 41 89 55 91 11 71 25 39 9 88 52 96 35 1 18 100 87
26 9 15 47 12 63 20 46 19 31 40 95 64 8 88 87 38 74 82 75 41 96 62 70 66 65 55
24 62 27 48 81 86 9 13 5 79 78 1 18 52 60 80 100 90 57 68 83 84 82 30 39
27 64 71 19 13 58 5 83 23 7 65 27 49 84 66 8 82 22 34 68 55 43 32 63 48 25 37 29
27 61 12 91 52 19 7 72 83 26 42 40 64 22 79 73 44 82 65 4 55 17 35 14 59 37 66 1
24 48 75 18 59 1 46 27 73 39 94 84 51 95 79 89 42 24 14 81 11 65 35 20 78
27 62 25 67 78 11 23 41 91 24 3 56 94 2 30 32 42 17 86 80 72 49 69 85 16 35 19 21
27 13 42 19 71 88 32 63 23 95 94 22 18 27 7 29 40 85 8 57 24 31 92 33 38 15 78 89
25 2 7 63 54 41 19 9 1 28 38 86 72 16 20 49 15 90 65 88 4 55 6 59 78 87
27 69 16 5 62 36 13 7 97 99 58 89 43 82 25 92 51 44 85 39 96 27 3 73 71 63 53 68
25 38 98 90 1 51 80 30 96 28 77 2 63 50 69 56 4 76 97 17 35 67 72 92 81 55
26 31 80 17 23 29 5 45 67 89 70 71 54 82 94 84 76 90 20 50 78 81 24 69 52 43 73
27 70 74 31 57 13 96 91 25 7 9 69 82 46 58 95 71 15 44 17 45 76 1 34 4 68 73 55
25 77 45 69 53 35 38 57 14 75 42 24 71 92 37 65 29 26 48 22 74 1 76 32 61 55
26 38 78 32 80 26 46 88 92 36 50 6 4 12 1 51 68 16 10 43 91 77 7 65 62 17 84
29 20 32 37 88 51 89 61 65 92 79 73 39 93 16 82 63 47 25 7 30 2 26 24 95 99 55 12 81 57
25 29 19 5 38 68 46 32 91 1 97 77 54 53 61 33 80 74 58 56 95 10 87 18 85 4
27 20 32 89 16 24 1 31 49 83 75 59 46 99 92 90 69 73 52 54 23 22 51 88 19 3 27 18
25 21 93 88 75 45 9 91 100 41 38 19 28 77 12 47 46 90 70 82 20 55 66 73 60 49
26 6 24 93 25 58 88 4 94 100 39 98 52 59 15 29 35 61 51 1 87 44 75 34 26 81 74
26 69 66 82 58 17 50 55 42 44 61 100 73 74 21 14 99 78 56 63 97 31 2 41 83 81 70
26 41 17 67 16 2 21 25 32 88 52 5 64 1 19 76 10 45 93 49 9 82 38 75 37 3 35
25 3 49 89 21 88 11 29 81 36 46 50 43 32 98 100 9 33 96 40 84 76 75 64 94 17
25 31 14 43 28 68 20 46 65 99 66 11 18 96 79 89 84 69 32 62 3 76 57 70 55 23
27 82 50 13 9 80 20 62 69 48 83 26 78 11 65 24 68 57 39 17 71 33 34 84 36 73 21 96
25 39 15 12 44 53 37 38 82 51 78 54 93 4 47 74 60 14 58 96 89 32 16 84 88 66
24 86 6 57 81 46 58 40 79 61 96 42 29 75 80 2 30 41 82 48 50 24 18 39 45
25 72 19 22 84 31 81 70 50 92 18 51 87 41 36 1 49 95 98 96 93 77 55 54 80 42
24 87 73 54 88 98 66 65 41 22 69 59 84 78 90 47 62 20 14 89 56 43 61 30 33
25 13 33 37 11 100 38 5 1 57 67 10 22 90 12 45 85 3 17 91 46 99 75 39 16 87
26 92 54 19 80 84 61 1 46 85 26 90 87 34 89 22 17 68 30 16 88 66 5 97 93 65 18
24 31 88 63 23 32 24 100 25 82 48 75 70 59 28 14 93 17 92 20 11 15 26 97 13
25 23 100 48 63 83 27 7 35 70 49 11 5 87 20 4 26 65 6 59 78 62 91 13 40 88
26 51 55 98 50 25 58 19 92 66 96 85 73 34 31 80 89 13 72 44 97 67 59 71 14 45 82
25 35 55 67 91 30 66 64 21 15 76 65 90 96 5 32 22 51 52 95 81 48 20 40 16 50
23 69 13 30 19 97 78 24 92 36 68 6 66 15 39 96 84 62 27 64 100 93 91 11
28 72 33 94 31 90 82 14 84 89 35 16 43 100 59 28 41 23 5 78 8 3 26 27 45 24 18 75 83
25 45 16 73 34 100 75 24 29 47 81 15 60 54 49 55 43 70 64 38 6 46 77 66 33 27
26 52 54 81 97 36 78 7 51 68 71 43 8 74 42 76 67 90 65 50 10 88 9 98 72 94 95
26 100 4 82 12 60 45 35 95 51 96 14 1 93 71 37 24 89 20 18 42 9 10 85 8 30 32
24 7 50 57 56 96 24 23 78 12 28 6 27 21 46 100 49 61 75 81 11 34 65 54 30
28 53 21 17 100 79 26 3 44 19 73 34 22 36 46 27 37 86 85 83 52 47 97 28 67 89 62 29 13
26 8 71 73 33 98 83 3 11 96 45 95 68 37 6 17 29 74 49 65 4 34 14 72 44 67 79
26 27 22 81 47 32 92 93 79 77 24 90 19 20 45 78 33 56 95 58 69 3 4 65 29 99 88
25 72 100 56 67 18 50 33 92 4 24 19 80 87 10 91 70 32 46 66 57 41 15 64 48 2
28 22 89 2 70 35 77 73 27 68 57 71 88 47 76 98 60 20 6 46 58 78 44 43 65 52 67 31 64
27 19 74 41 76 21 81 68 30 35 29 1 92 70 5 97 89 52 77 39 55 24 6 90 17 56 32 27
25 81 44 18 96 51 93 5 28 24 66 68 30 58 14 69 32 37 8 40 61 42 91 57 78 2
28 36 68 24 75 22 45 25 31 61 60 54 57 35 41 17 9 52 11 99 90 1 49 16 27 23 82 51 7
27 19 41 86 13 91 26 88 72 27 51 37 22 11 45 71 24 79 30 31 66 16 94 55 93 99 12 3
27 61 75 24 16 73 56 100 5 65 7 2 1 50 91 31 39 99 23 43 35 90 13 63 20 42 12 49
26 18 34 79 10 63 13 5 16 30 85 51 7 70 73 88 42 71 61 37 2 35 46 69 38 83 75
27 63 75 100 59 76 53 85 83 56 91 55 35 66 77 73 8 48 6 58 54 30 67 45 57 39 69 24
23 99 7 27 70 80 45 30 49 73 72 48 6 3 22 83 13 60 15 11 10 35 29 4
26 68 24 48 93 71 87 53 100 33 81 62 55 50 30 47 49 20 85 42 56 52 6 64 46 9 82
24 68 51 69 96 65 54 2 97 18 94 59 24 11 35 87 15 22 79 75 82 64 67 62 76
26 76 98 11 17 87 86 70 73 31 79 80 77 56 44 42 59 54 21 2 61 75 30 65 16 96 48
29 77 37 20 5 52 25 11 23 8 3 76 54 39 46 66 87 86 49 62 57 44 84 7 9 55 29 58 100 10
27 18 21 22 46 37 97 75 95 38 15 83 63 55 36 45 4 11 14 88 80 10 79 78 100 40 87 91
27 90 8 40 26 84 25 48 31 59 33 7 49 14 86 45 39 38 34 74 44 92 2 79 54 87 12 94
27 63 42 66 20 95 26 25 77 32 48 18 93 94 33 88 22 81 1 21 86 70 36 44 73 83 98 50
27 58 56 50 94 31 81 93 99 65 48 36 80 77 14 4 12 85 67 25 61 15 63 20 84 75 17 24
25 9 40 67 1 19 83 29 30 78 91 76 17 86 10 46 58 31 97 20 80 64 88 81 95 37
25 66 37 47 96 76 12 13 57 75 24 83 98 41 15 2 34 70 22 10 60 51 27 69 52 58
26 23 22 14 73 96 97 47 87 99 21 53 98 82 92 51 16 62 90 12 59 6 4 3 18 69 64
28 20 26 14 44 38 3 90 45 53 42 97 74 68 8 50 43 37 82 64 29 47 51 35 18 72 71 46 9
28 4 99 81 23 65 8 33 44 87 79 93 83 95 17 35 61 78 18 64 84 28 67 7 42 62 36 89 52
26 90 46 68 22 14 53 9 18 73 13 26 40 43 4 57 92 100 1 55 78 96 25 71 56 23 69
27 37 59 33 87 14 74 67 75 13 4 50 7 86 95 64 35 12 10 47 21 62 15 73 83 24 84 46
29 60 32 83 50 87 35 73 24 18 67 23 63 100 3 89 16 44 96 98 77 17 69 90 91 39 76 56 78 9
26 3 37 46 4 97 80 56 48 71 29 60 87 40 61 79 36 30 5 31 77 45 42 95 54 59 63
26 34 64 91 13 25 48 45 33 49 43 4 60 58 74 24 3 29 57 79 10 80 92 61 23 28 9
24 85 59 7 87 33 68 4 86 92 79 43 8 49 32 50 69 3 37 19 89 65 76 100 55
24 55 68 47 41 39 67 34 57 82 77 33 22 100 8 53 43 36 56 31 42 98 90 37 51
26 26 5 44 41 50 4 61 83 25 7 54 46 55 13 29 95 92 14 74 23 86 89 76 98 19 37
26 27 4 1 22 80 58 16 21 91 100 70 77 40 31 10 53 28 76 87 96 66 20 95 82 79 49
25 12 82 14 95 46 21 90 27 2 50 38 99 32 36 100 75 22 7 43 37 30 40 28 81 88
26 4 69 13 55 71 86 48 27 66 60 51 28 65 50 63 94 56 19 39 62 85 36 15 92 9 67
24 25 7 52 35 81 67 77 94 82 30 53 46 87 39 26 3 11 6 33 65 49 85 51 41
26 90 92 32 72 85 26 49 89 10 63 25 34 43 19 76 6 60 12 80 39 99 88 13 31 14 87
24 94 85 77 91 22 25 44 72 56 4 42 43 6 84 5 99 38 28 52 97 35 7 68 67
24 40 19 84 70 92 8 5 62 44 57 73 86 21 45 81 26 28 9 78 69 71 17 15 66
25 19 62 30 87 74 2 54 44 39 26 47 56 53 51 76 75 29 85 22 71 99 86 84 60 90
25 29 8 19 12 48 76 13 43 88 82 17 9 62 2 77 52 97 28 30 70 58 84 87 39 47
26 46 14 45 81 17 26 63 97 44 68 90 19 95 25 85 20 43 65 77 71 54 34 84 27 12 49
27 94 35 46 71 51 69 17 70 75 6 20 98 13 1 99 87 28 33 23 73 85 5 34 45 41 19 96
28 41 30 5 4 42 88 51 45 50 27 39 24 92 82 66 67 71 99 21 79 6 29 3 36 73 17 47 25
27 70 79 17 20 2 42 4 73 53 38 51 22 39 14 94 41 47 43 83 50 72 37 19 52 1 35 97
25 67 65 7 8 6 19 26 68 80 4 13 63 31 23 52 97 79 41 100 96 78 25 40 73 37
27 87 40 47 71 52 46 21 2 57 28 33 43 75 4 35 24 22 38 54 25 97 68 91 56 23 96 39
26 23 43 47 13 39 61 28 94 51 7 20 17 100 48 96 19 34 9 15 45 68 62 12 36 16 10
26 64 38 39 27 68 2 43 46 96 44 67 80 48 28 16 25 5 53 74 30 85 6 79 66 77 52
26 42 9 33 81 96 24 83 56 2 76 86 58 26 57 71 87 75 47 67 8 15 74 94 46 78 23
24 27 64 23 59 29 24 66 49 28 94 78 40 96 58 5 84 7 18 50 87 75 35 76 20
24 82 22 47 89 40 34 71 100 12 25 66 69 63 32 54 31 74 18 72 78 29 99 45 79
27 10 87 54 31 7 98 39 6 50 18 94 23 76 96 79 61 15 90 78 8 65 32 77 34 1 86 72
24 96 56 30 35 98 69 54 21 18 92 55 100 26 43 48 39 60 46 40 49 4 47 88 28
28 74 25 60 21 19 94 87 43 41 18 58 40 86 90 34 1 33 2 48 14 52 98 15 42 26 37 46 64
28 11 33 25 88 22 55 73 30 49 82 15 64 6 39 99 7 91 36 38 51 31 47 4 45 58 32 68 76
26 20 83 40 88 2 82 90 31 66 17 72 24 68 38 32 37 65 36 46 64 16 49 15 73 6 11
27 28 83 96 26 58 79 29 78 57 6 54 63 18 16 39 56 68 53 34 46 32 80 41 30 92 43 12
26 29 17 73 36 47 91 21 72 80 57 11 26 56 6 34 52 1 19 35 46 87 55 98 27 37 40
26 54 40 77 7 20 26 79 33 68 75 48 99 10 78 15 57 92 98 44 96 18 51 95 38 31 55
28 29 86 64 67 45 21 8 10 49 62 31 74 48 58 90 15 88 73 30 56 44 80 22 100 34 24 96 85
26 58 35 66 3 94 92 23 100 30 91 18 78 19 9 21 11 33 63 48 98 51 31 24 96 39 49
27 48 1 27 88 64 32 14 49 72 34 71 87 69 9 89 94 81 100 83 82 57 18 28 54 15 13 92
28 16 6 20 9 5 89 52 10 46 65 32 62 76 12 17 54 8 28 26 98 31 1 29 48 79 64 80 63
26 35 21 69 57 79 18 90 22 10 28 15 44 50 58 37 23 65 88 71 85 29 42 61 39 96 83
26 87 52 57 59 31 50 39 53 70 41 9 38 45 92 7 10 79 26 67 54 90 83 96 15 29 56
27 19 98 32 52 51 42 69 47 4 34 83 14 76 58 7 41 79 88 26 33 22 56 5 17 11 60 78
26 87 15 89 49 86 45 65 46 43 76 63 9 85 35 17 94 19 12 27 93 4 51 6 96 8 47
27 33 50 64 65 100 67 72 30 93 62 60 98 38 10 94 95 23 84 76 73 45 49 80 70 18 41 1
25 36 72 96 30 5 65 28 66 77 99 40 86 24 89 1 14 26 55 84 57 61 75 78 25 39
26 34 87 70 73 16 5 17 47 83 84 96 78 2 36 11 38 99 22 10 67 46 7 45 35 61 93
25 43 17 41 80 26 51 89 95 85 46 38 60 11 98 84 47 13 83 6 76 86 24 67 63 99
27 97 70 98 23 63 59 72 39 88 8 44 26 78 18 58 30 37 62 77 25 51 74 89 5 46 64 11
24 74 87 85 42 55 54 100 5 28 61 81 15 24 72 40 84 13 33 17 46 93 56 75 1
28 34 90 3 59 21 82 52 51 69 53 27 97 96 32 1 16 50 49 74 29 78 4 45 44 65 48 8 22
27 3 26 63 11 50 78 77 40 75 73 47 32 56 85 91 93 99 81 42 14 69 9 100 7 61 22 90
26 2 7 72 51 99 3 96 6 34 68 32 98 74 80 18 27 79 48 35 58 41 30 53 33 10 59
28 68 40 87 88 32 92 75 84 19 3 59 36 1 17 94 44 28 21 20 85 67 93 37 96 60 65 77 39
25 11 68 25 12 85 49 24 30 41 15 87 74 91 92 94 51 31 38 69 1 35 90 75 9 88
25 18 75 88 87 6 45 61 90 96 34 51 13 53 99 97 47 92 28 12 65 77 21 66 73 79
28 60 55 41 2 73 57 97 34 31 37 46 92 50 65 14 49 29 83 33 5 61 9 90 26 32 87 3 15
26 92 89 5 55 33 95 16 31 97 98 62 100 58 21 27 3 1 86 67 82 69 19 41 25 49 94
28 73 10 85 4 75 20 56 36 48 100 39 14 16 30 93 17 29 33 96 68 3 32 27 55 86 62 8 21
30 67 62 64 77 76 47 3 71 83 93 7 51 38 90 96 44 98 4 18 73 25 72 84 5 9 53 24 56 27 48
25 73 46 26 80 15 96 44 22 12 40 89 85 17 99 8 37 59 82 21 30 69 2 6 11 5
24 48 69 10 37 28 92 35 97 70 46 13 85 23 81 95 27 90 22 60 24 11 45 33 39
27 92 34 80 21 57 87 44 88 3 38 39 81 29 83 18 40 79 76 99 89 6 58 78 91 28 31 75
26 11 65 25 39 94 70 71 48 34 68 47 54 87 90 14 95 42 55 56 35 31 4 79 96 37 26
25 17 61 83 72 94 57 22 47 65 87 98 7 70 37 96 27 92 58 32 52 12 88 6 97 29
26 19 15 83 17 26 32 38 85 4 79 52 78 53 8 73 64 27 40 48 98 80 3 42 31 43 33
25 21 15 70 57 88 53 93 72 18 94 27 71 97 76 30 86 28 95 56 36 90 3 4 52 35
28 32 38 35 4 84 12 88 78 9 46 44 86 75 10 93 26 3 97 36 18 80 27 21 57 41 17 81 23
26 72 86 59 25 58 92 37 19 22 20 75 54 31 49 61 94 87 42 9 13 69 76 47 90 99 12
28 81 29 62 41 93 57 79 70 7 18 84 31 4 71 56 21 92 16 48 40 95 5 43 6 55 44 52 63
26 18 100 3 66 61 8 83 50 77 59 99 14 35 57 11 92 86 19 89 54 67 69 79 20 51 36
23 17 97 38 50 89 13 14 32 72 6 47 36 43 16 19 100 56 4 65 55 66 86 85
26 51 8 55 11 50 67 45 84 75 49 85 64 62 70 2 41 12 23 56 91 73 74 78 17 26 89
25 16 87 89 11 3 34 76 9 81 24 78 17 32 93 62 92 84 29 61 100 77 41 52 66 91
27 25 8 34 26 97 64 44 12 4 83 65 100 82 93 31 70 90 40 29 37 27 7 96 13 77 3 6
26 80 40 8 73 37 99 1 96 18 3 14 15 79 26 82 81 98 56 41 54 39 13 28 69 38 86
26 56 41 7 80 24 76 88 26 22 68 9 19 63 16 87 83 98 78 20 50 17 62 10 8 42 45
25 10 77 53 96 42 46 2 20 78 1 24 87 35 80 45 43 66 30 93 63 22 76 51 5 44
24 5 13 11 34 17 19 92 43 6 37 95 96 38 88 75 78 23 25 63 97 57 53 70 10
28 62 81 54 36 1 13 65 64 66 5 20 80 67 61 35 41 4 29 32 19 48 69 63 90 53 83 28 60
28 77 91 12 6 7 56 22 96 37 19 95 51 81 71 54 5 23 72 39 88 17 30 24 41 62 13 89 87
26 85 25 4 50 15 93 90 53 55 100 76 12 37 34 17 81 73 8 29 6 30 89 62 19 78 98
26 18 91 75 28 63 3 30 93 5 2 79 76 96 22 41 58 33 78 45 71 31 50 82 60 9 83
27 44 75 38 72 4 40 84 51 76 31 53 2 17 36 81 15 33 92 39 83 5 62 65 71 63 61 16
25 94 26 16 62 29 83 8 80 97 93 51 75 25 71 34 46 88 57 95 58 85 50 7 21 9
26 96 95 6 16 83 56 54 43 100 89 79 38 11 40 82 87 70 76 18 93 64 22 17 61 32 62
26 19 15 7 12 63 2 98 13 93 22 32 51 9 68 62 78 45 43 41 58 34 67 49 76 85 10
24 81 64 63 60 74 44 3 38 79 52 95 13 61 32 55 15 47 9 27 2 21 34 24 70
26 21 22 46 36 8 24 4 11 23 47 26 44 72 77 78 48 76 25 82 3 65 95 16 98 79 55
27 100 58 22 84 11 54 8 13 34 63 51 61 46 33 10 75 47 64 80 62 21 60 79 29 27 25 48
28 87 71 86 40 95 16 25 4 37 92 99 97 32 22 100 53 82 90 23 1 3 28 56 46 9 59 29 15
26 20 37 14 61 90 34 55 25 53 23 60 56 96 42 87 84 99 71 69 39 6 5 43 73 38 74
25 36 25 95 38 73 21 50 68 61 29 75 54 97 19 89 24 99 41 59 18 39 15 80 83 94
26 30 74 56 93 58 9 11 27 8 47 39 2 55 78 90 59 3 52 91 61 96 85 19 40 82 92
24 78 88 38 54 63 98 65 58 97 31 26 1 56 48 47 13 77 74 30 62 12 55 4 5
24 58 32 51 69 71 8 38 98 93 42 80 13 95 67 16 30 66 55 79 77 17 34 89 86
27 16 29 66 76 77 62 34 45 63 81 75 83 23 69 14 2 4 47 25 49 40 9 92 97 79 52 32
25 41 27 100 69 7 36 83 47 57 63 76 66 56 31 86 52 80 75 50 78 54 38 8 28 53
28 68 49 96 12 60 24 4 92 11 64 28 88 13 7 31 53 17 27 73 41 83 14 59 57 70 65 95 50
25 41 23 63 25 7 82 19 85 83 13 36 71 14 79 49 9 28 22 37 48 44 53 66 24 11
25 79 36 58 13 60 10 3 67 78 27 18 23 95 35 99 73 28 72 63 2 33 90 88 12 65
27 100 74 22 90 3 65 73 72 81 78 10 20 52 7 47 85 93 71 28 80 95 69 37 49 97 82 88
28 95 28 90 82 60 24 71 56 68 51 57 3 59 74 63 66 52 21 6 45 4 58 42 89 39 69 88 98
27 55 66 100 40 9 95 99 23 52 26 78 13 86 30 51 53 19 75 25 92 72 89 1 58 96 97 59
27 82 36 37 41 23 71 27 16 88 95 57 52 48 96 22 5 99 1 19 93 13 51 38 100 44 8 45
26 74 43 15 32 80 88 30 87 76 70 91 9 69 65 21 47 36 1 52 5 71 56 35 20 81 100
27 97 63 13 7 76 55 15 73 80 64 44 91 21 45 42 43 35 33 36 88 54 46 3 89 57 28 10
25 70 27 72 31 16 95 29 24 11 45 71 36 67 1 63 93 44 23 59 41 62 73 65 74 10
29 24 78 91 81 79 12 30 37 9 93 15 56 19 65 61 71 98 76 72 34 44 83 3 22 17 39 28 54 80
27 27 96 1 55 9 60 87 95 93 65 5 24 15 26 52 43 16 94 54 23 76 75 86 25 41 83 56
28 33 2 88 82 96 54 53 1 76 48 11 6 22 51 41 98 47 73 90 69 42 10 39 35 28 37 38 58
24 29 6 15 71 27 83 73 3 94 25 76 61 49 62 88 56 34 52 78 26 96 22 5 48
27 48 97 54 98 4 27 78 28 49 26 90 53 91 93 84 69 5 43 46 34 39 8 66 71 24 16 63
24 4 27 37 72 94 51 64 65 99 74 19 7 89 44 67 32 62 86 22 88 8 68 59 70
29 33 29 32 99 70 53 36 52 85 60 24 4 10 78 82 20 73 98 6 38 58 42 95 75 2 16 40 30 50
27 44 45 54 11 61 58 30 74 72 80 7 24 71 18 20 91 95 63 70 14 36 84 77 10 86 55 27
25 56 90 27 12 63 77 49 42 83 51 47 72 1 78 43 68 26 92 36 8 97 61 50 85 66
27 60 48 99 20 100 82 45 30 94 76 63 32 38 62 11 50 25 8 9 39 75 88 80 31 67 81 10
28 57 99 75 37 69 76 42 21 67 70 61 1 51 6 18 92 93 65 11 30 85 47 77 81 29 62 78 83
28 92 30 93 91 46 16 47 6 50 88 18 78 61 65 37 14 11 19 13 1 5 36 75 20 55 10 87 64
26 49 44 63 47 89 54 94 52 99 18 65 73 16 32 48 58 43 35 36 95 72 74 29 98 45 68
28 92 48 60 43 41 11 17 63 55 1 22 88 69 51 74 44 59 14 57 70 58 84 80 62 34 61 26 64
26 62 33 42 12 92 17 94 18 99 81 97 54 74 27 21 40 90 32 73 4 26 45 23 11 28 85
26 78 85 16 95 39 53 40 19 37 60 44 29 66 92 3 99 26 2 7 77 8 70 13 61 72 52
26 48 56 28 46 79 34 60 17 41 72 37 18 27 64 84 14 15 7 21 9 97 1 98 44 42 95
26 29 30 99 88 4 98 12 71 92 48 100 85 93 94 56 28 36 70 66 16 89 5 80 17 20 54
27 82 76 11 75 24 12 40 17 5 54 87 74 55 78 41 56 9 84 50 85 86 3 16 29 42 94 77
28 64 55 21 26 10 22 23 34 68 24 43 95 93 100 13 75 17 9 76 38 57 45 70 36 30 66 7 69
28 38 20 87 77 62 70 76 53 94 9 78 24 75 8 90 46 96 60 17 65 33 80 56 81 22 14 32 98
29 65 43 60 10 14 51 20 86 90 26 92 47 98 31 88 73 37 55 78 79 46 19 21 58 77 74 84 11 57
28 80 64 96 67 37 91 68 62 72 10 50 92 59 6 51 89 66 40 21 30 100 8 24 23 65 32 70 88
25 3 40 91 38 60 44 23 83 48 49 9 90 14 5 77 93 8 50 46 42 61 92 4 15 17
26 70 58 1 19 97 12 66 84 21 71 2 4 29 24 65 95 27 81 90 7 43 63 44 20 79 64
26 62 54 98 79 31 22 50 93 46 33 53 1 11 64 16 73 70 24 21 51 68 45 14 88 55 6
28 69 34 68 32 70 41 13 87 80 21 22 60 44 93 95 97 99 53 49 100 10 47 67 16 58 7 63 50
24 47 24 23 33 8 32 26 15 100 97 45 52 41 94 39 58 95 17 14 20 93 66 84 82
26 89 80 44 4 30 78 47 10 51 49 3 63 5 79 92 16 17 6 53 48 42 60 62 99 2 52
26 41 26 85 75 8 18 52 62 50 58 65 80 1 38 37 61 21 3 2 56 7 96 4 67 90 82
25 99 37 33 84 83 100 16 71 59 4 20 9 85 1 7 6 2 8 36 25 43 47 40 3 19
26 62 74 53 61 91 20 13 46 87 29 69 14 77 1 49 30 72 59 5 67 23 95 56 43 39 37
27 8 52 20 32 7 17 31 11 37 12 80 64 61 99 81 90 47 89 91 74 58 62 3 40 15 67 73
28 63 19 98 48 71 83 56 51 79 43 69 95 6 31 89 38 11 80 58 49 61 40 20 85 68 16 33 78
29 16 97 69 98 59 17 96 21 20 100 2 43 58 48 62 77 93 87 52 9 27 44 61 86 56 54 85 53 83
26 83 13 42 71 15 26 24 63 55 93 35 69 80 95 47 87 81 61 58 30 32 91 3 23 17 34
25 25 72 86 82 38 22 93 96 71 92 30 48 90 63 85 6 89 17 8 70 12 11 13 65 73
24 61 92 53 98 16 27 88 31 60 3 82 65 5 99 97 47 30 93 10 49 63 50 80 14
27 77 55 71 5 17 73 99 89 70 80 49 10 67 47 31 86 54 62 94 75 3 95 7 87 76 58 39
24 99 40 45 100 93 18 56 4 8 35 76 49 23 63 73 13 62 75 96 58 3 2 20 72
25 75 24 2 6 52 86 67 33 42 73 71 36 8 95 90 63 43 59 14 98 65 69 16 9 7
26 52 48 72 73 98 49 80 9 39 41 27 92 34 87 6 83 65 15 46 64 40 99 50 36 66 16
26 1 66 50 22 96 18 47 15 31 24 37 35 14 54 11 97 16 63 81 39 38 58 26 65 95 79
26 5 65 8 94 90 98 77 76 54 44 84 78 18 34 68 46 53 22 57 31 56 20 26 88 50 89
24 19 94 39 70 87 37 83 56 10 60 47 84 31 33 53 68 61 26 34 50 96 42 29 82
27 72 25 11 64 54 90 6 88 39 92 89 47 28 13 3 10 95 14 77 78 30 44 68 31 52 74 99
29 13 49 28 88 4 9 94 3 57 17 84 10 89 16 90 36 41 2 81 70 66 18 83 11 24 5 65 58 97
27 66 31 3 59 34 10 21 87 42 12 78 29 43 28 93 69 88 18 90 48 91 72 37 68 5 20 52
27 22 75 76 100 74 5 27 94 34 14 8 38 80 54 83 18 4 25 87 56 98 73 67 20 29 31 52
27 94 30 44 40 4 72 50 5 41 20 56 79 17 68 47 19 100 78 35 31 81 18 29 88 84 12 70
28 74 64 73 93 57 10 41 22 100 19 67 65 98 88 91 51 80 60 66 11 7 75 25 29 21 16 84 77
27 32 70 14 25 93 57 41 29 36 76 97 9 5 4 15 72 79 22 38 81 95 73 11 12 86 40 80
28 34 5 88 64 10 84 7 83 71 28 89 59 69 57 19 2 35 92 45 12 65 94 44 63 79 54 32 26
24 95 59 55 80 20 84 4 96 49 73 69 35 18 50 21 81 63 42 52 15 44 8 57 10
25 62 99 24 59 76 56 78 85 91 28 19 100 81 87 21 50 26 73 83 47 63 35 45 39 27
28 58 41 18 64 33 3 83 78 85 23 96 36 2 50 88 22 75 72 70 8 81 56 44 84 38 17 77 4
27 63 27 55 67 66 100 54 26 14 61 33 45 17 68 76 72 59 35 51 91 52 22 19 6 58 74 80
27 46 51 53 71 100 93 28 55 56 27 37 17 66 87 1 80 20 45 94 62 69 32 3 49 31 2 70
28 47 22 6 63 88 80 91 43 13 31 23 55 92 2 51 69 39 93 15 35 16 38 50 97 87 84 34 21
24 71 53 73 2 18 76 25 81 63 19 87 89 4 21 61 93 30 26 32 67 48 77 56 78
26 79 13 26 36 51 34 64 39 54 58 69 57 80 20 60 70 40 32 91 94 10 72 59 48 22 100
26 69 55 17 70 34 53 9 2 59 49 21 28 38 74 50 7 76 93 45 30 16 39 1 13 42 26
26 29 11 48 69 51 27 5 45 25 21 19 37 57 66 73 20 30 54 87 85 18 44 99 53 67 39
28 20 29 13 41 23 67 7 42 57 72 100 88 51 11 64 62 31 17 56 39 81 83 5 96 26 94 30 53
28 26 25 52 56 73 86 32 79 43 10 91 89 48 15 1 66 92 70 55 14 63 80 41 7 64 54 51 24
25 100 12 7 92 39 48 32 78 8 66 6 82 13 76 87 53 25 24 90 23 88 42 86 18 74
24 37 78 34 79 41 87 98 69 88 2 29 31 63 14 8 84 5 68 54 21 59 55 11 75
24 52 45 88 37 42 47 77 17 99 26 82 41 18 7 73 72 5 94 69 49 16 100 1 2
26 32 46 67 96 79 25 89 75 12 53 66 86 43 57 52 3 14 84 22 29 15 2 61 35 44 63
27 9 90 35 28 54 39 37 88 84 61 23 98 25 95 7 46 49 67 41 43 3 94 30 42 29 69 66
28 90 36 49 91 51 82 22 56 7 74 3 33 87 31 39 83 21 48 61 66 17 97 50 23 13 40 37 29
27 83 32 9 52 19 28 15 88 75 60 57 65 90 11 46 14 91 41 56 29 89 4 67 72 1 43 39
26 81 1 2 54 80 16 10 30 34 89 68 31 66 59 64 47 43 32 96 44 51 56 83 15 70 76
27 42 17 9 96 28 97 2 13 15 64 86 94 84 87 51 16 39 49 45 79 63 3 69 10 100 37 19
25 27 100 72 64 94 55 50 67 24 95 71 88 15 92 18 99 91 4 44 10 82 16 6 22 85
26 12 59 53 33 96 37 10 98 30 25 4 66 78 97 69 23 18 89 26 8 43 60 85 14 79 100
26 39 51 23 30 84 38 49 36 41 14 95 34 21 4 33 48 45 7 50 97 96 57 83 58 12 87
30 60 83 69 44 81 40 14 54 12 68 89 7 67 33 71 8 53 3 94 21 26 87 5 45 25 41 19 78 97 52
27 55 12 60 10 39 77 14 49 7 86 11 3 50 88 34 13 24 22 63 21 96 95 100 64 99 81 53
24 21 6 44 56 59 64 55 10 71 91 13 62 41 80 51 81 30 17 92 2 26 9 42 65
26 34 11 52 25 87 83 32 92 82 30 53 56 13 51 72 58 73 35 17 85 47 6 86 68 37 62
28 27 8 12 42 66 29 86 64 9 55 41 31 53 38 37 36 72 91 43 77 39 60 73 99 44 62 81 18
25 47 26 53 61 36 18 12 94 73 71 31 80 77 59 74 49 65 75 97 95 51 39 83 87 23
28 53 71 44 61 41 100 36 9 76 24 89 28 15 38 31 29 30 87 22 50 80 47 88 95 51 55 2 4
23 22 29 79 93 36 56 44 80 47 67 3 53 55 34 66 100 30 81 2 89 7 25 85
25 19 31 66 18 46 47 27 72 26 80 40 8 57 96 62 38 29 60 85 59 65 7 64 58 20
25 80 79 85 47 1 23 65 20 2 39 84 70 66 45 38 33 98 58 86 68 67 6 52 94 76
25 40 44 73 57 55 92 67 28 5 91 13 96 77 88 60 64 69 38 18 4 48 70 54 19 51
24 45 49 74 97 8 86 77 16 64 71 1 98 53 5 81 6 92 78 36 41 79 61 88 82
26 59 51 100 10 9 75 4 11 47 6 64 88 34 36 3 2 83 50 32 38 99 30 29 20 55 23
28 25 48 52 53 50 97 23 81 32 38 57 18 34 20 13 82 4 1 15 21 62 80 9 72 75 2 44 76
27 34 58 8 87 19 45 40 7 10 28 64 97 79 55 68 59 36 47 61 3 67 92 21 42 91 9 37
25 33 44 2 68 54 6 1 72 21 65 15 7 81 86 71 28 97 52 3 100 53 57 16 59 79
25 86 29 19 54 49 2 16 5 36 38 39 58 27 14 56 26 96 22 4 17 63 80 90 67 70
27 34 6 78 81 42 27 35 73 31 29 46 10 69 47 7 75 33 66 19 88 51 3 100 52 18 13 97
26 32 41 71 66 33 28 82 64 46 55 49 67 29 61 31 25 87 1 70 91 6 86 34 78 37 2
25 36 79 59 82 64 3 50 71 87 24 91 39 35 15 9 66 40 27 37 84 77 98 33 51 97
27 65 53 96 45 22 9 15 79 20 99 44 88 85 51 12 21 73 91 23 63 86 7 29 37 25 49 97
23 22 40 96 16 42 15 63 52 30 31 64 44 80 84 60 8 83 62 11 73 59 7 53
26 33 53 92 36 15 18 45 79 40 83 89 48 7 9 49 94 51 39 28 95 87 100 57 2 61 76
28 45 69 58 7 62 72 31 67 39 53 13 44 22 90 2 42 3 21 20 36 19 37 33 92 30 35 24 64
28 59 45 5 3 38 64 57 29 24 60 20 78 47 88 70 68 81 73 71 82 18 98 10 43 39 80 85 37
25 71 62 70 46 50 3 19 68 87 47 98 72 93 64 60 1 81 58 95 38 4 13 25 76 32
26 1 60 88 14 40 92 7 49 77 53 18 20 23 13 36 3 64 28 31 99 48 2 16 91 84 8
25 48 27 73 44 96 56 61 98 66 94 99 4 50 68 59 36 30 34 58 12 33 75 8 17 5
26 43 41 48 70 63 28 7 99 2 78 35 37 69 5 72 6 29 42 27 8 10 59 22 94 16 45
28 12 82 28 80 48 98 92 33 83 67 39 29 59 72 23 1 37 88 4 73 57 34 35 26 46 76 60 61
26 90 72 31 81 61 37 49 10 46 88 95 47 44 69 78 52 1 4 7 24 65 91 77 21 97 76
25 34 13 63 29 81 23 82 47 53 37 59 45 62 92 4 89 6 17 83 25 51 95 32 24 41
25 6 31 90 51 83 67 86 3 92 17 24 26 62 10 54 95 77 42 75 66 21 5 27 68 71
27 93 70 38 66 42 96 71 68 35 63 6 76 67 10 72 17 51 44 37 85 55 73 49 15 50 84 48
26 71 30 29 67 91 10 82 11 78 42 97 40 80 5 19 25 4 96 35 51 17 49 92 7 33 43
25 36 85 19 63 83 48 57 5 21 69 90 15 56 66 14 61 26 37 45 73 40 79 58 72 42
24 1 76 81 73 48 46 87 2 6 71 16 83 93 30 57 23 31 43 3 44 95 14 35 26
26 100 55 65 76 2 12 77 9 44 52 78 40 71 8 47 60 59 42 17 85 69 10 1 41 48 81
23 84 17 42 90 59 6 77 18 61 48 49 23 3 69 8 94 57 66 12 60 35 82 27
27 35 12 94 28 38 31 73 71 2 86 33 6 49 14 18 67 41 76 56 84 22 74 37 75 63 30 81
27 17 93 78 96 12 30 92 2 21 56 95 68 62 39 89 10 90 43 31 67 76 71 7 33 44 8 59
24 88 11 64 91 75 39 53 61 13 60 48 33 56 27 35 92 7 23 95 14 26 38 24 79
24 87 79 97 36 86 22 33 31 10 23 71 92 77 21 75 32 53 54 42 43 60 76 96 9
28 11 64 84 66 45 59 93 98 99 36 67 26 10 14 16 49 91 7 17 87 31 94 29 72 60 81 18 24
25 98 47 85 27 22 64 52 72 89 84 3 24 71 77 49 45 53 2 76 13 90 57 93 96 20
24 42 19 78 60 7 15 46 86 37 4 77 71 34 17 5 84 82 21 14 76 83 28 27 6
23 13 62 14 18 15 77 45 24 9 79 91 29 86 100 85 63 8 31 73 30 34 49 27
26 97 17 67 24 38 58 95 77 72 34 55 47 70 40 22 83 85 30 35 6 84 5 91 39 43 99
25 43 3 49 21 51 20 26 50 89 25 100 1 40 29 17 81 96 46 77 55 59 41 66 99 35
26 34 44 69 50 28 96 60 79 18 86 59 76 13 39 49 64 25 99 24 48 97 88 40 38 16 80
26 65 25 16 52 81 32 26 89 28 59 29 39 82 23 93 15 96 49 14 67 12 20 46 10 40 17
26 81 62 33 76 44 7 1 60 85 68 27 61 73 5 86 91 100 47 55 17 24 69 96 50 56 72
25 55 36 14 85 99 25 94 28 3 93 96 23 78 73 52 6 82 66 59 35 88 91 80 67 17
28 44 54 16 74 19 84 47 85 69 96 71 68 34 33 10 88 38 70 90 39 75 40 86 37 73 17 42 87
24 21 98 54 26 14 90 23 11 38 50 69 94 52 28 65 64 55 99 29 40 53 33 22 15
27 77 71 87 20 78 49 51 72 21 66 67 50 4 6 81 23 56 15 12 48 94 37 22 74 82 39 52
25 14 51 53 66 100 82 44 24 85 22 65 33 50 23 62 89 76 25 45 86 83 17 20 80 61
26 79 69 24 56 67 6 77 72 20 78 22 59 52 2 83 18 97 64 100 75 1 88 45 87 30 73
24 33 60 76 94 20 4 15 100 88 95 37 85 43 14 84 70 11 30 80 27 16 69 86 19
28 19 26 97 59 84 10 90 61 70 99 95 12 53 2 72 89 4 11 5 63 94 43 68 14 45 1 37 92
27 8 33 26 22 7 61 78 97 6 77 39 20 38 56 86 95 50 47 23 28 46 90 76 4 14 83 94
24 28 27 93 41 7 74 85 23 3 47 31 48 87 44 51 71 19 77 46 96 73 89 91 65
25 33 99 8 5 50 37 86 45 7 69 46 61 35 34 27 94 38 31 55 79 70 89 28 29 51
25 66 10 28 75 73 48 14 19 7 25 90 88 65 8 76 11 67 21 60 30 68 92 57 84 83
24 87 99 96 71 30 13 84 65 7 39 60 61 63 10 15 43 86 76 52 48 14 56 49 66
24 62 44 89 46 23 81 20 8 64 77 72 10 35 39 9 22 66 43 49 27 84 4 58 1
27 1 89 5 72 77 68 24 65 62 83 34 38 21 84 23 40 60 53 7 15 79 44 9 80 74 56 52
27 60 20 36 63 7 95 41 96 37 19 6 51 57 31 70 79 74 91 46 12 22 30 65 61 38 87 69
27 88 63 82 19 99 22 24 44 50 18 45 48 8 85 61 65 27 73 29 94 83 97 66 35 21 60 52
28 21 64 13 45 20 73 75 66 76 100 84 6 89 81 31 94 19 8 10 24 32 92 5 29 85 93 69 49
25 14 60 48 43 50 96 39 17 92 7 85 33 34 97 95 75 5 69 8 84 89 46 83 37 15
28 8 95 18 60 75 51 100 83 73 46 57 91 11 40 36 38 68 39 67 66 82 61 6 31 19 54 65 21
26 77 42 70 85 21 95 84 68 60 47 76 90 81 94 30 72 34 18 73 78 37 46 25 50 12 51
27 51 62 82 75 33 17 94 28 32 12 39 15 43 34 45 44 58 49 59 47 74 24 83 27 95 73 16
24 66 25 8 32 30 50 1 48 61 16 41 65 45 13 99 89 15 75 22 97 44 37 5 86
26 17 74 45 99 65 53 19 87 20 68 67 81 44 5 22 61 33 100 43 75 40 79 3 12 59 48
29 57 86 93 39 63 33 22 78 16 13 61 85 89 69 94 30 59 2 3 90 5 73 40 50 98 11 52 1 34
26 16 57 31 35 79 49 70 27 60 38 82 89 61 5 43 52 53 10 98 22 4 2 42 59 76 92
29 40 54 10 81 57 22 37 16 29 49 89 33 12 34 75 32 9 36 46 44 50 60 53 96 91 77 23 28 42
24 55 70 71 27 73 80 94 33 4 98 91 65 87 34 23 5 85 12 78 3 29 14 57 88
27 21 44 61 20 80 64 53 45 47 58 42 99 92 75 88 25 69 4 59 8 10 97 26 93 84 24 36
24 90 38 4 73 17 82 52 63 33 71 21 46 64 9 62 66 32 3 2 69 7 45 91 5
28 38 2 37 75 95 15 69 47 52 8 84 50 100 59 12 85 32 93 24 70 62 88 45 30 14 1 71 98
27 29 9 10 7 34 66 33 24 70 13 94 23 75 28 63 46 47 43 88 42 58 27 38 31 36 99 25
27 78 69 21 67 15 27 84 7 79 85 16 17 68 14 37 48 39 100 3 36 4 56 51 94 43 87 59
25 39 13 83 51 44 36 94 3 28 69 65 48 17 10 63 100 25 87 95 26 86 38 31 5 68
26 2 72 39 78 98 56 19 38 47 20 11 54 28 14 5 64 25 96 80 27 50 45 75 95 42 82
25 22 5 32 54 26 73 4 8 18 33 86 92 9 83 40 47 70 10 12 50 49 35 48 44 98
27 75 7 16 21 72 48 34 9 80 51 90 62 68 47 82 3 12 40 59 73 98 18 30 96 77 8 70
29 8 38 40 48 6 71 10 91 25 34 62 85 47 92 76 82 17 14 98 37 75 13 69 12 59 29 56 5 99
23 41 93 42 86 60 34 64 23 21 4 26 30 58 77 38 63 72 53 83 6 33 25 17
24 20 83 53 50 87 62 84 88 97 54 77 78 85 22 81 70 44 93 29 65 38 67 79 43
25 46 64 65 32 88 93 95 44 94 17 57 20 66 18 12 51 9 27 73 13 21 45 71 86 90
27 68 5 54 33 74 84 51 79 78 72 15 100 2 65 89 37 4 48 57 85 25 88 13 70 91 35 95
27 79 41 52 11 57 44 89 61 92 15 63 91 65 62 68 76 25 35 85 24 8 71 47 40 32 28 59
26 53 88 84 56 74 64 93 71 92 19 57 11 61 38 24 94 65 73 51 60 4 79 22 46 81 36
25 96 54 17 89 91 82 68 98 71 65 45 97 31 8 67 13 28 40 30 21 5 9 12 88 78
26 3 68 41 48 69 80 45 77 58 29 4 6 46 91 21 76 78 94 70 40 50 17 10 73 33 66
24 27 66 25 13 49 94 57 87 83 29 56 52 31 58 80 68 91 37 99 4 92 100 84 78
24 17 60 66 53 67 61 71 95 33 8 83 74 25 96 85 48 75 29 89 65 19 100 32 40
27 73 55 23 36 89 15 27 34 47 50 87 32 56 69 42 98 93 35 40 100 92 43 31 75 22 85 71
25 68 83 69 48 73 55 60 87 47 75 89 40 27 44 41 100 23 80 22 76 37 97 78 19 9
26 71 76 28 21 43 52 82 41 100 88 37 49 53 16 33 69 13 89 4 57 81 90 6 99 23 22
28 64 3 70 41 6 83 14 31 67 58 34 7 8 60 100 73 88 17 13 87 32 56 77 78 28 68 46 49
24 90 23 45 69 30 68 43 18 87 93 77 24 73 46 74 48 36 1 3 34 8 49 16 15
26 37 99 22 4 56 33 32 70 1 30 67 73 85 14 59 31 44 62 12 96 75 79 18 100 66 19
23 37 13 43 55 64 12 59 36 28 18 35 74 70 8 100 80 61 81 86 44 85 47 21
26 26 23 10 61 98 67 79 25 39 20 77 1 80 66 38 74 57 71 40 19 47 29 21 94 54 92
25 39 93 52 33 65 23 53 47 79 43 27 13 66 82 8 78 36 5 16 88 91 18 58 70 64
26 68 41 78 1 26 33 49 19 51 3 54 32 70 85 88 27 5 31 45 97 28 94 62 46 13 29
27 98 9 33 91 99 69 94 56 75 34 25 51 37 62 96 60 1 71 10 88 67 63 44 17 73 23 48
24 92 75 36 11 49 19 97 15 47 40 32 58 70 56 73 45 54 78 42 25 24 66 83 52
27 22 79 5 87 63 11 47 38 41 65 48 68 88 95 66 33 7 3 36 52 29 100 46 53 71 96 81
26 97 12 28 91 2 9 45 73 44 18 21 100 29 36 13 20 68 61 98 30 74 31 49 63 85 78
27 99 78 34 66 81 51 92 39 73 12 48 93 19 76 41 1 45 31 8 87 9 57 25 27 55 89 53
25 46 40 53 85 64 37 66 59 9 41 18 91 89 54 65 50 3 13 44 51 72 22 6 16 21
26 15 45 47 58 23 9 61 16 94 21 20 12 7 41 33 5 37 89 3 71 43 13 84 62 46 78
27 9 18 33 67 5 49 10 48 1 8 59 83 43 22 29 42 32 46 84 24 6 25 2 71 75 66 73
26 85 6 79 70 58 5 91 94 16 92 73 12 14 50 34 29 24 37 1 11 67 76 61 7 78 83
30 28 60 10 24 9 41 32 65 3 40 95 19 4 8 34 44 93 11 82 73 58 63 96 62 43 18 7 47 68 92
26 59 13 44 95 78 9 88 56 65 21 58 48 19 92 91 68 57 26 69 2 50 63 93 79 81 23
24 37 21 1 90 75 82 67 96 64 9 54 53 68 32 5 41 43 15 92 31 77 88 70 2
27 84 37 66 75 30 58 50 26 74 35 76 24 20 78 25 36 7 57 88 82 59 44 71 54 52 16 3
27 42 53 91 24 32 44 75 58 93 56 72 60 86 81 62 82 3 8 22 31 49 1 21 27 65 25 83
25 81 27 13 80 97 57 88 30 2 82 19 85 73 25 53 100 63 22 15 29 7 78 34 31 66
26 99 4 49 52 45 97 21 17 83 3 34 86 23 66 87 95 92 36 27 64 9 91 77 13 55 74
24 89 50 86 29 23 65 95 82 26 27 30 41 20 73 84 8 19 68 71 61 28 78 24 40
26 37 78 43 59 23 18 61 49 26 36 68 57 77 75 88 25 29 52 19 70 34 51 100 28 85 2
28 1 49 43 44 41 63 53 75 84 59 89 6 36 98 83 17 26 96 54 40 58 90 57 46 47 21 87 92
26 16 11 5 55 7 64 39 30 85 88 13 73 8 56 28 81 3 79 21 67 47 83 87 78 9 70
24 69 79 36 7 18 16 85 91 39 89 77 2 9 46 94 96 55 70 76 51 92 95 23 65
28 85 62 72 38 94 70 29 44 63 30 10 16 100 1 64 3 46 60 56 28 24 40 7 36 14 17 82 15
26 19 78 97 99 1 98 92 96 48 23 40 62 65 63 36 52 61 60 46 28 5 21 57 67 66 93
27 65 90 7 24 28 36 82 9 89 10 76 20 64 43 96 48 38 53 34 3 72 66 63 27 46 33 22
24 88 69 43 84 94 67 54 1 28 81 79 78 98 53 93 52 65 12 99 3 96 72 36 18
25 50 27 74 94 52 97 69 25 99 24 10 92 91 65 66 89 17 42 15 79 96 40 18 9 85
27 80 43 7 93 67 82 88 79 20 61 35 30 34 87 5 3 99 28 10 18 65 98 56 22 96 33 37
26 39 89 11 31 2 34 29 66 86 25 13 68 71 62 27 58 74 91 88 48 44 46 69 4 82 99
27 29 41 3 77 94 85 23 73 13 62 90 82 100 21 7 63 55 8 75 89 18 2 35 39 14 70 48
25 4 25 7 22 94 78 69 50 27 31 60 62 93 79 48 71 33 8 77 74 61 30 76 65 1
25 10 1 29 76 34 98 9 74 5 96 46 36 100 58 84 92 45 31 35 66 86 91 85 82 49
24 25 94 9 45 7 97 24 84 83 28 21 31 57 14 71 42 8 10 13 88 19 81 41 16
28 28 97 92 3 75 58 22 94 14 1 9 8 26 72 90 63 60 24 96 21 2 95 50 17 11 64 51 40
25 21 82 60 20 13 65 1 77 78 70 52 45 46 48 56 55 61 96 15 31 39 43 19 54 38
27 9 42 51 29 71 27 54 91 39 99 84 4 47 34 98 49 79 43 82 55 30 52 65 86 89 5 2
24 49 77 12 40 44 70 64 82 46 63 50 47 23 25 31 76 95 55 94 18 8 57 16 28
27 65 8 100 20 24 21 41 66 94 18 2 9 16 99 82 27 14 25 34 92 64 1 95 69 74 19 51
23 39 57 81 49 32 31 35 11 65 24 13 42 80 60 53 3 97 38 18 37 14 47 84
25 83 92 34 9 44 42 47 4 72 52 82 30 46 91 85 7 39 29 65 27 2 36 80 73 1
24 100 52 48 84 67 43 87 82 26 96 65 47 61 28 30 79 38 27 19 34 45 58 60 40
26 99 51 4 49 3 58 22 78 14 83 24 34 8 74 84 36 67 94 64 28 1 18 87 29 98 26
25 60 45 62 18 89 54 9 99 85 78 84 83 77 82 13 95 15 38 2 61 3 29 90 76 6
26 71 10 69 41 88 16 82 75 63 87 47 51 89 9 34 54 70 73 8 61 85 36 45 14 67 100
25 5 99 97 37 42 70 80 98 31 41 68 27 52 58 3 71 83 69 66 95 90 18 64 94 24
25 7 49 82 22 71 96 90 35 93 63 84 1 17 92 89 59 83 73 72 51 23 19 61 100 86
23 95 42 18 11 60 70 88 28 85 69 15 61 58 49 48 25 52 80 84 19 12 50 45
27 30 32 71 81 100 26 69 57 5 77 86 24 15 98 76 16 48 80 93 45 73 46 47 82 9 90 95
27 8 57 76 26 65 43 45 70 19 49 3 77 69 11 18 51 91 61 41 60 16 64 21 90 63 97 84
25 55 67 88 36 82 18 45 26 44 21 86 90 76 9 64 95 5 77 69 72 73 47 75 32 61
26 93 56 96 54 66 77 39 19 69 98 32 42 35 30 23 36 67 6 59 9 17 21 46 8 20 79
26 48 49 67 1 5 17 92 24 83 80 4 71 47 45 40 16 93 82 94 10 12 72 23 59 31 81
25 13 83 60 73 98 58 57 92 27 78 62 84 74 41 86 65 26 11 99 18 17 50 6 36 55
24 6 69 62 93 65 98 66 74 85 49 80 53 2 52 24 63 31 42 11 40 91 8 19 13
23 22 47 67 99 43 68 69 21 55 90 92 26 46 19 11 28 72 79 40 86 59 49 27
25 32 10 92 93 84 6 48 17 75 30 23 85 86 54 8 91 2 5 26 69 49 31 82 13 56
26 43 24 60 64 76 81 32 66 83 92 42 41 49 77 82 6 86 55 56 71 3 53 99 69 84 17
27 62 51 52 9 47 78 49 95 32 50 54 1 27 46 37 26 61 30 14 58 75 97 84 36 10 93 45
25 33 25 57 75 27 60 87 42 98 77 17 18 62 65 78 97 8 94 76 12 61 49 23 88 14
28 16 7 88 66 58 90 5 33 25 95 50 61 56 20 84 60 80 24 87 38 75 51 54 2 53 47 68 71
25 59 73 29 27 24 12 10 32 71 86 49 92 95 93 75 76 39 97 69 47 70 63 74 43 84
26 78 81 91 98 8 1 33 77 93 88 22 17 46 59 7 50 70 99 12 72 73 47 61 9 86 11
26 84 29 98 74 15 86 40 81 93 10 31 64 44 30 22 97 76 95 73 85 36 27 82 50 91 47
25 69 71 29 67 51 13 80 23 47 46 9 75 11 15 10 83 24 5 100 30 55 43 73 16 85
26 88 73 1 43 58 42 63 71 18 82 96 10 57 9 89 53 60 29 23 39 21 12 51 99 28 59
28 92 64 70 4 50 29 81 75 43 15 47 23 59 49 51 100 86 53 39 10 68 95 31 1 69 90 76 46
24 71 44 67 77 49 60 96 36 18 75 30 1 4 5 95 70 31 79 2 83 80 57 23 89
28 42 96 21 6 23 11 9 68 41 59 17 100 85 93 95 26 54 8 30 64 15 43 52 91 35 58 55 38
25 28 77 70 92 53 48 99 98 65 41 62 3 39 2 72 9 25 12 94 78 37 85 18 10 6
26 74 50 48 83 46 33 39 41 49 12 36 60 84 45 42 89 30 63 15 70 97 80 81 56 69 94
27 14 24 41 60 15 84 20 97 59 8 16 6 71 81 72 85 33 56 74 73 5 19 49 80 4 98 7
29 25 60 5 89 70 30 91 49 44 87 13 84 53 3 98 34 46 94 71 85 93 32 15 23 26 56 20 4 64
28 49 39 8 15 47 14 29 41 20 24 46 30 66 27 16 51 44 80 59 21 23 67 92 58 93 54 83 86
27 7 42 57 56 61 15 4 74 32 53 36 18 85 58 59 31 100 13 66 91 67 98 28 82 25 23 29
28 59 94 96 60 45 95 54 15 11 47 75 69 82 24 71 81 88 93 52 74 1 63 36 67 10 72 68 65
26 34 46 65 85 79 35 9 59 22 82 62 50 6 11 37 88 12 28 20 81 25 98 26 32 80 45
26 99 86 93 34 59 88 87 61 54 30 48 11 98 83 6 40 95 20 41 43 29 76 19 92 81 63
27 29 53 89 49 83 1 7 95 52 11 2 36 19 46 44 51 42 16 41 60 76 25 69 18 98 27 13
24 66 88 89 96 10 30 52 31 41 44 24 81 6 70 8 92 49 19 69 68 91 73 100 4
27 66 42 61 63 11 59 62 97 2 53 21 56 7 80 67 1 70 31 91 18 16 93 39 74 48 87 6
26 67 69 65 64 7 2 73 42 61 66 81 47 25 5 3 38 99 89 87 29 54 16 15 8 11 4
27 21 24 46 34 79 59 13 8 49 56 27 88 63 22 51 11 44 32 93 97 53 43 40 72 37 99 67
27 83 46 57 94 35 78 47 42 51 1 61 41 48 29 37 64 15 49 58 100 96 26 19 9 59 38 68
25 42 86 89 34 74 77 29 32 41 82 53 55 65 16 25 9 87 38 54 17 14 11 59 22 18
27 8 29 74 45 98 41 77 44 99 2 59 71 84 10 64 78 66 50 20 15 63 79 6 34 65 23 24
27 18 10 37 68 80 47 85 14 92 39 70 25 49 66 20 15 61 23 4 24 81 43 40 51 93 32 63
25 81 94 74 48 66 61 21 68 86 5 46 37 83 43 71 92 12 10 32 90 42 6 31 98 2
28 52 45 11 19 70 77 47 81 29 99 53 61 55 94 39 93 62 4 20 76 90 5 98 96 72 33 57 18
26 26 90 55 70 3 21 56 45 4 38 18 59 65 28 81 57 62 99 33 75 48 36 64 37 78 89
24 46 58 87 60 90 88 9 64 6 37 30 25 24 40 5 94 62 35 50 44 57 15 82 85
26 67 56 3 35 6 66 96 44 47 22 23 26 95 60 81 39 71 12 31 87 61 91 98 49 70 27
26 78 40 37 7 13 10 20 54 93 11 2 16 98 81 47 27 21 48 14 23 96 35 88 64 4 46
27 5 88 28 21 83 70 52 44 72 25 33 48 85 14 68 51 87 42 94 91 40 49 9 61 45 71 62
27 86 94 85 45 71 62 64 6 72 56 22 20 13 29 78 35 81 7 44 54 57 23 27 95 3 34 89
26 44 25 19 8 37 81 72 14 90 89 9 80 51 74 42 61 83 16 62 20 38 46 33 28 98 48
26 55 17 81 39 75 88 30 50 96 18 47 22 36 59 64 53 34 45 73 48 20 89 65 2 78 67
26 57 18 80 90 22 99 59 1 17 66 89 81 92 95 14 5 93 16 98 3 74 28 77 23 85 29
27 7 29 45 61 82 10 86 90 76 1 37 4 87 81 8 12 20 89 94 46 60 25 73 31 14 96 97
25 34 89 62 68 16 75 46 20 69 1 47 8 23 51 9 18 71 39 13 44 65 36 59 100 96
26 56 54 74 42 48 47 30 76 57 61 89 85 41 3 21 25 94 10 16 33 84 24 20 18 7 67
26 75 17 60 68 53 33 64 12 79 88 41 80 52 70 32 55 51 27 72 2 19 56 48 14 62 39
28 58 22 99 51 84 87 52 6 17 64 3 34 95 44 92 94 79 27 75 47 88 35 33 68 59 90 67 65
23 1 9 74 73 40 36 89 55 87 6 52 94 61 22 21 10 43 38 42 70 88 63 97
25 17 78 57 35 21 97 13 46 81 55 89 40 10 74 86 22 76 56 25 12 96 15 26 38 11
24 27 93 96 18 22 46 16 44 15 1 97 71 81 26 95 41 100 69 24 17 3 31 74 9
23 58 100 17 54 51 81 86 71 48 61 84 2 41 75 77 23 46 10 95 26 60 33 20
25 47 19 50 33 12 95 89 81 7 100 21 91 77 4 99 23 48 78 88 1 85 9 71 86 40
23 88 1 50 64 15 68 84 5 100 42 87 57 81 65 33 2 39 10 91 23 9 30 24
26 79 5 91 2 9 57 20 11 76 93 15 62 3 60 83 8 22 64 31 74 85 39 94 48 80 55
24 51 49 54 55 5 22 27 70 53 52 39 86 58 74 12 7 77 61 60 32 14 10 64 21
23 71 23 62 3 31 49 30 5 1 51 47 88 16 79 11 18 48 60 22 86 37 59 100
25 29 4 17 82 7 88 55 73 84 19 97 80 9 95 13 61 66 76 15 90 1 72 33 16 10
27 18 9 72 77 60 90 45 11 49 7 82 29 24 67 36 14 38 12 19 6 97 83 61 68 34 21 4
24 37 32 45 57 2 61 55 40 72 89 58 81 25 79 12 94 47 39 34 51 92 10 77 31
26 86 21 40 27 96 50 64 35 97 2 12 66 79 81 43 36 75 62 8 69 74 24 54 33 87 49
26 14 100 88 35 7 37 75 56 94 32 46 82 79 11 69 66 24 13 73 87 21 57 85 43 22 45
27 54 34 92 70 7 66 44 20 95 10 72 17 53 63 9 76 4 3 39 33 77 61 24 6 42 99 43
26 85 86 87 33 57 77 12 72 41 13 6 96 20 52 93 83 38 66 59 8 22 49 88 99 34 55
23 14 70 33 12 72 93 35 51 13 40 81 64 80 59 100 6 4 52 83 54 45 84 11
25 53 74 84 55 41 30 26 89 36 49 73 25 2 78 33 86 10 83 16 60 9 18 50 100 98
28 66 49 99 69 89 6 87 64 73 52 92 9 58 13 83 39 74 84 77 14 30 95 29 67 100 22 85 72
24 46 84 2 53 25 19 14 40 88 81 11 36 69 29 79 75 26 39 89 35 4 50 28 95
26 3 42 21 2 51 66 35 22 85 86 69 72 90 45 98 56 61 78 14 38 12 79 26 37 96 82
29 25 51 50 26 78 6 34 23 42 62 74 93 7 15 33 96 65 5 54 22 91 61 40 92 73 83 3 8 100
26 10 26 55 79 52 73 2 66 94 80 30 74 56 96 20 75 86 8 48 32 77 17 28 50 64 90
26 25 11 96 82 64 13 77 86 32 59 60 79 15 17 52 28 48 85 65 49 53 19 29 12 93 36
26 83 82 12 64 21 13 10 34 89 57 6 85 22 55 16 59 36 15 73 17 95 4 58 42 40 25
27 91 58 32 65 4 8 9 44 99 2 34 83 57 28 51 90 77 26 98 88 19 52 87 84 66 67 43
25 5 87 84 53 42 51 92 34 26 64 96 72 13 16 10 74 61 77 22 37 30 17 41 6 83
26 9 72 35 68 51 89 69 28 85 24 25 37 56 67 50 12 91 21 46 75 57 86 4 17 60 54
25 82 3 15 29 35 64 73 100 99 80 7 31 16 23 55 33 49 75 59 47 20 53 26 52 8
26 47 96 56 65 90 98 91 95 30 17 55 61 92 42 16 18 97 40 93 15 78 89 84 29 4 64
26 83 4 89 39 100 85 69 96 11 46 1 66 7 78 50 55 34 13 43 98 62 88 9 56 20 67
24 35 24 18 63 98 76 96 62 47 81 22 50 55 68 72 75 29 34 41 100 26 99 10 69
27 85 71 67 32 16 39 72 84 63 49 17 66 76 91 15 23 27 93 64 68 33 81 98 78 30 3 44
26 37 2 10 25 24 57 33 5 20 40 78 30 8 51 86 89 39 19 61 53 52 6 95 47 4 76
23 100 66 68 10 72 31 80 44 19 11 56 84 18 82 78 52 51 75 53 63 33 25 39
26 43 62 82 19 46 84 3 100 92 60 63 51 47 8 1 26 54 80 23 72 6 93 4 2 10 95
26 63 73 83 61 2 95 100 11 57 94 76 32 18 85 9 71 72 62 28 58 40 33 97 14 67 26
26 54 29 49 84 36 38 26 98 25 68 53 85 90 99 92 67 65 70 50 12 41 75 27 78 76 60
26 90 19 55 37 47 33 75 36 74 67 40 93 64 73 18 16 78 39 22 35 52 69 45 61 42 46
27 72 50 16 1 88 13 66 62 75 35 18 80 39 67 61 3 69 94 84 57 28 99 98 45 34 89 4
25 36 97 61 68 42 24 80 94 100 57 69 9 12 6 74 3 33 82 31 10 44 60 11 18 17
26 90 69 86 27 54 81 67 21 22 49 87 30 35 14 48 50 18 19 25 45 82 6 65 40 5 4
26 61 78 18 1 52 66 43 87 6 8 68 56 54 46 67 14 32 49 60 48 74 91 28 71 26 62
28 92 79 23 48 86 7 36 57 88 67 44 16 84 32 45 64 82 66 11 26 60 13 14 19 94 100 93 55
24 9 70 37 74 43 94 18 24 48 55 65 88 64 8 84 90 45 71 54 49 28 19 66 2
26 22 77 52 84 35 66 11 68 20 6 8 16 29 99 69 81 57 76 90 23 13 74 59 41 93 2
28 86 4 24 61 14 79 15 68 76 85 67 16 89 73 23 57 38 43 63 81 6 33 48 17 21 53 5 25
24 68 79 72 29 82 43 86 26 74 81 40 56 99 53 19 85 50 51 54 48 75 30 21 23
28 2 92 5 13 51 80 3 40 72 83 86 22 55 60 84 100 98 75 14 76 21 71 52 93 19 89 62 29
26 80 88 51 86 70 13 69 46 31 5 20 92 6 79 38 68 21 54 36 22 41 7 1 62 59 72
26 23 64 69 85 75 20 76 62 39 25 44 67 26 34 27 14 54 21 24 87 89 2 63 33 30 22
26 10 42 87 3 88 79 1 70 19 31 28 62 48 64 14 68 16 15 52 32 60 78 57 35 11 30
26 84 93 100 22 44 13 58 10 69 62 16 87 37 38 24 2 26 31 28 51 94 32 54 50 96 14
26 73 58 69 40 33 65 87 62 76 38 83 44 48 57 89 50 17 98 43 32 49 66 15 2 23 24
28 11 56 86 25 98 30 83 91 20 60 18 14 36 75 76 81 47 2 89 52 9 93 49 99 64 26 77 80
25 3 43 65 8 66 41 67 80 11 36 63 38 21 46 86 62 10 13 76 25 89 5 56 34 30
26 59 67 54 24 33 14 99 51 96 9 78 16 32 42 43 74 88 92 56 75 45 95 83 80 13 60
28 84 34 25 17 26 56 74 76 43 82 60 16 79 93 77 50 80 61 45 53 90 91 24 63 66 14 100 98
29 7 27 86 33 89 82 53 98 41 24 55 36 47 67 16 12 90 28 26 10 77 30 19 76 9 97 45 37 100
28 56 83 80 41 49 58 24 70 4 16 86 52 76 40 81 28 74 27 51 66 21 50 78 17 71 1 72 35
27 88 20 94 85 69 93 4 7 17 97 36 5 1 75 59 28 78 31 89 35 80 29 53 27 77 45 43
23 97 76 33 92 30 49 63 55 14 34 19 7 86 9 25 24 87 53 56 54 23 20 16
26 4 57 83 12 28 48 51 19 59 39 36 33 7 80 64 60 79 49 70 47 90 98 94 21 91 71
27 62 57 15 20 42 68 43 60 11 9 98 1 18 86 16 28 36 78 46 7 94 35 24 91 72 53 87
26 72 55 99 7 29 37 95 20 27 15 41 2 71 5 84 40 96 18 59 61 97 78 32 87 1 50
27 28 61 96 84 12 98 20 67 70 92 2 97 80 4 42 47 29 77 72 45 68 64 50 65 57 27 31
25 17 87 59 33 46 84 80 83 24 5 28 54 43 31 1 40 65 100 47 61 94 30 86 35 68
25 65 77 30 11 7 10 50 67 28 100 23 2 94 59 40 60 79 15 16 90 75 99 56 13 17
27 1 61 6 29 17 47 80 22 79 94 34 62 90 99 53 13 100 50 56 82 32 48 14 38 28 30 63
25 73 89 25 62 2 99 69 56 12 52 22 26 21 96 67 6 90 3 100 59 7 32 68 75 28
26 21 18 27 66 37 30 14 4 10 5 1 79 39 81 96 35 13 36 47 80 92 53 93 46 100 75
26 66 78 84 46 60 90 38 35 43 83 64 74 33 77 63 9 79 55 2 16 47 26 25 12 24 41
27 55 6 28 75 57 18 63 85 50 71 5 98 54 80 10 40 94 76 77 52 43 74 33 67 42 70 89
27 15 80 4 43 39 10 24 63 13 20 28 21 78 35 68 98 32 59 25 73 76 57 33 14 8 12 22
26 59 36 20 37 65 74 33 84 6 29 83 61 22 90 3 12 28 18 71 40 43 85 94 68 39 67
23 60 99 48 7 20 54 59 39 87 82 40 42 32 35 51 44 15 85 19 53 23 50 29
26 16 28 43 96 11 67 63 48 72 57 29 80 79 87 85 95 38 17 26 45 47 51 44 91 6 8
28 96 20 16 100 44 67 94 7 93 40 74 37 70 46 82 97 79 1 68 86 15 98 11 28 3 80 4 51
26 95 72 9 31 43 83 96 55 73 37 36 54 20 14 52 44 21 98 87 100 42 17 91 16 15 6
24 49 54 99 3 28 32 50 63 70 68 22 51 95 16 79 56 77 6 72 37 42 9 89 71
23 93 58 67 78 73 96 19 97 39 3 40 90 51 53 1 28 84 74 34 75 85 13 6
26 63 82 58 85 10 16 5 93 51 17 33 98 49 35 30 26 15 21 66 57 87 1 27 11 90 14
28 63 55 20 17 73 76 13 4 34 30 96 1 22 60 85 40 93 42 71 56 11 48 41 46 15 6 64 58
29 67 60 8 20 71 16 79 32 17 45 51 90 59 36 77 91 78 11 23 25 29 57 89 50 47 5 39 15 63
26 81 18 22 58 24 48 92 54 94 39 75 56 1 15 71 93 27 82 69 61 30 21 70 66 53 88
25 99 42 84 46 15 37 49 57 78 55 40 13 65 85 50 76 10 3 23 25 100 43 90 1 44
27 56 62 79 29 92 68 53 3 66 18 6 41 59 8 98 86 22 13 31 5 97 74 75 50 52 94 12
28 89 22 75 78 36 56 39 43 82 54 49 80 33 59 62 3 67 30 85 68 86 100 7 18 1 48 73 95
26 83 2 55 12 15 3 40 31 58 35 36 8 26 46 78 50 53 73 19 91 20 77 1 16 41 17
28 22 100 91 36 77 57 43 88 78 11 37 24 64 25 68 62 74 95 56 52 83 53 60 10 15 84 27 55
24 38 35 27 91 74 14 8 47 20 67 84 46 15 2 80 53 77 25 29 96 18 45 79 11
24 15 31 34 39 47 65 96 2 61 12 46 79 92 58 33 30 68 70 35 72 55 50 19 95
26 35 58 6 12 26 37 41 86 72 46 16 33 82 60 31 5 70 24 42 39 19 78 54 14 63 61
23 88 3 11 79 46 61 70 13 94 36 96 58 80 19 89 27 64 31 53 22 24 47 9
25 83 30 34 50 40 28 99 56 41 96 26 65 10 95 85 55 64 22 80 35 81 100 61 52 7
27 84 89 42 13 68 33 96 51 8 92 61 1 76 19 32 71 17 63 91 21 25 47 80 81 55 62 34
26 54 88 67 20 61 25 93 48 69 65 28 39 10 55 68 35 12 71 83 47 91 57 30 79 7 24
26 97 62 70 6 16 72 92 5 60 88 74 46 43 38 63 12 3 44 31 29 37 52 65 67 19 85
28 89 44 50 15 43 67 78 23 61 59 62 6 73 72 54 35 83 16 58 96 65 92 57 99 76 53 85 13
25 21 42 92 31 3 69 23 39 52 60 70 86 85 75 98 51 9 74 26 79 44 41 62 46 91
26 63 82 95 60 17 19 15 55 88 85 34 36 97 67 75 53 77 64 59 74 26 23 30 87 100 13
24 60 18 5 83 57 95 96 78 72 9 59 81 30 41 70 85 22 69 39 74 49 50 45 51
29 89 99 57 55 73 91 77 86 45 2 8 13 38 3 90 92 85 11 65 47 49 46 43 78 7 71 84 66 67
28 57 26 59 83 54 42 97 15 55 27 80 43 90 48 17 20 86 51 30 33 7 6 5 58 44 85 96 39
24 19 99 70 84 51 95 68 53 72 64 54 77 45 92 52 42 49 60 87 89 13 63 80 36
25 29 58 26 66 23 20 7 3 50 82 4 6 28 70 42 17 91 53 67 13 5 33 94 14 60
26 25 26 100 43 57 66 54 44 55 93 2 65 24 5 48 72 52 36 83 1 35 40 18 80 58 50
25 54 67 69 34 73 17 87 6 65 23 24 41 40 90 42 68 45 93 98 51 81 22 39 57 88
30 81 86 33 9 64 38 98 19 6 2 75 8 82 72 55 53 50 28 29 10 42 74 23 18 39 44 95 62 5 32
27 61 100 70 15 81 47 30 49 40 32 82 19 2 38 34 97 39 83 72 79 66 96 93 3 77 54 46
29 43 56 69 94 50 36 26 31 81 92 54 3 23 22 29 85 48 7 13 78 27 79 19 87 12 14 99 80 60
24 42 43 85 80 82 13 12 97 71 16 59 55 96 47 72 2 90 61 50 24 86 36 66 78
27 74 17 88 82 77 5 62 93 79 83 59 49 50 43 96 28 11 34 97 58 47 60 100 76 68 3 98
25 28 32 39 83 47 51 10 58 18 93 56 5 44 30 85 80 50 91 88 3 8 84 52 64 49
23 30 22 17 41 97 96 85 58 38 42 95 11 67 66 31 55 77 26 28 36 99 84 88
27 69 2 98 71 95 67 31 53 47 13 17 64 39 5 35 34 40 29 62 57 88 3 26 42 61 66 85
27 96 64 10 42 76 31 37 72 50 19 29 43 20 78 38 94 44 8 53 28 5 32 63 14 34 99 88
25 25 65 43 16 54 5 28 41 85 10 67 42 56 24 27 31 7 60 84 44 50 92 99 13 40
28 4 80 13 83 91 68 17 98 99 93 12 51 34 52 22 21 33 41 27 95 14 73 85 3 43 6 54 72
30 35 78 67 80 22 62 15 52 55 85 50 32 38 2 5 58 100 83 37 64 49 77 84 40 95 6 41 20 93 79
23 68 83 71 43 58 23 85 7 77 15 10 32 16 48 97 57 72 60 4 61 29 2 19
24 22 11 53 81 3 43 9 28 46 97 56 20 42 13 87 96 78 86 4 39 85 100 40 63
25 14 32 71 29 10 40 98 59 85 69 39 84 11 44 79 42 49 21 12 68 34 28 25 54 60
25 71 21 25 81 86 29 51 30 46 94 76 60 57 14 59 98 89 61 73 91 100 80 32 92 42
27 98 83 3 4 55 82 31 86 48 51 78 96 25 9 20 47 7 32 30 42 36 39 76 16 34 75 72
26 17 5 58 93 23 32 72 61 51 38 24 48 11 95 39 37 29 46 1 64 45 96 27 78 87 69
24 4 82 63 96 36 65 94 81 56 84 52 85 6 16 60 54 79 43 39 32 90 50 67 15
26 51 11 23 69 45 7 96 5 73 68 47 83 49 8 97 99 81 64 50 55 14 17 54 15 59 16
25 5 58 3 4 64 65 80 91 99 2 57 48 28 84 93 92 98 47 66 11 94 96 88 62 16
29 45 17 98 7 93 90 29 59 95 91 34 47 54 67 74 99 16 75 40 88 26 77 8 66 68 48 22 63 76
27 82 88 25 70 50 55 64 86 8 67 6 85 79 11 27 98 5 15 97 38 87 35 22 91 1 68 62
27 93 18 64 78 68 14 59 90 21 56 8 29 63 27 81 87 35 99 11 48 70 84 96 41 51 40 31
25 11 50 99 87 19 56 15 85 4 81 37 12 13 98 7 94 34 48 59 90 93 70 30 20 55
25 77 35 50 40 64 3 57 42 24 48 79 8 63 89 87 34 71 49 22 21 30 54 46 14 9
26 46 22 70 20 97 77 64 21 79 14 28 32 44 54 12 66 5 16 6 2 27 85 18 74 53 75
27 37 90 87 85 72 100 35 16 11 75 34 48 95 93 22 86 59 98 74 62 77 18 70 58 88 2 36
26 44 50 31 15 34 73 65 87 79 86 67 18 78 90 56 98 64 17 62 80 37 49 10 69 27 24
23 88 27 89 94 13 57 96 35 14 50 86 65 16 9 2 70 83 19 43 40 26 29 33
27 36 29 56 60 86 19 97 30 22 41 35 59 69 99 68 80 51 24 21 48 84 11 39 67 37 26 16
23 60 74 58 89 36 90 15 25 59 7 79 8 62 63 40 86 83 65 92 100 13 72 24
26 77 55 43 5 76 61 62 18 79 6 83 86 25 100 80 85 44 54 23 32 33 16 3 39 72 96
24 56 67 36 96 93 99 6 66 16 4 17 68 10 9 40 82 89 46 62 24 14 23 37 31
26 47 74 1 9 99 69 30 51 93 15 100 41 24 10 38 2 96 54 97 39 13 32 49 45 87 42
26 75 56 20 48 64 63 70 94 52 35 21 84 88 87 45 86 100 82 58 24 73 25 6 93 76 90
25 53 13 81 71 99 39 3 12 31 58 67 66 94 17 24 68 79 54 96 85 52 22 8 41 82
26 93 61 48 36 45 27 84 12 42 88 26 63 87 79 15 75 50 74 90 58 43 96 7 38 60 6
24 84 65 42 10 3 43 12 63 41 1 69 98 2 17 82 62 6 26 25 50 27 20 21 100
28 49 79 48 59 70 15 66 4 99 34 54 47 82 52 92 5 22 78 16 61 42 97 23 39 86 13 18 85
29 62 74 63 5 58 89 22 30 29 96 84 83 70 71 98 73 35 57 97 2 1 53 87 81 80 27 67 7 72
26 92 81 83 95 45 18 7 58 36 88 76 9 77 13 39 2 80 29 73 25 40 11 60 79 42 75
27 93 15 86 46 63 31 73 24 67 69 64 70 44 96 9 90 66 13 51 36 55 56 3 72 58 22 28
29 65 14 82 53 3 90 16 51 72 75 87 21 96 40 97 84 47 93 94 73 27 63 83 7 34 2 12 10 95
25 2 25 35 98 54 26 32 30 57 90 82 74 5 40 38 96 12 62 8 15 50 76 23 18 89
28 87 68 56 26 39 41 52 48 19 13 45 95 100 35 37 96 23 82 70 80 34 38 7 86 5 25 32 10
28 9 4 95 75 47 15 1 10 60 16 72 69 73 33 83 5 80 12 40 70 27 62 24 14 41 64 2 59
27 65 78 21 54 16 96 36 12 23 73 22 52 82 33 35 81 58 61 40 45 30 77 100 15 38 49 44
24 78 81 8 47 89 67 60 13 6 93 36 38 83 11 64 25 7 30 88 91 51 24 97 20
26 93 64 74 100 41 54 77 17 49 13 5 25 23 82 9 55 94 36 47 72 7 51 80 63 62 35
25 80 66 48 31 5 11 40 51 79 53 32 84 29 9 50 47 3 27 71 42 35 91 13 73 7
25 77 13 66 17 85 99 81 6 8 89 49 30 80 34 50 28 47 42 83 68 16 51 25 63 73
26 29 8 61 97 16 23 64 39 15 5 35 63 86 52 60 48 69 31 58 12 98 67 75 87 20 14
25 51 20 65 44 30 27 75 11 31 26 38 24 18 57 25 60 80 17 34 39 7 74 3 69 68
26 83 42 49 80 2 22 36 99 59 40 90 70 76 64 10 19 50 68 39 79 5 94 29 86 1 78
25 94 42 15 29 66 63 49 32 36 53 83 13 57 90 54 100 43 10 93 16 65 55 33 96 39
25 76 89 100 22 71 5 2 53 7 59 88 38 37 60 1 26 96 73 15 81 67 69 57 43 9
24 62 93 88 60 20 41 10 49 99 39 33 81 45 54 84 40 43 73 57 1 76 67 5 6
25 44 91 15 92 66 11 53 19 62 35 22 32 5 83 51 95 26 24 30 43 64 65 63 29 49
26 19 57 68 87 94 66 51 98 97 41 39 50 6 32 81 55 56 33 28 18 86 60 47 31 96 65
26 36 23 53 100 66 46 27 81 95 6 15 4 63 13 16 45 69 39 60 54 9 34 24 98 3 91
24 45 67 33 81 80 38 5 85 59 76 98 83 96 20 72 57 78 37 16 31 14 35 89 17
25 68 64 20 41 71 94 39 73 27 77 69 78 99 63 18 58 74 56 34 32 87 24 88 44 90
28 6 57 17 4 2 54 94 28 91 67 71 79 69 8 76 77 40 96 83 75 12 34 27 100 22 52 26 82
27 57 24 43 58 66 15 74 16 51 84 94 6 30 18 62 68 95 97 25 2 26 32 10 52 48 28 14
28 61 60 53 93 5 97 40 10 47 80 75 35 84 16 52 33 56 68 3 15 48 1 65 14 82 79 22 34
26 56 54 17 55 46 75 36 77 39 1 63 97 37 57 65 11 2 7 33 41 48 67 58 10 22 25
26 82 53 41 19 89 71 70 93 39 56 55 48 90 20 85 47 96 34 44 52 59 51 86 28 81 95
25 13 25 39 68 37 86 33 3 94 51 79 71 73 96 61 7 91 100 20 27 60 21 88 62 65
25 49 73 71 20 27 51 7 63 37 25 45 83 75 72 79 97 10 88 66 8 94 28 15 92 23
26 91 69 37 8 80 63 93 100 23 68 28 19 72 89 90 17 71 49 43 56 6 88 60 16 55 27
26 71 32 88 73 91 22 83 6 37 9 80 84 67 33 15 31 41 34 48 29 35 52 77 8 68 74
27 55 68 59 48 79 40 45 62 69 74 96 99 50 43 81 47 2 15 73 58 84 57 54 78 41 44 31
24 91 96 59 27 30 57 38 68 86 37 48 78 39 11 89 54 10 51 79 67 88 85 16 21
26 56 76 58 52 100 83 9 38 81 6 39 19 12 33 7 80 98 29 15 10 77 67 84 51 69 89
26 95 26 67 51 61 14 43 46 70 81 64 79 40 91 53 5 28 59 10 63 99 35 45 66 60 16
25 56 85 31 61 37 88 11 72 69 89 97 65 49 48 71 25 33 39 16 32 28 45 54 60 66
24 11 38 54 36 24 70 29 71 51 10 14 34 98 92 45 68 64 3 61 89 25 63 18 81
29 7 69 37 91 32 22 9 68 18 28 34 98 88 56 60 15 73 52 33 47 95 64 2 66 17 59 6 78 25
27 21 2 61 24 77 46 56 81 74 38 98 33 34 54 58 32 36 42 40 44 85 43 97 11 86 59 48
25 55 90 78 58 100 62 7 83 88 1 18 75 87 4 33 43 36 6 50 17 85 96 19 46 22
28 46 99 100 14 87 32 29 48 86 88 44 21 38 81 24 60 8 77 13 69 72 10 30 56 43 67 45 25
26 56 13 7 21 39 26 60 46 47 85 51 23 8 52 41 95 87 5 44 71 35 67 27 31 29 77
25 26 53 91 66 68 41 92 3 94 5 43 2 78 28 73 70 8 54 21 32 16 69 50 42 90
29 34 21 19 62 52 31 47 76 37 45 5 94 32 11 71 82 93 39 72 8 38 7 67 88 57 81 99 26 6
26 59 87 53 35 79 32 84 21 68 64 23 62 57 89 76 60 85 50 48 20 38 5 28 81 95 74
26 63 99 50 48 26 23 15 80 40 46 31 72 97 32 76 55 35 90 49 100 41 96 20 86 38 17
26 40 76 46 68 69 27 8 39 80 100 5 7 60 17 18 52 55 29 37 13 63 65 43 24 82 66
25 63 70 44 26 29 35 50 79 77 85 66 31 90 47 92 65 23 87 18 53 16 94 7 2 1
28 66 29 6 88 3 87 9 28 96 25 57 32 23 91 89 56 31 55 19 83 21 15 97 100 61 69 33 38
26 47 83 55 33 40 85 88 72 29 48 52 59 11 6 5 26 9 8 62 20 7 100 63 54 42 82
26 82 32 48 83 31 39 68 40 11 38 50 81 58 34 52 12 25 84 16 92 70 86 10 94 22 100
26 87 3 9 71 1 15 59 78 26 42 93 35 80 25 43 39 53 30 10 44 31 5 60 86 23 19
27 65 58 79 61 44 28 39 90 47 71 24 19 48 2 51 15 43 78 16 11 99 4 50 53 40 46 94
25 34 4 78 42 89 41 37 71 69 65 36 87 17 80 74 88 90 32 56 3 30 27 82 66 93
25 8 62 52 18 54 25 64 81 29 44 37 34 47 96 46 49 21 19 79 28 7 23 84 13 27
26 16 53 68 49 52 73 3 43 13 32 20 36 81 42 61 71 89 17 92 74 59 48 15 63 18 50
25 13 93 37 54 65 15 6 97 55 30 89 96 29 23 9 66 69 35 60 87 3 80 70 11 98
28 96 60 55 35 51 82 39 85 98 14 87 47 90 56 6 41 2 70 65 5 49 34 84 79 77 64 58 1
26 16 91 71 55 37 25 4 2 6 83 32 36 12 72 45 31 93 41 86 65 42 82 17 7 26 78
28 89 52 39 85 81 78 70 100 64 93 82 50 68 13 69 59 4 12 17 86 24 83 19 27 99 49 16 44
24 17 31 47 48 26 35 79 55 69 99 32 28 60 83 76 95 72 41 24 12 94 38 3 80
24 84 58 17 81 62 47 94 70 98 36 77 3 35 42 1 86 73 48 100 15 22 54 27 83
25 92 91 22 97 18 80 34 100 40 3 1 2 85 64 95 32 4 28 51 26 78 20 77 39 19
25 95 88 3 22 21 66 42 86 52 44 65 32 63 23 35 7 4 73 53 55 17 11 90 82 12
26 93 63 91 83 78 81 44 22 39 61 59 42 62 90 47 10 13 86 8 50 52 94 97 88 26 15
