200 100 3
8 58 52 18 60 1 40 86 98
11 17 70 66 75 43 11 10 19 49 22 36
10 93 12 4 61 92 7 84 40 32 45
7 63 59 17 66 95 49 80
10 78 93 48 75 58 85 67 54 17 22
10 6 36 97 12 34 25 45 56 81 29
10 86 60 82 7 11 29 63 78 41 9
10 4 10 77 22 23 21 48 30 12 86
10 54 96 62 3 91 22 64 42 69 2
10 35 17 66 65 36 20 85 49 19 26
9 82 61 74 98 7 20 77 36 19
11 7 75 17 99 20 91 24 49 51 73 83
9 91 66 45 27 84 80 6 55 29
7 72 90 31 21 5 18 1
11 75 74 83 94 55 84 8 68 42 24 52
12 2 78 82 72 46 25 12 43 60 50 52 85
10 20 12 23 89 100 77 88 25 52 24
8 87 42 75 26 36 51 70 30
12 17 78 70 49 57 25 95 83 84 69 27 22
9 82 14 50 79 90 74 44 70 43
9 51 19 97 95 55 70 83 93 63
7 5 84 16 15 59 82 99
9 99 6 66 54 25 38 2 51 78
11 72 47 75 3 78 37 85 22 34 14 55
9 23 49 5 22 77 78 88 21 10
9 25 54 85 84 100 52 32 75 1
8 97 5 66 68 18 1 58 100
12 24 96 2 20 31 99 16 91 60 73 63 6
12 80 96 46 66 95 90 29 63 65 21 87 77
10 30 33 60 75 87 21 6 78 59 50
9 22 66 74 65 79 53 34 80 50
12 16 69 15 49 38 84 53 74 14 30 11 96
8 6 12 2 52 56 85 99 68
10 44 63 33 26 90 70 30 96 100 52
9 80 71 20 27 61 31 98 42 78
6 85 45 51 44 39 16
9 87 83 1 88 18 10 86 95 12
6 20 94 57 88 52 78
11 29 59 62 41 52 25 22 49 74 81 55
7 48 73 2 65 81 18 34
8 67 37 2 50 59 61 62 68
10 34 96 91 95 59 30 37 49 48 35
5 96 23 99 7 26
9 56 66 18 74 47 65 87 30 57
9 1 66 46 28 55 65 93 53 43
13 50 70 95 16 9 67 28 17 46 60 59 43 41
12 75 98 36 31 25 52 79 88 20 62 43 48
8 26 58 98 4 21 18 99 49
7 83 12 55 71 91 93 1
7 59 61 3 12 14 91 5
10 23 69 91 26 51 8 89 48 63 62
11 100 49 92 51 7 30 67 97 3 98 9
8 61 99 95 10 7 82 17 80
9 38 11 35 61 15 6 46 30 74
7 6 67 81 33 62 18 77
12 33 81 50 54 27 48 80 14 83 32 19 78
7 69 4 50 25 76 10 62
11 17 79 2 7 10 45 89 72 46 44 8
7 59 4 23 2 11 71 21
9 89 69 63 91 86 77 33 62 27
13 66 35 89 53 28 87 31 65 44 82 23 33 62
8 41 44 29 72 69 2 83 13
9 10 2 93 31 58 85 53 65 59
9 65 10 6 84 97 20 74 5 80
7 23 68 52 1 77 93 34
8 58 92 8 70 76 63 22 53
12 83 27 20 57 73 46 90 18 92 53 60 14
11 26 65 81 22 40 38 11 61 77 70 95
10 32 61 45 24 43 54 76 21 77 3
8 20 88 77 13 63 43 46 86
11 88 62 47 57 2 19 58 81 90 50 96
13 45 60 16 38 99 77 65 2 26 40 71 85 100
9 42 86 54 75 80 13 21 32 3
10 21 63 72 60 8 26 90 83 42 52
10 36 38 21 8 30 1 42 81 82 56
12 74 85 35 57 46 33 41 92 30 63 1 38
7 53 14 86 32 1 7 45
9 33 41 63 21 100 23 29 6 5
7 95 26 7 44 72 91 78
11 94 41 5 74 17 67 64 57 53 12 51
10 39 89 46 8 14 52 94 30 3 86
7 83 10 38 96 64 63 29
9 85 17 48 15 11 84 62 64 57
10 68 84 47 23 31 43 93 98 65 32
10 56 25 84 50 75 54 96 89 71 33
8 52 58 64 79 2 69 42 24
10 97 75 45 50 35 58 3 38 94 4
6 47 42 27 6 64 21
11 32 84 86 51 69 70 38 26 65 31 39
9 71 70 72 90 11 13 96 7 14
9 61 21 34 70 93 38 56 84 53
8 41 77 47 30 18 89 70 71
12 3 38 17 75 54 37 33 88 47 43 72 39
8 45 31 35 88 71 86 8 100
8 44 27 4 85 35 99 64 14
8 1 86 66 69 9 2 90 5
8 30 66 97 7 43 35 51 96
10 70 9 25 40 90 59 63 64 66 13
7 18 26 19 82 96 65 27
11 54 95 50 94 88 31 76 24 60 61 69
9 81 4 22 8 36 43 55 31 96
10 68 40 15 38 17 3 95 96 58 94
10 18 99 5 42 47 93 3 20 100 22
7 78 25 94 51 85 74 21
9 9 90 67 88 55 80 28 50 17
7 49 74 60 16 31 34 20
8 58 1 84 45 78 9 70 63
10 22 54 78 95 31 30 89 76 58 29
8 26 72 99 60 25 33 9 49
10 48 88 14 39 62 41 30 86 12 89
8 8 84 12 5 95 48 72 16
11 63 14 54 4 42 91 97 27 33 44 96
9 38 21 81 92 51 70 35 28 30
7 68 14 1 38 71 52 95
7 80 26 57 75 12 79 92
10 23 47 79 41 30 20 66 12 58 53
10 15 93 17 36 63 16 52 82 87 2
11 89 30 66 63 23 75 5 60 29 38 15
7 44 14 51 34 26 48 12
10 41 60 87 31 43 16 63 24 20 36
8 42 57 32 16 55 6 71 48
8 46 98 30 2 33 92 97 1
7 6 82 87 10 78 86 63
10 96 48 98 5 45 43 76 85 35 53
11 57 2 78 67 1 14 97 70 79 46 33
5 86 42 55 29 24
5 36 30 51 35 5
8 97 93 62 13 26 15 87 65
9 94 85 60 64 21 95 49 39 34
13 23 67 61 9 100 13 76 96 10 78 35 40 77
10 95 73 8 72 33 41 68 16 86 44
9 88 66 19 97 75 33 42 96 62
9 90 30 94 78 21 58 50 36 89
9 1 31 60 43 46 92 9 21 81
8 36 88 77 71 6 1 68 31
6 92 26 12 55 20 62
9 48 80 68 10 14 17 22 29 56
11 7 70 75 54 35 64 26 76 8 61 63
9 100 76 67 1 26 27 72 24 98
7 33 38 41 71 68 81 9
9 15 41 72 66 51 30 21 92 99
8 53 13 63 14 40 45 78 41
7 80 24 20 49 38 96 69
7 84 51 37 36 3 70 95
6 17 18 100 28 53 32
11 97 18 4 58 48 46 73 12 19 28 60
10 18 100 38 39 15 87 9 59 76 21
9 72 96 79 82 27 47 86 92 5
8 26 32 87 62 9 69 13 12
9 21 99 2 91 51 1 96 71 30
11 97 47 14 71 24 98 25 35 5 22 69
12 99 53 37 78 30 93 76 3 84 64 23 4
8 19 84 80 29 79 91 82 98
8 61 58 8 29 50 80 82 74
9 64 99 8 34 49 17 67 80 12
8 56 33 98 93 4 18 37 10
8 95 42 62 67 58 12 46 24
9 57 37 52 79 73 48 35 90 81
9 86 3 5 58 2 53 81 99 72
10 38 42 62 74 92 29 46 70 13 20
5 42 71 64 48 11
7 84 82 92 4 51 97 85
8 62 29 95 22 24 51 38 28
9 33 72 56 83 84 29 13 2 28
9 49 59 7 1 96 76 45 24 42
8 3 38 33 84 87 14 86 6
12 56 65 32 100 16 46 55 66 13 75 68 95
7 76 62 29 5 89 52 40
9 95 2 49 47 15 96 30 43 18
11 8 88 27 61 26 4 15 89 59 74 87
7 94 19 29 79 98 1 80
9 77 84 76 17 85 38 40 90 79
8 33 80 7 95 100 48 22 82
8 4 71 70 54 7 83 22 82
8 29 10 23 79 98 78 34 57
9 63 38 98 30 62 66 86 35 77
13 80 100 31 39 21 46 7 61 5 26 20 17 65
7 26 83 22 17 7 93 49
8 46 81 55 32 61 34 72 71
12 84 52 83 78 60 16 19 7 23 25 65 71
13 27 78 69 5 35 42 77 49 20 64 14 11 82
10 12 54 82 79 32 36 91 16 15 83
8 16 82 40 94 28 19 89 31
8 89 3 69 99 58 14 21 49
8 49 53 87 56 6 12 85 50
9 17 25 33 14 99 75 71 97 13
10 63 71 98 69 80 82 81 86 13 23
9 85 13 91 52 67 77 53 74 7
10 37 69 36 58 1 22 91 39 65 32
8 88 13 45 96 90 100 63 16
9 77 5 83 71 50 85 13 89 12
13 85 27 44 26 42 17 64 15 11 7 49 78 62
11 80 78 46 64 40 88 43 17 60 31 89
9 8 32 31 24 55 7 53 23 43
8 40 19 14 32 94 87 95 51
11 22 8 97 4 36 6 80 28 57 31 27
12 61 48 90 91 57 19 65 50 5 39 35 71
8 73 12 22 90 30 31 19 60
7 85 12 59 17 65 57 11
8 44 33 41 100 14 32 24 38
