100 50 3
10 5 28 8 23 49 30 31 25 46 47
8 2 33 12 35 45 5 16 20
11 7 50 11 43 18 46 17 28 49 8 9
12 15 50 33 23 27 39 31 18 44 3 42 45
11 45 47 9 26 40 4 11 50 24 17 15
13 13 46 47 18 23 49 37 4 30 39 32 25 3
10 32 7 44 41 43 8 36 34 39 4
8 46 44 47 25 33 49 45 14
11 15 28 35 29 13 19 47 7 12 3 42
9 4 32 9 29 23 42 27 40 49
10 7 32 25 33 42 43 34 39 6 21
7 12 48 23 6 35 45 28
11 34 3 9 39 50 49 8 42 5 16 35
6 10 21 36 27 26 37
7 19 18 47 5 38 33 27
10 3 11 42 7 18 49 40 4 8 13
10 20 33 49 42 9 39 4 2 13 24
10 29 23 38 42 50 15 47 43 24 49
8 36 2 9 32 12 27 35 40
11 14 15 48 16 49 1 2 32 42 20 9
8 26 4 45 32 27 22 39 33
12 48 16 10 31 47 26 14 41 13 30 24 35
10 11 18 25 44 26 42 4 30 5 33
9 12 42 16 27 23 2 20 32 36
11 14 13 25 6 30 28 27 35 15 42 18
12 12 37 48 15 43 7 21 4 10 24 6 45
10 38 32 19 24 20 29 12 17 18 35
11 43 40 27 45 4 36 12 26 47 24 20
7 44 37 22 34 17 20 10
5 29 1 26 16 37
8 21 29 49 50 27 1 40 43
7 22 33 20 2 34 38 47
8 13 50 36 16 37 7 4 17
10 28 37 33 34 10 8 12 7 35 45
6 27 3 13 6 32 23
8 9 10 20 25 46 3 4 48
9 22 31 43 40 16 41 13 7 29
11 29 42 15 33 45 10 5 40 11 9 16
8 3 49 28 14 27 9 18 45
7 16 33 21 7 20 24 18
7 4 28 12 2 38 10 19
11 38 5 41 3 27 10 14 13 32 2 50
9 30 7 32 29 8 1 28 22 39
8 29 17 26 39 30 23 31 46
5 9 32 11 45 13
12 22 32 3 12 39 48 13 15 43 40 26 44
9 34 14 38 45 12 17 9 8 32
10 8 9 37 6 45 30 38 34 33 48
12 25 27 36 37 11 31 19 1 35 33 20 42
9 9 24 20 47 35 16 30 25 7
7 8 33 45 43 36 16 9
9 48 50 26 13 40 4 44 6 24
9 37 1 19 17 8 30 49 47 21
6 44 3 27 32 29 31
9 9 4 24 45 3 13 27 23 19
5 31 36 42 21 49
8 4 43 44 18 47 42 39 45
12 31 49 3 21 13 7 28 46 44 14 41 9
11 37 14 36 5 26 30 2 31 11 28 22
10 19 39 10 50 24 3 32 41 4 2
10 1 6 22 26 48 20 32 46 16 45
7 23 14 40 35 2 26 44
9 26 28 50 36 35 33 21 41 20
12 4 27 1 36 15 8 43 25 38 44 14 29
8 29 18 46 5 20 7 16 50
11 28 22 41 49 40 24 26 11 8 9 14
12 25 42 20 19 17 41 3 7 4 26 15 1
12 41 49 45 48 26 47 12 30 15 13 25 17
11 43 14 10 5 15 46 18 41 19 3 16
7 47 18 48 7 46 25 23
8 16 21 2 36 39 45 33 41
11 10 4 7 38 44 40 50 20 39 29 25
7 15 6 28 5 42 29 3
8 35 31 24 48 45 33 38 22
8 35 41 46 28 10 27 31 22
8 26 13 30 44 20 21 41 40
9 36 30 50 22 47 41 43 40 29
6 14 4 32 46 28 22
9 29 24 33 15 41 12 45 27 16
9 46 15 10 37 16 1 39 33 19
8 47 6 20 21 39 45 19 7
8 4 18 42 38 16 40 24 23
12 43 26 28 38 44 34 48 8 41 50 2 19
6 26 44 47 31 10 15
8 39 36 48 24 35 8 2 45
9 10 3 19 7 8 17 12 39 4
7 31 46 28 42 39 10 47
9 5 3 34 4 10 25 40 6 38
8 49 1 35 13 19 41 20 25
10 11 21 17 15 30 12 50 5 31 13
8 19 28 31 12 48 10 29 47
10 17 27 24 5 42 25 11 32 43 22
5 20 21 8 11 10
6 15 16 22 13 10 36
9 18 8 30 33 11 14 17 46 16
11 7 49 16 37 32 39 21 23 11 41 1
9 16 7 46 35 15 18 50 33 47
11 45 36 31 32 17 26 3 25 47 12 2
6 50 14 41 36 26 29
5 18 3 19 37 36
