50 20 2
5 19 18 16 12 13
5 1 13 16 17 5
5 18 10 15 3 6
7 4 13 1 17 2 12 11
4 1 13 10 3
5 14 10 19 1 4
7 9 19 7 10 12 15 2
7 2 11 17 3 18 7 1
4 4 15 7 19
6 18 1 17 10 19 12
7 6 18 11 19 17 3 12
7 12 7 3 8 20 16 13
5 7 3 12 1 2
4 18 15 1 4
4 6 14 20 9
4 15 1 19 20
6 15 2 12 20 14 19
4 5 2 13 11
4 9 17 19 3
5 18 2 9 13 5
5 14 5 17 8 11
5 9 19 14 17 11
6 17 1 8 7 12 11
4 18 5 13 6
6 19 11 2 16 1 13
6 11 20 12 18 13 5
6 10 2 1 13 12 20
4 19 10 16 14
5 17 20 3 5 8
4 7 14 1 13
6 19 16 8 3 20 17
7 10 12 9 14 15 6 11
5 19 10 8 20 13
6 19 2 20 9 3 5
7 9 16 11 3 15 18 19
5 3 1 19 2 15
7 4 13 11 18 10 9 19
6 1 18 14 8 11 6
5 20 7 12 14 17
6 15 4 3 13 14 17
5 7 11 14 19 5
7 17 1 3 11 8 14 4
7 7 16 1 14 6 10 4
6 12 9 20 11 15 13
7 7 1 2 4 18 13 14
5 16 13 20 9 12
6 17 10 3 15 20 14
4 13 8 14 5
7 3 18 1 10 5 7 2
6 8 16 5 9 14 11
