900 90 3
13 2 6 17 18 31 33 44 47 54 60 62 70 88 
14 17 24 35 42 43 50 60 63 64 67 72 77 86 89 
14 9 18 29 40 46 47 52 57 63 67 69 82 87 88 
4 50 51 61 76 
13 2 3 13 17 23 33 45 47 53 60 85 89 90 
6 9 12 19 31 67 72 
10 14 21 23 39 45 46 52 54 63 64 
6 4 29 56 62 66 78 
18 19 25 26 29 30 33 34 46 47 51 55 66 69 75 76 79 82 87 
4 13 15 57 59 
8 45 49 55 62 65 72 78 79 
9 3 8 16 19 24 38 55 80 85 
16 7 9 21 29 32 48 53 60 62 65 66 69 80 82 87 90 
9 1 2 14 15 19 22 47 48 49 
20 4 6 11 23 25 26 39 48 54 55 59 62 63 65 68 75 82 86 89 90 
13 1 7 12 13 17 40 47 49 51 60 63 76 79 
18 2 5 7 11 17 18 24 27 29 32 36 40 48 55 64 74 77 84 
4 8 29 30 90 
9 10 17 22 33 39 45 51 60 71 
19 13 15 18 25 27 29 38 46 47 48 50 52 55 58 60 69 75 84 89 
16 2 3 4 14 24 33 37 42 45 46 54 63 69 72 79 81 
17 1 11 18 19 21 34 37 42 46 50 51 67 76 79 85 89 90 
13 4 7 27 28 30 40 56 59 67 73 78 79 89 
8 1 18 19 39 40 50 88 89 
11 10 12 17 32 37 49 55 68 76 82 86 
11 8 12 22 24 25 29 64 70 72 80 81 
15 2 5 8 13 15 26 28 34 55 58 71 76 83 84 89 
18 1 3 21 22 24 26 29 30 50 56 57 58 59 62 67 75 76 81 
20 6 10 15 19 27 31 38 52 60 61 64 69 73 74 75 78 80 82 83 86 
10 8 12 18 53 54 61 64 77 82 83 
14 4 6 11 12 14 35 40 41 59 60 62 79 86 87 
10 9 11 22 31 34 42 47 75 77 89 
4 13 15 16 46 
9 2 23 31 38 44 56 65 69 87 
7 9 16 30 34 35 66 77 
7 11 20 33 48 63 72 90 
11 4 7 10 11 21 49 60 72 73 79 90 
8 7 15 20 23 27 29 50 65 
17 2 6 10 14 22 24 28 29 34 38 47 62 71 75 84 85 88 
16 8 22 23 24 26 40 48 51 61 65 66 67 68 75 80 83 
19 2 6 7 10 12 14 23 34 35 36 40 43 44 61 69 73 78 80 87 
9 7 33 37 39 42 66 80 82 89 
8 11 18 23 58 59 63 70 86 
14 10 15 27 30 31 38 52 60 62 66 70 82 83 84 
11 1 15 34 38 42 46 59 62 66 71 87 
16 1 3 14 20 22 23 30 46 48 53 55 63 69 74 87 89 
9 9 11 22 29 33 46 56 83 86 
17 2 3 15 16 29 30 33 46 50 56 59 63 65 73 80 81 82 
16 2 8 13 32 37 38 39 41 44 46 66 70 75 79 80 81 
20 1 6 8 14 18 26 35 40 41 47 48 52 53 55 64 68 74 82 84 87 
8 2 16 17 31 43 63 68 76 
8 6 13 29 51 71 74 75 90 
11 8 16 19 25 27 51 69 72 76 86 88 
5 8 25 29 74 87 
4 9 13 52 59 
6 16 23 29 53 73 84 
8 3 23 28 37 61 68 84 90 
13 6 8 17 26 31 37 43 45 55 58 70 72 87 
15 8 17 18 23 24 30 32 33 40 44 47 53 84 86 89 
10 11 20 38 39 48 69 70 79 80 82 
18 16 24 25 27 28 29 33 40 48 53 56 61 66 69 79 80 86 87 
10 6 19 37 39 54 57 59 76 86 88 
10 12 21 28 37 45 65 69 82 85 90 
10 9 13 30 31 33 41 56 59 71 80 
9 10 13 25 37 46 53 71 80 84 
12 3 13 23 25 40 46 47 48 61 65 70 88 
8 3 9 15 32 38 44 63 65 
11 13 19 27 32 39 46 47 61 64 73 77 
11 10 35 36 39 40 48 50 68 73 75 90 
20 7 8 9 12 13 16 17 23 24 29 39 44 53 59 63 64 72 74 77 83 
18 3 6 14 15 22 23 41 44 59 60 63 64 70 71 72 74 87 89 
8 3 16 30 49 58 67 74 85 
12 4 11 15 17 21 22 30 57 65 69 72 83 
7 8 19 31 54 65 67 78 
10 2 14 19 20 26 70 77 85 86 87 
17 2 4 7 11 15 17 19 22 24 32 36 45 50 64 73 76 80 
20 9 10 11 12 24 29 31 36 41 42 47 51 60 72 73 75 77 85 87 88 
6 13 26 50 66 67 72 
19 2 6 8 13 18 19 23 28 34 35 36 37 40 51 68 74 78 85 88 
19 5 12 22 24 25 48 49 51 55 56 58 62 66 67 68 70 72 77 85 
5 17 36 44 48 84 
12 15 19 28 30 39 57 61 67 74 79 80 82 
9 3 12 13 15 17 23 25 37 58 
6 20 44 54 56 72 82 
5 5 31 49 62 71 
7 18 23 37 46 66 70 88 
16 5 6 13 18 37 41 47 51 53 54 58 61 80 81 87 90 
8 6 46 53 57 61 62 66 78 
6 18 33 47 58 85 86 
7 3 9 46 50 67 75 80 
17 1 8 10 15 16 19 21 24 35 39 45 53 55 56 58 60 69 
6 2 12 25 29 82 90 
19 3 8 21 23 27 30 31 32 33 38 48 51 54 55 76 79 82 84 89 
11 20 30 39 44 48 57 60 65 73 74 80 
8 2 5 7 28 34 59 68 76 
12 4 13 17 35 41 53 64 67 68 70 78 81 
6 25 26 29 48 60 72 
19 4 7 8 14 15 16 18 26 31 43 51 56 75 77 81 83 88 89 90 
13 6 11 28 29 30 37 38 47 52 61 62 66 85 
19 11 17 18 20 26 28 29 33 34 46 52 56 60 62 65 67 72 73 89 
11 11 18 20 25 26 29 38 55 56 66 83 
19 2 4 7 10 18 27 35 36 37 48 60 61 62 66 71 73 75 76 88 
4 26 28 84 89 
11 5 9 10 26 33 40 46 60 70 89 90 
20 1 2 25 28 32 36 40 41 42 44 47 59 61 73 79 80 82 84 85 90 
20 2 20 23 26 27 32 39 44 45 47 48 50 60 61 68 72 74 77 89 90 
18 4 12 17 27 36 37 38 44 53 60 62 63 64 68 81 84 86 90 
17 8 18 26 37 47 60 62 70 71 73 78 79 81 83 84 89 90 
4 45 56 63 74 
12 9 14 18 27 33 35 41 60 61 66 78 89 
5 15 19 30 45 73 
18 1 4 13 18 23 35 38 41 44 52 59 60 69 78 82 84 86 88 
6 2 8 47 62 70 73 
19 5 9 13 25 33 40 44 45 50 57 58 61 64 71 72 76 83 87 89 
10 26 36 38 42 48 58 60 63 64 81 
6 3 12 17 55 60 81 
19 6 7 8 12 17 19 20 27 28 40 47 48 52 57 58 69 74 85 90 
10 6 45 46 57 60 64 70 72 84 86 
6 45 48 49 60 65 86 
4 10 18 81 89 
19 3 10 15 19 20 31 35 36 50 57 59 60 61 67 69 71 76 78 82 
5 3 18 24 31 85 
11 2 3 33 39 60 61 62 70 76 83 85 
15 2 7 9 10 14 15 26 35 46 56 73 74 75 81 88 
13 2 10 18 20 30 47 51 56 66 73 78 79 80 
17 3 4 12 25 31 35 37 44 54 59 61 63 67 69 74 79 83 
5 15 42 60 80 86 
19 2 7 10 12 23 29 34 50 53 54 55 58 65 71 74 75 78 86 89 
16 2 7 9 20 23 29 39 48 50 62 65 73 82 83 84 87 
17 2 4 21 25 26 30 31 50 63 67 71 72 76 78 79 81 88 
14 7 8 13 22 23 25 29 35 43 45 61 64 78 82 
5 21 28 34 45 69 
15 3 4 11 15 20 22 29 34 45 49 54 57 71 72 85 
18 1 8 27 33 34 36 38 42 43 49 53 58 59 64 71 73 77 84 
10 19 21 22 38 50 57 79 80 81 85 
15 2 3 15 16 20 36 37 44 47 55 61 63 85 88 90 
15 1 9 14 18 19 23 33 58 66 71 76 77 80 85 87 
17 1 16 20 21 27 29 30 34 42 51 61 62 67 75 78 89 90 
19 12 15 21 22 25 26 32 48 53 58 63 64 68 71 72 74 78 79 80 
12 7 10 11 22 25 49 50 51 52 54 65 69 
14 4 8 10 14 20 23 32 43 46 59 62 73 75 90 
8 1 15 25 26 67 75 83 88 
10 6 21 36 37 46 57 64 70 75 81 
4 16 35 36 57 
19 8 9 10 14 17 23 24 25 27 47 52 54 55 61 63 67 75 87 90 
17 1 2 6 24 26 28 30 31 33 41 44 65 73 74 80 82 90 
6 3 14 26 32 74 86 
5 4 19 28 43 73 
13 6 27 28 43 48 58 66 69 73 74 76 77 85 
16 2 6 9 12 36 38 46 48 61 66 67 70 72 82 83 85 
5 6 41 42 54 70 
12 5 14 19 21 22 33 40 51 74 77 84 88 
19 10 23 25 27 29 30 37 42 46 51 53 57 59 65 67 73 79 82 90 
11 4 20 32 33 40 45 63 69 81 84 90 
18 1 5 13 14 25 26 28 30 36 38 54 67 68 69 71 83 87 89 
8 5 12 13 17 25 52 77 89 
12 6 14 21 49 51 54 56 59 60 67 69 75 
9 4 24 25 38 40 65 69 73 81 
17 2 7 12 14 18 23 24 33 45 49 52 56 62 71 81 87 89 
5 4 11 35 46 49 
20 6 15 16 17 20 21 23 25 34 35 38 43 45 59 63 69 81 83 86 90 
9 1 37 38 40 50 64 65 76 81 
12 8 26 27 32 37 46 56 81 84 86 87 88 
11 8 26 28 31 34 36 46 52 70 72 87 
19 6 9 12 14 15 28 29 30 35 36 40 45 49 61 63 65 67 80 90 
13 6 7 11 13 22 32 52 55 61 68 70 73 74 
8 1 6 8 15 19 34 46 74 
7 9 22 25 32 41 51 72 
9 9 11 13 15 18 22 69 75 89 
17 2 7 17 29 30 37 40 45 49 50 52 62 70 71 72 80 83 
15 3 6 14 17 19 22 37 39 47 56 57 59 72 83 85 
14 4 6 10 17 21 41 48 61 63 66 69 80 85 87 
11 3 4 6 20 24 30 34 37 38 44 65 
14 5 9 11 27 28 44 55 62 68 71 79 80 87 88 
19 5 13 18 22 23 31 32 33 44 45 48 61 63 64 67 71 77 79 82 
19 6 9 28 33 39 40 42 44 45 46 48 51 53 64 71 74 78 80 83 
20 6 11 22 23 27 32 44 48 51 53 56 60 68 69 75 76 77 84 86 90 
13 4 10 16 17 26 28 44 50 54 58 60 85 87 
17 24 27 29 39 40 42 45 46 55 57 59 61 70 76 79 84 85 
7 3 4 13 16 21 59 81 
5 17 51 66 76 86 
8 14 26 35 37 68 83 87 89 
7 3 7 14 30 60 85 90 
4 11 23 30 64 
17 2 3 4 6 22 25 27 34 44 51 54 56 60 66 84 88 89 
12 4 12 16 19 23 24 25 29 39 54 88 89 
11 10 24 27 33 34 35 53 62 64 79 90 
10 11 14 25 29 38 39 45 46 55 65 
5 10 15 44 70 72 
12 9 10 21 32 36 38 52 63 74 75 84 85 
19 4 5 14 15 18 20 25 30 39 41 43 46 52 57 59 63 75 76 78 
5 14 59 63 69 89 
5 16 26 28 39 54 
16 5 11 19 22 26 29 32 33 36 40 56 57 61 70 71 88 
8 4 6 9 48 58 70 86 90 
8 2 4 10 24 46 47 71 86 
6 31 55 61 69 77 89 
13 1 13 15 22 34 46 55 57 64 69 75 80 81 
9 18 34 38 39 40 47 54 85 90 
17 5 12 16 24 29 35 39 50 52 60 63 75 76 77 79 82 83 
19 2 15 19 21 26 28 31 36 37 42 45 46 51 64 65 79 80 89 90 
16 2 6 7 12 34 41 44 45 54 57 58 63 75 76 84 88 
16 10 12 16 22 24 28 31 40 43 45 46 54 58 70 82 85 
14 2 10 14 29 36 53 56 72 73 75 77 85 86 90 
15 1 32 39 41 60 63 64 65 66 69 73 76 79 87 89 
20 4 8 15 19 30 34 36 37 43 46 47 50 51 52 54 61 64 67 77 88 
8 14 41 42 45 50 53 63 87 
7 14 21 26 29 35 52 64 
14 7 12 24 34 38 41 42 45 46 50 56 64 67 88 
11 3 15 22 45 52 56 67 73 77 87 89 
13 29 34 38 39 41 46 49 57 65 69 74 86 87 
17 9 18 20 25 36 46 47 49 50 65 66 67 72 73 83 87 89 
8 1 2 12 25 29 50 61 85 
12 2 4 21 25 31 32 38 46 48 65 73 85 
6 15 16 38 40 79 83 
6 24 29 34 54 55 80 
10 9 18 22 38 50 55 59 64 66 73 
14 8 9 10 22 30 33 34 45 51 63 65 78 80 81 
19 1 12 16 23 28 31 34 36 40 44 47 54 55 64 73 75 76 78 82 
6 13 18 50 61 65 68 
9 7 27 45 51 52 53 68 74 84 
5 11 25 38 76 77 
5 10 23 61 74 80 
14 3 4 7 22 23 26 28 43 46 65 70 74 81 85 
10 3 7 47 48 61 70 76 77 81 85 
16 2 7 18 21 30 36 45 48 50 58 64 76 79 82 84 88 
14 1 10 11 16 18 26 39 45 46 63 70 78 83 90 
13 12 17 29 33 38 45 46 51 52 69 70 80 84 
20 4 6 14 23 26 28 35 36 37 41 43 54 60 62 66 67 68 70 79 89 
19 2 7 8 10 21 26 29 31 38 40 49 50 51 57 72 82 86 88 90 
12 4 12 21 27 51 56 57 61 62 71 85 87 
19 3 7 8 22 23 24 27 35 42 45 47 54 56 70 71 73 77 79 90 
18 6 17 28 29 42 44 49 51 53 54 56 57 58 61 63 74 81 85 
10 12 13 24 30 31 36 42 62 71 87 
10 7 8 9 10 25 29 52 61 73 90 
18 5 6 16 23 32 33 35 41 47 49 50 54 57 65 74 75 87 88 
6 5 13 40 74 79 87 
10 21 33 39 46 55 58 65 66 70 80 
17 9 16 24 25 26 45 48 55 59 60 62 66 69 71 73 83 84 
9 20 21 30 45 63 64 65 67 79 
13 4 6 7 9 31 47 48 51 58 67 80 85 89 
18 5 6 10 12 24 28 39 43 47 55 56 57 73 79 81 83 85 87 
8 2 16 29 42 58 70 82 84 
18 3 10 13 15 23 25 29 31 48 59 61 64 68 74 77 79 80 82 
7 10 43 54 56 63 64 69 
8 1 18 31 44 50 75 79 82 
14 4 18 21 25 33 37 39 52 56 67 85 86 88 90 
16 4 17 18 20 24 28 29 33 38 39 42 63 65 66 78 87 
8 2 4 5 16 38 62 68 71 
20 5 7 8 15 17 19 20 27 32 35 36 40 43 57 59 63 64 68 80 83 
14 1 2 4 17 23 29 30 31 39 42 62 63 65 72 
18 13 17 18 24 27 36 40 42 47 51 56 62 67 74 78 81 88 89 
20 11 13 14 15 19 20 30 33 38 48 51 56 59 61 63 73 76 80 81 86 
6 14 56 58 61 82 87 
5 9 10 52 76 79 
16 8 12 18 22 24 29 31 47 49 50 51 63 65 71 77 79 
17 2 6 11 13 15 23 32 42 43 44 57 62 71 73 77 79 83 
7 1 2 24 26 48 59 61 
7 30 48 60 62 65 66 75 
18 2 10 11 17 21 28 31 45 53 55 57 69 72 76 77 79 85 87 
8 8 32 38 49 53 54 74 88 
4 3 48 85 86 
12 9 12 14 27 31 34 37 42 53 82 86 89 
10 8 9 13 20 30 31 52 57 78 89 
14 4 7 16 20 33 39 57 61 62 71 74 77 83 85 
17 2 13 14 17 34 37 40 44 46 64 69 70 71 74 76 80 87 
17 1 4 9 11 13 32 42 43 46 50 58 63 67 82 83 86 89 
18 8 11 26 29 31 35 37 38 43 45 49 50 53 57 60 63 70 79 
10 8 39 42 45 61 66 70 71 78 89 
4 31 50 79 89 
16 4 11 12 25 27 28 34 43 56 57 64 68 73 87 89 90 
19 9 12 13 19 24 28 31 40 43 47 48 59 66 68 70 73 80 82 90 
16 7 13 18 23 33 37 38 41 42 59 70 78 79 81 84 89 
15 1 11 14 16 31 35 40 47 48 54 55 56 66 68 87 
13 3 4 5 9 17 25 30 34 37 39 42 69 85 
17 9 18 26 27 36 38 43 48 55 63 67 72 76 77 78 80 82 
12 4 13 16 22 32 34 44 47 50 64 83 87 
20 9 10 13 19 21 29 32 34 38 55 70 71 72 74 75 77 78 79 83 89 
14 18 21 35 36 37 39 46 54 56 69 77 79 82 85 
5 6 49 56 59 86 
8 10 14 21 29 57 60 85 86 
9 25 33 35 47 54 58 68 71 73 
17 4 8 16 29 33 38 39 49 54 58 63 65 74 75 77 81 83 
11 8 17 22 34 35 46 49 63 76 80 85 
17 4 10 15 17 22 27 30 34 38 61 65 69 71 73 78 79 90 
19 3 25 33 34 38 39 42 51 52 58 60 61 66 67 73 75 79 81 90 
16 1 6 9 15 17 20 41 44 46 50 57 68 71 74 87 88 
17 1 5 8 16 20 27 29 32 42 46 49 51 52 58 59 63 72 
8 25 30 41 44 45 46 61 78 
20 10 23 30 33 38 39 41 42 44 45 48 52 60 61 65 66 76 81 83 87 
8 5 16 21 35 55 62 64 73 
10 20 30 39 55 58 59 63 74 76 83 
7 14 31 55 57 64 65 77 
5 1 49 53 66 81 
16 1 11 13 22 28 32 33 38 56 67 69 70 79 85 89 90 
19 5 8 12 13 15 19 20 24 42 47 57 68 70 72 73 74 75 82 87 
18 2 5 6 7 10 11 17 23 31 32 49 50 72 75 78 81 86 90 
20 3 8 16 20 21 25 26 29 46 49 55 56 63 68 72 77 84 85 86 90 
5 4 7 24 27 80 
10 2 29 33 39 50 51 53 77 83 89 
6 11 21 25 34 44 67 
20 2 20 22 23 26 27 28 30 42 43 47 50 57 58 76 78 81 86 87 90 
6 34 41 44 54 69 80 
6 6 9 31 82 88 90 
9 8 12 29 32 38 47 52 58 59 
18 18 19 23 26 27 30 34 41 42 45 50 54 57 60 73 76 78 85 
18 1 9 16 27 31 32 42 43 61 63 66 73 74 76 82 84 89 90 
12 13 20 21 35 39 56 60 62 75 76 78 87 
8 9 18 20 25 31 41 62 82 
20 4 5 7 8 9 13 19 26 27 29 33 41 44 47 61 71 72 75 76 83 
14 3 9 12 24 27 34 44 45 46 65 72 74 88 90 
4 33 37 49 70 
15 5 8 11 18 20 29 34 39 41 44 48 53 65 80 84 
11 20 33 36 52 56 64 65 68 70 84 88 
4 31 40 67 80 
17 3 5 7 21 24 26 40 43 46 48 52 56 61 70 72 82 90 
20 1 8 15 18 25 27 29 32 38 40 44 46 47 57 65 67 78 79 82 88 
16 2 7 17 18 33 45 46 52 53 57 67 69 70 71 74 81 
9 15 23 35 36 40 44 61 72 90 
6 23 27 28 37 60 83 
20 1 3 7 9 11 12 13 16 27 29 37 50 53 55 58 59 65 68 80 83 
14 18 26 30 37 43 51 53 58 61 67 70 71 77 86 
6 25 44 48 68 72 84 
16 3 5 13 16 19 21 31 48 56 57 59 61 69 75 76 84 
18 1 6 7 8 11 13 14 17 21 40 42 53 59 68 71 78 83 86 
12 1 2 5 9 13 20 24 48 58 60 63 80 
10 11 12 31 64 66 67 71 86 87 89 
10 4 22 26 43 55 58 59 72 78 80 
13 7 13 15 16 18 29 36 40 48 49 62 76 81 
5 27 31 45 58 69 
4 30 34 59 89 
11 22 32 56 65 66 69 74 80 81 82 88 
16 2 9 10 12 34 35 37 38 44 50 53 68 71 74 83 87 
16 4 6 11 12 16 30 56 58 62 63 64 68 75 80 81 82 
14 6 11 14 19 25 28 40 44 53 62 66 76 84 87 
9 12 42 51 52 55 60 83 87 89 
19 5 7 9 13 14 19 27 35 36 46 49 53 55 57 65 70 74 76 77 
18 6 14 17 18 24 27 36 46 48 55 56 59 62 63 64 66 70 71 
14 3 6 8 19 30 38 40 41 46 47 59 73 81 90 
13 1 11 13 17 18 22 49 65 66 67 76 81 89 
5 10 24 37 39 70 
20 7 9 16 18 19 20 27 41 45 51 55 58 65 68 72 75 79 82 86 90 
16 2 8 15 24 36 37 43 44 45 46 47 55 67 70 82 88 
9 2 5 53 59 67 77 79 83 90 
4 4 26 40 73 
6 3 14 29 49 76 77 
20 10 11 13 15 19 28 37 39 44 46 57 59 62 64 65 66 67 69 76 84 
18 1 10 11 19 22 23 26 34 39 42 44 51 53 62 69 71 75 77 
20 4 10 15 21 40 48 51 53 57 62 63 71 74 75 79 81 82 84 85 90 
7 2 30 33 38 39 59 71 
10 3 4 10 22 29 54 64 66 75 78 
12 8 26 28 36 45 55 60 68 79 80 82 83 
15 5 19 23 24 35 38 39 40 43 47 62 68 75 76 78 
18 1 2 10 24 42 46 48 50 52 57 58 62 68 73 76 79 84 90 
18 2 8 12 13 20 22 24 28 31 45 47 62 69 72 77 81 85 90 
5 44 60 70 82 87 
9 27 28 34 55 61 67 68 75 80 
19 1 2 14 16 19 26 33 41 42 48 54 56 70 71 79 82 83 84 90 
7 5 9 14 40 74 75 82 
9 2 11 18 35 38 50 63 74 82 
11 8 23 26 28 30 34 46 57 61 68 88 
15 7 12 16 20 23 25 35 36 49 56 57 76 78 80 84 
17 2 11 13 17 27 28 31 42 50 52 57 64 65 75 79 82 85 
14 5 12 13 14 16 21 24 29 57 61 62 64 77 86 
13 6 12 14 19 20 25 44 45 50 66 77 82 90 
19 4 5 6 12 17 21 26 29 30 34 39 40 47 48 52 58 63 69 89 
12 1 3 10 24 26 51 57 62 73 76 78 88 
10 16 20 28 43 52 59 61 66 82 83 
11 16 22 29 31 33 35 45 57 61 83 89 
12 27 31 35 41 56 59 61 72 74 78 81 89 
5 22 34 57 68 84 
20 5 6 7 11 14 20 21 23 31 32 35 38 40 42 47 50 51 81 84 87 
12 6 16 25 28 29 39 42 49 65 79 88 89 
8 16 31 40 53 60 61 64 66 
6 13 18 23 28 36 67 
8 13 24 63 65 67 68 69 73 
9 3 25 50 62 68 69 76 84 89 
20 7 11 16 21 27 29 37 41 43 50 54 55 56 61 63 66 67 69 70 83 
17 25 30 41 43 44 47 51 54 60 61 62 63 64 65 77 86 87 
14 3 5 7 16 31 56 57 60 67 73 76 78 79 88 
4 25 51 70 88 
9 13 22 43 46 51 69 70 81 88 
17 20 25 27 35 40 44 46 47 55 57 64 73 82 83 86 87 89 
9 23 26 36 43 53 60 79 81 83 
7 10 20 21 23 32 66 73 
12 1 4 7 11 12 25 32 50 58 59 75 84 
4 15 36 87 90 
7 8 26 33 38 56 77 90 
7 11 13 25 48 76 78 87 
16 7 10 12 18 21 27 32 43 48 49 57 76 80 81 82 83 
5 1 38 49 50 68 
10 1 16 19 27 42 48 50 57 60 73 
11 1 12 13 24 31 38 44 46 60 85 87 
4 31 32 50 79 
14 8 12 20 24 29 33 46 47 48 49 61 71 75 76 
10 8 12 15 20 24 32 36 64 65 84 
12 2 15 26 28 44 48 62 63 65 81 84 88 
14 6 9 21 29 32 33 49 61 65 70 73 79 89 90 
13 2 11 19 22 23 29 49 58 59 64 70 72 82 
17 5 6 11 13 21 31 37 39 45 47 49 52 58 61 65 68 72 
20 1 4 8 13 18 26 27 31 35 42 44 46 47 51 52 59 61 64 73 79 
4 7 31 42 82 
11 1 14 25 33 45 47 52 58 60 84 88 
16 19 24 25 32 39 40 43 47 53 56 59 62 63 67 71 73 
9 5 17 25 31 40 54 78 81 85 
9 12 16 27 39 40 42 69 70 73 
10 5 9 23 29 34 45 58 64 67 68 
13 5 6 9 19 27 31 47 54 57 69 81 82 89 
16 1 6 12 18 24 37 40 41 42 50 52 63 74 77 81 85 
6 4 24 51 66 71 77 
9 10 15 27 55 58 71 72 77 89 
17 4 7 8 10 11 14 22 29 32 33 38 60 63 67 73 78 85 
13 3 12 13 15 22 23 37 43 48 49 62 76 78 
16 5 8 16 18 23 28 31 51 56 59 71 73 79 81 89 90 
4 23 58 61 74 
4 25 42 69 84 
18 10 11 18 20 24 30 31 34 38 43 44 50 57 63 65 76 77 81 
19 1 2 6 16 23 26 27 29 32 45 46 48 52 53 54 59 65 69 88 
17 2 5 12 14 15 16 32 34 39 51 53 54 58 63 65 68 87 
20 1 9 12 23 24 27 29 30 31 38 41 48 61 66 68 73 75 83 85 90 
10 7 18 20 34 35 55 72 74 80 87 
9 4 5 25 29 48 51 73 81 88 
13 3 14 29 30 31 35 39 51 52 58 65 67 80 
17 10 11 22 39 41 42 44 48 49 52 56 69 70 71 74 75 76 
18 1 2 3 6 16 17 21 22 30 37 44 55 61 69 70 71 86 90 
17 14 18 19 31 38 41 43 48 55 56 59 60 66 68 69 76 81 
13 15 28 31 33 48 54 55 60 72 74 75 78 89 
16 4 13 14 17 25 28 29 30 31 52 60 62 67 68 69 76 
19 8 10 11 16 24 28 29 30 33 35 37 38 45 49 68 76 80 83 87 
7 12 16 18 21 24 27 32 
10 10 22 30 33 46 49 53 69 70 85 
19 21 31 39 42 49 53 55 61 63 64 71 72 74 75 78 82 85 87 90 
13 1 4 13 14 27 38 41 57 60 75 76 84 89 
14 4 9 10 12 40 43 48 50 51 55 64 67 80 84 
20 8 10 18 19 20 24 27 32 33 43 46 47 54 57 60 62 71 72 78 90 
7 19 22 26 40 52 53 58 
20 8 9 10 15 20 23 25 27 28 31 37 46 48 51 58 62 64 65 71 90 
5 5 11 14 21 88 
6 1 6 28 42 57 69 
19 4 5 11 13 18 19 28 34 39 40 41 45 46 47 56 63 80 84 90 
5 22 36 39 69 81 
4 11 12 19 32 
17 3 9 12 19 29 30 38 40 41 44 45 53 61 70 71 77 82 
4 15 55 70 76 
4 15 46 76 89 
13 6 7 9 25 30 35 45 46 50 63 71 88 89 
9 1 30 31 35 47 60 65 71 86 
16 3 5 6 7 13 18 22 24 25 27 35 37 38 69 73 87 
20 3 7 15 21 26 27 31 32 36 40 41 46 48 63 67 71 74 77 81 87 
16 3 11 14 16 21 27 32 34 35 36 42 55 58 63 67 79 
8 47 50 51 55 66 74 75 89 
4 5 37 38 49 
20 5 11 12 13 14 17 21 24 39 41 45 53 54 62 73 76 78 81 84 85 
8 17 25 32 42 49 53 75 90 
18 2 7 14 18 23 32 35 36 40 50 59 60 64 68 70 75 81 86 
16 9 29 33 41 43 44 48 49 51 55 59 64 65 72 76 90 
12 3 21 22 31 32 38 42 44 54 73 80 83 
18 2 5 13 14 26 27 28 43 47 53 55 57 65 74 75 85 87 89 
18 2 6 12 17 19 20 23 39 43 45 46 50 53 60 68 81 85 88 
6 7 9 12 26 34 77 
18 2 9 10 24 29 31 33 37 40 42 49 57 58 65 67 76 83 85 
7 22 38 48 56 68 72 79 
8 1 8 13 35 57 60 69 70 
7 2 12 18 36 66 80 86 
10 2 10 12 14 25 27 33 47 60 90 
14 1 16 17 19 27 39 46 47 55 56 76 81 85 89 
7 10 42 59 67 79 87 88 
11 7 9 10 26 30 33 49 54 70 74 85 
12 9 20 23 28 37 39 41 43 44 71 72 83 
6 9 22 27 40 48 70 
8 24 27 30 37 44 45 57 63 
5 5 6 21 74 83 
6 25 44 52 64 65 71 
5 28 34 64 73 77 
9 8 15 23 24 25 35 60 74 79 
10 19 29 41 47 54 65 73 75 77 80 
8 6 32 36 47 50 62 74 88 
16 2 5 20 24 26 37 44 48 49 52 56 60 62 74 86 89 
4 3 21 26 61 
11 4 6 13 45 57 61 69 70 73 80 83 
18 3 8 12 13 15 23 24 28 47 54 62 66 67 71 78 79 81 89 
4 2 63 64 76 
20 2 4 6 7 11 14 18 19 22 24 37 42 43 46 52 53 56 67 76 82 
20 3 10 13 24 25 26 27 37 39 43 45 49 53 61 64 73 77 83 84 89 
12 15 18 40 58 64 73 75 76 82 83 87 89 
9 2 3 21 39 44 57 62 74 87 
6 4 37 56 64 73 74 
7 10 12 16 27 35 40 45 
17 4 14 24 26 33 34 39 41 56 57 59 62 72 73 74 77 88 
9 6 13 36 53 58 64 75 77 86 
14 2 6 12 18 25 33 34 42 47 59 76 78 85 89 
11 4 5 9 22 25 29 30 53 62 74 83 
19 10 13 14 22 28 37 40 45 46 54 57 59 64 72 74 75 80 83 88 
15 5 7 22 23 25 34 47 50 55 60 61 62 75 78 82 
7 7 10 44 63 78 81 86 
16 1 5 19 23 24 35 39 47 53 54 57 59 64 79 82 85 
10 45 50 55 68 70 79 80 83 84 85 
14 10 13 14 22 27 28 38 39 59 68 71 81 87 90 
9 4 6 7 33 47 55 63 86 87 
7 13 20 28 38 43 52 59 
20 8 11 19 23 26 34 35 41 49 57 63 64 65 66 70 72 74 78 80 87 
18 1 5 10 11 15 21 22 23 31 38 56 58 65 67 70 78 81 90 
8 7 12 17 19 40 64 88 90 
19 4 5 6 11 14 18 39 41 43 44 47 48 50 68 69 73 85 88 90 
15 6 10 12 15 28 31 41 44 46 54 56 57 59 61 69 
15 5 21 25 27 46 52 56 58 67 70 71 73 80 82 84 
19 11 13 15 29 32 37 40 44 55 61 62 63 65 67 74 80 86 87 88 
17 1 14 16 19 20 21 30 34 45 54 64 65 79 80 81 86 87 
16 2 4 8 9 14 18 33 39 40 45 53 64 76 80 81 83 
11 1 9 17 47 51 52 62 64 78 83 84 
6 10 16 21 24 42 58 
5 25 39 56 82 83 
9 2 18 30 42 44 69 71 74 89 
4 8 10 34 84 
19 5 6 12 18 32 34 39 45 56 59 65 66 69 71 73 78 80 85 87 
20 2 4 10 12 16 18 21 25 27 37 42 48 51 55 66 72 73 76 78 83 
20 2 4 5 11 12 15 17 21 25 36 40 43 45 58 59 62 63 76 86 88 
17 4 5 6 10 11 23 26 28 52 53 58 61 69 72 75 78 87 
11 5 16 21 22 23 32 43 58 59 75 89 
14 8 9 11 15 41 61 63 67 72 76 81 85 87 88 
17 1 10 13 20 21 25 27 28 32 37 62 76 80 81 82 84 87 
17 5 10 20 24 29 30 31 33 41 53 57 65 71 73 74 76 85 
8 19 25 42 56 59 69 72 89 
5 19 23 26 31 55 
5 29 54 56 72 76 
20 1 5 13 15 17 20 25 42 46 50 61 65 68 71 74 77 80 84 85 87 
9 8 9 35 39 51 54 64 74 76 
10 15 27 30 34 36 71 76 78 81 86 
19 5 7 10 26 35 44 47 56 57 58 61 64 65 71 73 76 80 82 83 
7 8 15 39 40 46 59 62 
5 9 11 12 29 54 
11 2 10 16 18 28 31 46 51 67 69 75 
15 15 19 23 27 29 31 34 36 39 41 43 52 54 59 70 
13 2 5 15 36 53 59 61 73 75 80 82 87 90 
12 2 6 24 40 48 53 71 74 78 80 84 89 
15 2 3 8 12 20 21 25 31 45 62 72 77 80 84 87 
18 2 9 11 12 15 21 27 29 30 31 44 54 60 66 69 79 86 88 
20 4 10 12 13 23 37 40 42 43 44 51 59 63 66 67 71 73 81 83 87 
11 21 26 30 34 35 39 40 53 68 69 72 
6 18 23 49 66 72 75 
18 4 10 13 17 27 34 41 47 51 60 62 65 68 75 76 80 83 85 
20 5 7 9 13 18 31 39 43 44 45 50 51 54 61 67 70 73 77 81 90 
17 14 18 21 30 34 36 38 45 56 62 66 73 79 81 84 86 89 
17 1 4 10 11 14 15 26 51 53 61 69 71 76 80 83 89 90 
13 25 27 29 30 38 41 46 49 55 73 79 82 88 
16 2 5 17 24 28 36 39 42 43 52 60 76 80 83 85 88 
15 17 24 34 49 50 53 55 57 62 70 73 74 76 79 87 
11 4 10 21 26 27 37 53 73 76 79 82 
7 3 38 55 59 70 74 87 
14 2 3 7 16 23 25 30 33 47 57 58 65 86 89 
12 1 12 22 30 69 70 74 75 82 84 89 90 
14 1 7 8 13 29 31 32 34 42 43 62 64 68 77 
12 12 17 22 23 27 31 38 40 41 42 44 73 
18 2 12 13 14 17 19 36 40 45 49 51 60 62 64 68 69 72 75 
11 7 15 23 27 42 55 66 69 75 82 85 
4 35 43 59 67 
10 2 3 12 17 35 37 44 46 62 82 
5 41 44 49 51 54 
16 6 14 17 20 24 26 32 35 37 45 57 58 62 71 74 90 
16 2 4 6 9 24 27 30 31 35 44 55 69 73 81 85 88 
7 1 3 10 29 34 41 85 
14 5 23 27 29 41 51 52 53 62 63 72 79 81 85 
13 8 12 13 21 23 27 30 42 50 68 72 83 87 
13 4 5 24 26 27 36 38 40 55 62 66 82 85 
14 11 12 13 18 21 28 40 49 51 57 61 66 70 80 
9 3 4 16 49 64 79 83 86 89 
4 17 24 70 84 
9 2 15 33 43 48 49 51 60 88 
13 5 9 26 33 41 44 51 53 60 77 84 85 90 
18 1 2 6 9 17 22 23 25 32 44 64 70 72 73 77 87 88 89 
11 28 30 34 43 46 54 58 62 72 74 75 
9 3 10 42 61 66 70 73 76 85 
13 1 4 13 16 25 33 36 45 54 65 66 76 84 
12 11 18 19 20 45 53 55 59 65 73 75 79 
6 8 32 50 66 74 77 
5 29 32 37 38 63 
16 13 15 20 28 29 33 34 37 62 63 71 76 78 79 80 81 
19 14 15 19 20 27 30 38 48 60 63 67 68 71 73 74 76 81 85 86 
16 4 8 10 32 36 37 47 50 52 55 56 63 72 84 85 89 
4 17 38 40 63 
16 7 8 10 14 18 19 24 30 43 47 48 59 63 67 83 85 
13 12 17 19 34 35 50 53 55 67 69 71 74 76 
11 14 18 38 43 47 61 67 68 79 80 83 
19 8 9 14 35 44 47 52 53 55 57 58 59 67 68 71 74 79 86 88 
8 3 4 12 15 25 48 61 87 
20 1 10 16 17 22 23 25 32 48 50 52 57 58 68 70 76 79 85 88 89 
10 4 12 19 20 22 28 52 53 54 63 
11 5 17 23 29 39 52 60 79 80 86 90 
13 6 14 28 37 39 46 57 62 73 79 80 85 87 
16 12 14 16 22 28 38 40 41 42 44 47 55 66 73 82 89 
16 8 10 14 25 27 33 47 52 54 65 66 69 72 82 87 90 
4 37 40 47 54 
16 4 7 15 18 21 26 27 38 58 66 69 81 82 85 88 89 
19 3 9 16 18 26 32 37 38 43 46 52 53 66 68 69 73 78 84 90 
17 5 9 11 13 24 26 34 35 46 59 60 69 72 77 85 86 88 
12 9 11 27 30 38 39 51 67 71 78 83 88 
14 1 15 18 21 24 25 42 53 61 63 75 79 81 90 
5 10 19 23 46 68 
13 6 7 12 22 24 32 36 43 54 56 72 76 81 
17 1 3 9 15 17 27 30 31 42 48 51 59 67 77 81 83 88 
18 4 10 28 29 34 38 49 51 55 56 62 66 67 81 83 84 88 89 
12 6 8 12 15 27 31 32 34 47 62 63 74 
5 6 39 46 82 88 
5 8 22 44 57 67 
8 21 23 27 34 36 60 72 90 
11 3 9 11 18 24 60 62 70 74 77 79 
15 2 10 11 20 26 36 41 45 47 56 61 80 83 84 87 
7 6 22 26 57 64 87 90 
8 4 7 10 26 45 48 56 87 
11 3 6 11 17 41 54 68 74 76 79 85 
15 1 3 7 15 24 32 37 40 43 49 52 55 61 79 89 
5 30 33 37 46 59 
17 6 9 12 13 25 31 32 42 48 49 51 61 62 63 68 75 79 
13 1 4 6 13 16 17 29 41 55 57 58 72 75 
9 17 20 22 27 51 59 67 79 81 
12 3 4 14 22 33 39 44 45 54 75 86 88 
4 40 46 63 87 
15 3 7 10 16 18 20 22 23 27 33 48 64 81 83 90 
12 11 37 39 47 51 52 69 74 75 78 82 89 
16 12 14 15 20 27 32 35 44 48 57 61 64 67 71 76 80 
18 4 6 7 10 15 31 33 35 54 59 60 64 68 69 70 77 87 88 
14 15 17 19 30 38 40 42 49 61 62 71 73 75 85 
9 5 11 20 64 68 71 79 82 90 
20 6 10 12 18 24 25 27 30 33 36 37 38 44 56 62 67 68 76 87 89 
11 4 9 24 44 45 49 52 71 78 82 87 
9 5 7 39 52 55 69 79 81 88 
17 2 14 19 25 27 29 36 43 51 52 56 58 59 72 74 88 89 
17 2 8 22 25 28 35 41 44 46 57 60 62 64 78 81 82 90 
15 9 12 17 20 26 30 34 38 44 46 51 60 74 78 81 
20 1 3 14 16 18 24 25 31 34 45 49 50 52 55 67 71 72 75 76 80 
20 9 11 25 39 40 44 45 50 53 61 62 70 73 77 81 85 86 87 88 90 
14 5 15 21 27 30 37 45 56 72 75 78 81 84 87 
11 1 8 22 31 32 33 43 44 46 70 71 
16 4 5 17 24 29 32 34 35 37 56 65 71 74 79 82 83 
8 4 11 24 34 40 55 64 79 
9 3 10 24 25 35 37 46 54 56 
5 1 14 64 65 76 
16 7 8 13 25 34 35 37 39 46 54 59 63 67 68 80 88 
11 3 8 9 16 22 27 36 52 55 68 85 
6 9 14 17 35 75 84 
7 14 23 33 47 66 71 72 
15 3 10 12 16 17 30 34 40 42 43 53 55 83 85 88 
12 4 10 25 41 52 53 54 64 71 72 74 80 
20 6 11 15 16 29 35 39 43 47 50 51 55 57 59 61 65 72 75 84 86 
8 8 19 30 39 48 49 72 79 
10 3 14 37 50 55 67 73 79 84 85 
7 9 19 22 49 56 57 66 
6 22 34 47 53 58 70 
12 1 4 5 12 28 33 62 64 66 72 73 81 
17 3 10 13 16 20 23 25 26 30 35 47 58 64 71 80 84 86 
15 7 10 17 19 26 32 40 47 49 57 61 75 78 82 83 
6 18 31 48 50 51 70 
15 9 15 23 35 36 40 56 58 61 62 64 67 75 83 90 
7 2 26 28 30 43 46 63 
13 8 12 14 21 33 34 43 50 55 60 61 65 90 
4 7 16 53 56 
20 8 14 15 17 24 25 28 32 36 40 53 55 61 62 63 64 66 74 82 85 
10 8 11 22 23 39 52 58 61 73 81 
5 13 51 67 82 85 
11 3 12 13 26 36 39 43 47 56 78 81 
13 3 10 13 21 34 38 42 47 54 61 68 77 81 
5 32 54 77 81 88 
8 1 4 7 18 45 61 71 80 
5 1 10 20 32 44 
10 10 19 30 43 53 60 72 75 80 87 
11 8 11 19 21 30 33 57 67 81 84 89 
8 7 12 31 47 53 60 74 80 
19 1 2 4 7 14 18 19 22 32 35 42 44 46 55 64 68 69 84 89 
4 8 15 42 65 
13 3 4 9 11 12 13 25 28 62 65 77 84 86 
19 1 5 7 8 11 21 22 24 31 37 55 57 58 61 68 83 85 89 90 
7 6 19 68 73 78 80 81 
16 5 10 14 15 17 32 35 44 60 66 67 68 71 72 74 79 
6 1 17 23 31 32 72 
15 11 12 14 17 20 21 22 28 37 44 56 60 70 84 90 
4 21 43 45 90 
10 3 11 33 44 47 60 61 75 83 90 
4 26 37 48 89 
5 33 36 48 72 74 
8 10 15 26 39 47 61 86 90 
10 14 16 22 53 69 74 75 77 79 82 
4 9 14 36 48 
17 2 13 14 15 19 31 43 45 49 50 60 70 72 76 83 84 85 
14 1 5 12 13 33 36 44 45 47 52 56 76 77 82 
8 8 10 12 41 43 56 58 72 
15 5 18 31 33 41 48 51 69 70 75 78 82 83 89 90 
13 8 18 22 24 37 39 41 44 57 61 70 71 85 
20 1 5 10 21 29 38 39 40 51 54 55 56 63 67 73 75 80 81 83 90 
7 1 11 18 38 43 49 78 
9 8 18 29 61 64 72 76 78 88 
5 12 46 47 71 87 
8 15 31 34 35 39 65 72 90 
18 9 15 18 22 41 43 49 53 57 59 65 68 70 71 77 79 84 87 
14 9 24 34 38 39 46 52 54 57 60 63 70 72 79 
11 4 13 23 29 30 38 39 53 74 76 89 
12 5 10 15 33 35 53 54 61 62 73 79 83 
5 11 33 37 64 86 
19 2 3 8 11 19 22 27 28 34 42 49 64 67 71 73 79 81 82 85 
10 7 8 20 28 36 46 61 64 67 85 
9 21 27 33 36 47 50 57 71 76 
20 1 6 10 11 14 20 26 30 38 39 40 42 45 53 56 58 59 60 70 86 
8 2 19 24 37 54 68 72 84 
17 2 6 8 10 21 22 23 36 40 41 47 55 65 72 73 76 82 
5 7 8 31 52 83 
14 10 16 20 24 42 47 48 51 64 66 72 76 84 85 
7 1 40 52 62 65 79 89 
17 7 10 22 26 28 37 46 48 52 55 57 69 71 72 77 81 87 
5 14 41 51 76 85 
19 3 6 7 10 15 26 32 36 38 44 55 65 67 69 72 75 79 83 86 
14 1 16 19 23 33 41 43 53 56 57 73 78 81 88 
5 15 40 43 68 87 
15 9 10 15 20 26 34 40 42 52 57 61 64 67 73 90 
14 2 8 12 13 20 23 32 60 63 73 80 83 85 88 
5 5 10 22 31 59 
11 1 19 23 33 39 47 53 56 60 74 76 
7 1 13 19 33 57 67 76 
17 5 10 12 16 21 24 26 27 44 45 50 52 57 58 67 68 76 
20 2 9 13 14 15 16 25 30 36 41 48 50 56 65 67 68 72 77 79 81 
18 3 8 14 15 17 33 36 42 43 44 47 62 63 67 72 74 83 88 
4 7 14 45 84 
5 4 33 48 63 70 
5 27 34 49 63 71 
15 18 23 30 32 36 41 47 52 53 54 70 77 78 88 90 
6 28 39 45 47 63 83 
6 8 14 65 66 71 75 
17 1 3 13 15 27 28 33 36 40 47 53 56 66 71 78 81 82 
7 14 23 27 29 36 41 65 
5 35 45 47 58 77 
19 1 3 4 19 26 31 33 35 55 60 63 65 70 73 78 79 80 81 82 
16 3 5 12 27 31 43 46 50 51 55 58 59 65 69 82 84 
11 1 10 19 25 38 43 44 56 81 82 84 
7 1 18 20 43 46 71 87 
18 3 9 16 21 24 28 29 36 41 45 46 48 49 53 58 63 68 82 
16 7 11 19 21 26 29 30 31 44 46 52 60 65 70 76 77 
20 6 7 8 10 12 14 17 19 28 41 46 47 48 64 71 73 76 77 84 85 
15 1 4 7 16 19 21 31 38 41 48 54 55 60 82 84 
8 17 28 33 57 64 73 77 80 
17 17 20 23 24 39 40 41 42 46 47 56 68 70 72 74 80 89 
7 12 19 43 52 60 64 83 
20 2 6 9 10 21 23 26 41 42 48 51 54 57 59 61 78 80 81 84 90 
12 10 18 22 23 25 45 59 60 70 74 86 89 
18 5 8 9 15 17 21 27 30 36 57 64 65 67 73 78 80 84 85 
4 3 49 58 87 
16 1 5 6 14 20 24 27 35 47 52 63 66 79 81 88 89 
15 4 5 15 18 26 43 44 56 65 67 69 72 79 86 90 
8 25 26 27 41 44 45 79 82 
12 3 7 27 38 42 53 62 74 81 83 87 89 
17 1 10 23 24 26 40 44 46 48 53 54 66 74 79 82 86 87 
14 2 10 11 13 14 17 31 34 38 53 63 66 68 75 
9 17 23 44 52 61 73 74 81 84 
11 15 20 26 31 40 52 55 64 65 69 78 
9 2 5 15 18 31 37 72 88 90 
16 2 8 11 12 18 27 30 35 37 39 52 80 81 82 85 86 
12 4 8 14 22 34 50 52 55 56 72 74 76 
16 14 24 26 27 29 34 36 40 41 52 56 58 68 71 77 86 
4 27 32 56 87 
16 9 10 12 17 18 24 27 32 40 63 65 67 68 78 79 83 
18 2 5 14 16 30 31 34 42 43 46 50 53 61 72 80 82 88 89 
13 1 5 9 24 31 40 42 47 53 68 76 78 87 
15 4 15 26 30 36 49 51 59 65 66 70 73 83 88 90 
8 13 19 36 47 51 52 64 72 
9 1 15 21 36 39 56 62 66 82 
12 6 9 31 37 48 50 54 55 56 62 70 73 
6 14 23 33 43 62 69 
16 11 16 19 25 27 53 56 58 60 65 75 80 82 84 85 89 
6 22 27 34 64 76 86 
16 2 6 18 32 36 37 44 46 47 50 51 62 75 78 85 87 
13 12 17 28 31 34 41 51 54 61 69 70 80 89 
4 17 39 68 81 
13 2 24 30 31 32 34 42 48 57 58 60 77 79 
14 4 8 11 14 25 29 40 44 49 51 56 72 74 84 
11 4 6 7 13 24 50 51 56 60 80 83 
5 3 18 35 42 44 
20 8 9 12 15 19 20 24 25 26 28 40 46 59 61 69 76 77 79 82 89 
17 1 3 5 11 13 14 15 30 40 55 69 79 81 82 87 89 90 
6 4 10 19 39 41 51 
10 11 18 37 39 46 48 53 71 79 87 
8 32 39 40 42 50 55 65 80 
17 4 10 16 22 27 28 32 42 54 56 62 63 68 73 74 85 87 
15 2 7 13 23 28 34 37 38 48 55 58 59 67 68 75 
14 4 8 10 13 23 27 33 40 43 44 49 52 61 64 
15 6 7 18 21 22 26 28 46 48 50 51 53 69 77 83 
5 10 27 47 69 72 
10 23 25 48 49 51 56 63 66 74 85 
6 18 37 38 54 78 81 
5 12 53 69 78 86 
9 5 10 14 18 38 39 45 56 84 
17 8 11 14 17 18 19 28 42 45 51 59 61 75 76 83 84 87 
9 18 30 33 34 43 53 72 78 86 
19 2 3 5 7 14 15 17 32 35 36 37 45 51 55 70 78 82 84 86 
9 2 10 12 15 42 44 69 73 87 
19 2 3 6 7 23 25 27 28 29 33 37 46 49 60 61 72 74 82 85 
7 21 48 51 52 58 66 87 
15 1 2 12 13 21 26 27 35 37 40 46 54 59 69 88 
11 8 15 22 28 32 33 35 40 56 65 74 
4 5 6 8 35 
20 6 7 8 13 14 18 31 33 36 38 39 49 57 58 60 63 66 79 85 90 
14 1 26 39 41 47 49 56 58 64 69 84 85 87 88 
6 3 37 41 42 47 79 
16 2 11 21 38 47 49 50 53 54 56 57 69 71 80 81 86 
4 4 17 69 84 
7 17 22 57 60 81 83 88 
10 2 8 24 25 27 44 48 52 67 88 
8 3 49 53 60 67 70 72 89 
15 3 6 13 16 17 21 24 25 29 39 44 51 58 78 85 
6 1 4 8 20 41 54 
10 18 26 33 47 55 59 60 70 78 79 
7 12 15 29 36 46 58 66 
20 7 17 19 20 26 27 31 46 48 49 53 54 58 65 70 76 81 82 86 90 
11 2 11 12 13 27 31 51 53 62 74 84 
17 4 5 15 16 26 29 33 40 41 43 46 51 55 59 60 77 88 
18 2 6 7 8 11 43 44 47 48 53 56 59 60 64 73 77 84 90 
8 5 13 14 25 44 49 61 89 
12 7 21 28 36 37 50 60 63 64 79 82 89 
5 1 22 62 64 73 
19 3 4 5 8 16 22 26 32 35 50 54 64 65 77 79 81 84 85 87 
6 5 45 52 61 70 71 
8 6 29 50 52 55 74 83 85 
19 2 5 16 19 24 33 34 35 37 38 46 53 55 71 72 78 81 89 90 
12 2 18 25 29 40 45 48 62 68 74 83 86 
10 11 16 21 25 28 30 46 52 63 82 
8 2 16 28 29 43 48 58 64 
10 9 17 20 35 66 70 71 77 85 88 
13 2 17 31 46 48 55 59 62 63 71 73 87 89 
12 1 10 14 17 36 50 58 77 80 82 85 89 
17 8 16 17 21 24 36 47 53 60 61 63 65 69 74 75 83 84 
5 15 30 49 58 88 
18 1 2 8 11 18 22 23 28 32 50 59 69 74 79 80 83 88 89 
14 1 2 3 12 30 31 34 38 40 48 51 56 70 82 
10 3 12 15 16 32 37 44 48 80 88 
7 43 57 69 72 81 85 89 
15 1 7 8 12 13 20 21 51 52 54 58 60 71 75 87 
7 4 23 31 49 66 79 83 
8 4 5 7 63 72 75 79 90 
8 21 54 56 63 77 79 85 86 
6 11 47 49 55 60 89 
4 8 42 43 59 
12 3 5 6 8 9 19 48 61 70 74 76 84 
4 8 28 43 53 
14 8 18 26 37 41 51 59 64 69 70 76 80 83 89 
14 2 26 27 37 38 40 42 50 56 60 77 79 84 87 
4 42 65 82 89 
10 3 6 15 24 39 44 46 49 74 76 
6 9 11 38 67 85 89 
9 17 24 25 30 57 58 78 79 80 
19 10 11 27 28 37 40 42 43 46 51 53 59 62 65 69 76 81 86 90 
12 1 12 14 19 21 22 38 47 57 71 77 85 
7 4 14 17 36 49 68 71 
9 3 4 15 30 32 36 40 44 78 
5 21 29 33 63 81 
18 3 4 14 15 20 43 48 52 53 56 57 59 63 71 76 79 81 85 
8 3 34 43 58 63 77 87 88 
17 4 6 14 29 31 37 41 42 44 50 53 55 56 58 78 85 87 
10 15 28 38 39 54 61 62 71 79 82 
17 3 5 19 22 29 30 40 41 46 51 53 55 58 66 72 86 87 
16 3 4 8 19 23 25 27 35 36 39 46 56 62 71 74 89 
5 3 4 5 29 70 
5 14 15 29 40 74 
14 16 17 31 42 53 56 59 60 61 65 72 73 85 88 
18 2 4 6 20 22 32 40 45 46 47 48 52 55 57 62 73 75 90 
7 10 35 62 73 76 84 86 
11 4 7 38 39 44 55 66 70 86 88 90 
14 14 18 26 31 32 44 50 52 55 60 64 78 81 83 
11 13 17 23 33 36 39 45 50 84 86 89 
6 20 21 28 42 43 51 
6 11 17 26 54 57 73 
15 1 2 3 16 23 31 34 38 40 53 55 64 70 72 90 
6 22 29 34 43 48 74 
4 10 41 49 63 
4 4 33 49 66 
17 1 9 12 16 21 23 24 32 34 43 54 56 58 74 76 78 85 
11 10 11 14 19 48 52 57 70 78 83 84 
13 3 8 12 24 27 31 40 55 56 60 61 65 82 
5 32 34 62 73 85 
19 1 7 8 11 14 18 19 27 28 33 40 43 63 67 72 80 81 88 89 
8 5 15 28 31 51 52 59 84 
16 3 12 17 18 29 31 33 34 36 38 42 47 70 84 89 90 
15 4 5 7 22 29 33 47 54 59 62 65 67 81 82 85 
6 28 30 36 63 77 86 
4 15 34 54 76 
10 5 9 10 12 37 39 61 75 78 86 
5 39 53 75 77 84 
18 4 8 21 28 32 34 39 47 51 55 72 76 77 79 80 83 86 89 
9 9 15 16 23 30 37 41 58 82 
18 10 11 15 17 20 29 30 41 42 43 55 58 65 70 74 80 87 88 
9 6 8 26 32 35 37 42 57 61 
16 7 12 29 33 37 46 47 51 52 54 55 58 64 72 74 86 
8 8 12 38 45 61 68 71 72 
11 5 9 35 51 53 59 61 66 73 81 83 
7 40 48 51 58 62 74 77 
18 1 7 8 14 24 27 31 33 37 38 41 44 53 58 59 64 86 89 
12 4 6 12 32 47 54 56 60 65 69 76 83 
8 7 13 50 55 56 80 83 85 
20 3 6 7 13 14 18 19 28 30 41 47 50 51 53 59 61 62 74 78 85 
14 10 20 22 32 35 45 56 59 63 65 67 72 76 88 
13 9 11 30 33 36 43 45 54 72 80 84 85 86 
4 19 31 78 81 
10 29 34 40 42 48 55 58 69 73 76 
18 2 6 19 20 24 25 29 32 43 47 67 69 76 77 81 82 84 86 
17 1 10 11 21 25 33 35 37 38 42 58 59 66 70 79 81 84 
