700 70 3
4 2 6 61 65 
15 6 11 14 15 24 25 26 29 32 33 37 39 41 43 49 
17 1 3 6 16 17 18 22 25 31 32 34 36 39 43 46 57 67 
20 3 8 19 20 21 22 23 24 28 31 33 36 39 40 48 49 52 58 59 61 
18 1 2 8 10 17 18 19 21 30 32 35 36 38 43 46 53 64 70 
10 7 10 23 38 44 48 51 64 68 69 
10 9 10 18 24 31 34 35 44 46 60 
16 7 11 19 20 25 27 34 39 42 47 48 49 53 58 62 66 
7 23 26 30 34 50 55 57 
17 1 2 4 7 11 15 23 29 33 39 45 47 49 50 56 57 62 
11 2 15 19 21 22 27 28 32 40 48 67 
12 3 7 9 22 27 34 41 43 45 51 64 69 
11 6 18 24 26 45 48 49 50 58 61 63 
19 1 7 9 11 12 20 23 27 34 36 37 43 44 45 48 55 61 62 65 
17 1 3 4 7 9 13 18 21 24 33 38 43 49 50 54 57 62 
15 14 19 23 28 31 32 41 42 44 49 50 52 54 55 64 
5 4 20 31 45 63 
4 13 32 50 54 
15 4 7 8 18 22 24 27 31 34 48 49 50 51 55 64 
9 11 14 15 17 19 23 25 58 68 
10 11 14 17 24 26 30 42 45 63 64 
6 41 49 50 55 60 66 
12 1 15 20 23 24 29 30 36 43 46 61 69 
4 16 24 27 59 
6 11 31 37 45 47 58 
9 12 22 24 32 37 40 44 64 67 
5 4 8 17 56 62 
15 6 10 12 13 17 21 29 34 40 42 45 53 57 62 68 
15 7 9 16 17 20 23 24 28 33 53 54 55 59 66 68 
4 36 38 59 62 
6 10 15 23 28 64 68 
17 1 4 15 17 27 29 32 33 36 45 53 54 58 61 62 65 67 
9 5 15 31 48 52 56 58 61 66 
14 1 7 10 20 21 29 31 32 41 42 44 45 56 70 
20 4 7 9 12 14 17 20 24 26 31 35 36 40 41 47 49 52 55 60 62 
8 3 13 14 24 39 41 57 68 
20 3 8 12 13 14 15 16 21 25 30 35 38 47 48 49 61 63 66 67 68 
19 2 5 10 12 13 15 16 20 23 38 39 43 46 47 52 57 63 65 70 
7 5 18 34 43 46 48 68 
18 1 3 11 12 14 16 19 22 29 31 45 46 55 56 57 58 64 67 
20 1 3 5 11 12 13 16 21 32 35 38 44 45 52 57 63 66 67 68 70 
7 7 15 31 38 55 56 57 
16 12 15 16 17 20 28 30 34 39 40 43 48 58 60 65 70 
8 5 7 20 31 35 37 60 66 
8 11 12 25 31 35 57 69 70 
5 29 34 36 48 63 
13 8 11 16 20 33 36 39 42 51 53 61 62 66 
16 1 2 7 10 13 16 29 41 46 50 53 55 63 64 65 66 
9 4 6 16 31 40 41 60 62 67 
12 2 12 16 19 31 42 44 52 53 57 65 68 
10 2 6 7 24 25 30 43 53 59 65 
17 2 11 16 22 27 35 36 37 43 48 49 50 52 53 54 56 68 
15 14 15 16 25 26 34 36 45 49 52 53 55 58 62 63 
7 2 30 41 43 51 64 70 
5 5 14 56 59 61 
20 1 4 6 7 14 25 28 30 32 36 42 44 50 53 54 60 63 64 65 66 
13 2 3 8 9 10 24 26 37 38 41 57 60 68 
8 4 18 24 31 34 37 42 51 
20 1 2 4 6 9 13 14 25 31 42 44 49 50 52 53 58 60 61 67 70 
12 5 10 34 41 44 45 49 50 56 59 63 65 
14 2 14 19 22 25 33 34 51 53 55 56 60 65 66 
16 7 10 13 14 16 18 23 31 33 34 36 43 50 60 62 63 
19 3 9 10 15 20 22 25 34 38 43 47 51 52 59 62 64 65 68 70 
20 1 3 7 8 9 10 13 25 26 32 39 40 42 43 46 56 57 60 65 66 
12 3 25 31 35 39 40 46 47 52 56 62 66 
16 1 4 10 14 15 16 23 27 38 47 48 50 54 55 65 68 
6 10 21 22 27 32 63 
12 4 14 16 21 23 43 44 46 56 62 67 68 
14 3 5 16 21 36 38 40 45 47 49 51 55 58 59 
20 1 6 10 14 21 26 29 34 35 38 39 40 45 52 54 55 60 66 69 70 
12 1 7 16 19 28 34 35 37 48 57 62 69 
14 3 4 7 13 18 21 23 25 35 43 47 55 64 70 
16 1 15 17 27 30 33 34 38 39 45 47 49 51 60 64 65 
19 1 2 4 8 9 14 19 20 23 28 33 37 43 44 49 56 58 60 64 
11 6 10 13 16 34 42 51 58 60 63 65 
13 3 5 12 16 18 22 23 27 28 49 60 63 68 
20 3 5 6 11 12 16 30 36 40 41 44 45 48 49 56 58 60 63 64 70 
18 3 9 24 25 26 30 34 35 36 37 38 40 41 43 44 62 68 69 
17 2 6 7 9 16 18 19 21 22 26 30 34 39 45 48 52 60 
7 3 32 34 49 50 62 66 
4 34 52 64 69 
4 16 18 30 44 
10 2 4 6 18 21 32 56 60 68 70 
12 2 3 5 15 17 24 25 27 50 51 63 67 
17 3 6 7 13 18 31 32 35 36 38 39 40 42 47 50 52 56 
10 2 4 8 13 34 52 53 61 64 69 
4 11 19 20 44 
18 3 5 9 20 26 32 35 37 38 39 41 50 51 53 55 61 62 68 
13 5 12 19 26 32 44 45 54 56 57 59 60 65 
10 9 11 12 14 21 30 35 50 64 67 
5 12 43 48 62 64 
19 3 4 5 8 11 14 16 20 24 28 35 36 46 49 50 51 58 61 69 
8 5 10 17 20 40 46 52 69 
17 1 5 7 8 18 22 24 35 36 38 41 47 50 59 62 64 67 
14 2 4 5 6 16 17 29 32 33 38 43 50 64 69 
13 18 20 36 39 40 58 59 60 66 67 68 69 70 
19 4 10 13 17 27 29 32 33 36 40 41 44 45 47 49 51 54 60 63 
4 4 7 29 36 
18 1 2 3 13 14 17 20 24 25 26 28 34 40 41 47 48 56 69 
4 5 7 37 42 
13 3 12 21 23 25 28 40 46 47 49 50 53 66 
5 2 19 28 33 61 
16 7 15 17 20 26 29 35 37 47 52 53 59 63 64 65 68 
13 5 10 16 17 20 23 32 35 48 57 64 68 69 
4 15 20 38 55 
20 3 6 8 9 14 18 21 34 35 38 40 41 48 51 57 59 61 64 68 69 
11 14 20 22 31 38 40 43 48 54 66 67 
19 1 3 8 17 18 19 23 24 25 27 28 30 31 34 37 38 39 41 52 
11 4 7 12 19 29 35 39 47 49 53 59 
18 1 3 5 7 8 10 11 16 17 28 31 33 37 44 53 55 61 62 
17 3 6 14 17 20 21 28 30 32 48 50 56 58 62 63 68 70 
9 5 9 11 28 37 48 64 65 67 
8 16 37 42 51 55 60 62 66 
7 28 29 33 39 44 47 62 
9 32 33 35 36 45 48 58 63 65 
15 6 13 14 16 24 31 33 37 41 50 52 56 57 59 66 
11 4 15 19 27 30 41 43 45 60 63 66 
10 8 15 32 36 42 44 45 60 63 64 
7 2 6 13 25 42 57 67 
14 1 3 8 11 15 28 33 39 40 46 51 55 56 69 
9 20 25 37 43 44 56 58 59 66 
10 5 9 17 21 25 34 44 56 60 64 
4 2 13 22 64 
16 2 7 11 13 17 19 20 28 38 40 41 49 51 55 61 63 
15 3 9 11 17 26 27 31 44 51 54 56 63 66 68 69 
11 3 10 17 22 31 32 38 43 47 53 70 
18 1 3 5 6 8 18 22 30 32 34 35 43 55 58 62 63 66 68 
8 1 18 19 24 46 54 57 66 
15 5 7 15 16 20 25 43 46 53 55 61 63 65 66 69 
11 9 11 19 22 24 25 28 38 50 61 66 
10 2 5 7 13 23 27 29 48 53 54 
10 1 8 10 30 32 37 44 49 52 67 
19 1 2 11 12 14 21 23 26 30 32 33 36 42 48 49 51 54 60 65 
12 1 2 6 21 42 43 54 55 59 60 67 69 
16 2 11 12 23 24 25 29 30 32 40 43 46 48 65 67 70 
15 7 10 12 17 31 32 33 35 37 39 41 46 57 59 66 
16 1 2 4 6 10 14 16 18 27 33 43 53 64 66 68 69 
4 5 9 14 31 
18 1 2 5 8 12 13 15 19 24 29 37 40 41 47 48 61 62 65 
15 1 3 7 10 13 26 27 30 31 40 47 53 56 57 62 
16 5 11 14 16 17 20 29 31 34 37 42 46 49 51 54 64 
11 12 21 24 28 29 46 48 54 57 60 70 
4 11 16 24 51 
12 6 10 12 16 17 18 28 35 39 44 50 69 
11 2 11 16 22 26 29 32 39 53 59 61 
5 34 45 49 60 67 
10 5 7 12 26 37 39 55 59 67 68 
6 21 42 44 47 58 68 
10 8 12 20 22 25 30 35 36 49 63 
20 5 7 8 10 17 18 31 36 38 41 42 43 46 48 52 58 61 62 66 69 
19 3 8 10 16 26 29 31 32 35 36 37 39 40 42 45 46 49 57 59 
10 4 6 7 9 13 15 23 25 26 29 
14 3 6 14 16 19 38 39 40 46 50 54 59 69 70 
5 25 38 41 43 66 
8 13 14 30 32 34 41 55 63 
13 5 8 20 39 40 42 49 54 59 60 63 65 68 
6 11 28 29 33 63 65 
8 20 25 43 47 56 57 58 70 
20 7 8 11 17 20 22 27 28 29 33 35 37 39 44 46 49 53 54 60 68 
10 5 10 33 34 46 55 56 62 63 67 
11 7 11 12 19 29 37 41 44 51 59 70 
7 10 13 35 45 52 53 58 
9 2 6 13 18 27 32 44 45 52 
16 3 4 18 21 25 26 31 35 38 42 46 47 52 61 68 70 
15 1 4 5 8 16 17 18 22 31 35 36 40 41 60 66 
10 2 15 23 24 33 41 48 55 58 66 
19 3 5 6 7 12 18 19 21 28 29 34 35 41 43 50 51 59 65 68 
17 4 6 20 24 31 33 35 36 45 48 50 56 58 62 64 65 70 
5 3 8 26 27 70 
16 2 5 7 16 18 21 22 25 30 42 53 55 56 66 68 70 
16 4 8 11 20 21 22 28 33 40 43 44 50 57 60 62 65 
19 7 10 15 18 21 25 28 29 30 31 32 41 42 45 50 60 61 63 69 
20 4 9 10 13 14 15 20 21 30 35 38 46 48 57 60 61 64 67 68 69 
9 2 10 16 17 18 49 66 67 70 
7 25 40 45 53 62 64 70 
18 6 16 18 23 25 29 30 31 34 36 39 41 47 49 55 64 65 69 
16 7 9 13 21 23 27 33 38 39 44 46 48 53 55 56 59 
15 9 10 11 24 33 35 36 39 41 45 52 53 54 57 63 
4 3 5 46 69 
16 2 9 13 14 20 21 43 44 57 60 61 62 63 67 69 70 
13 2 7 27 36 37 38 43 46 50 52 58 66 68 
7 5 14 36 39 40 43 62 
9 1 4 16 30 35 43 49 66 69 
8 1 6 20 33 34 37 43 50 
14 3 15 16 18 31 33 37 38 42 43 45 54 64 66 
7 20 23 54 55 63 65 67 
4 12 51 54 55 
14 3 47 51 52 53 56 57 58 59 62 63 67 69 70 
8 1 12 20 27 39 42 43 61 
12 2 16 17 30 39 43 55 57 58 59 66 70 
9 2 6 7 8 22 24 52 65 68 
13 6 10 14 17 19 30 36 40 44 50 58 60 63 
14 3 9 14 16 20 21 22 27 31 35 36 44 59 66 
13 5 12 13 21 24 25 26 29 30 32 36 38 52 
7 8 10 11 26 39 47 51 
8 11 12 14 27 28 46 53 64 
20 1 3 9 10 21 25 32 34 36 40 42 43 44 46 51 54 55 62 65 67 
17 4 6 17 24 28 30 31 33 34 40 42 48 57 62 67 68 69 
18 1 8 11 16 22 24 25 31 34 41 42 44 48 50 58 59 64 66 
17 2 4 16 18 20 22 26 31 33 41 43 46 51 58 62 65 70 
12 4 24 33 42 44 48 49 51 54 60 67 69 
15 7 12 17 18 20 21 30 31 36 38 43 45 46 57 63 
12 5 12 17 19 31 33 34 45 56 59 63 67 
17 4 9 14 16 17 25 27 29 37 41 42 46 50 55 58 61 69 
15 3 8 10 11 12 24 28 33 37 39 43 48 57 61 63 
7 3 5 7 10 40 57 58 
12 7 8 18 22 26 27 30 44 52 58 59 70 
7 2 23 36 44 55 58 68 
4 15 17 22 28 
17 2 11 18 19 21 23 27 29 30 34 39 40 43 58 60 62 68 
16 13 20 22 30 32 33 35 47 49 50 56 59 63 65 67 69 
18 1 3 6 9 12 15 17 18 25 30 32 33 40 46 48 53 62 66 
16 5 9 10 14 23 29 30 31 33 44 53 57 59 62 67 69 
20 5 7 10 15 21 23 24 29 34 39 44 46 50 51 52 56 59 68 69 70 
11 15 26 34 44 45 50 52 60 65 67 70 
12 5 8 9 10 31 37 38 51 59 61 62 68 
7 9 19 43 44 52 54 59 
5 4 12 42 51 56 
4 25 38 45 48 
6 5 13 22 31 34 62 
6 7 11 18 19 29 59 
9 2 12 17 41 46 51 52 67 69 
19 1 2 8 11 14 22 30 31 44 46 50 51 53 56 57 58 59 65 70 
9 17 19 27 35 36 40 44 52 70 
14 10 12 14 15 16 18 21 43 45 47 49 50 58 64 
8 3 4 6 16 17 24 55 62 
17 6 21 27 29 32 35 39 41 44 47 49 50 53 60 63 66 70 
8 9 14 18 23 32 45 46 66 
20 1 3 5 6 8 12 21 24 25 33 36 44 46 48 49 50 54 61 68 69 
9 25 29 40 41 43 49 58 63 64 
7 9 22 30 37 54 56 67 
6 12 20 36 48 62 68 
4 44 52 64 65 
14 11 13 17 19 25 28 39 44 46 50 51 57 61 62 
19 5 8 12 13 17 24 25 27 29 30 36 40 41 52 58 60 64 65 67 
17 3 5 11 16 19 25 27 31 40 41 48 54 55 56 63 65 70 
5 8 27 59 60 64 
10 1 3 5 7 21 31 36 54 56 69 
19 18 21 26 28 29 31 35 37 39 45 48 52 56 59 60 62 63 66 69 
16 1 3 5 6 17 26 27 31 55 57 58 60 63 66 68 69 
14 9 10 14 26 28 31 40 41 42 47 50 61 64 70 
15 8 11 14 15 22 23 27 30 31 40 47 54 59 61 69 
16 5 9 10 11 19 21 29 37 39 45 46 51 53 56 66 70 
5 27 43 48 51 63 
20 4 9 12 13 16 20 22 23 31 33 34 44 46 51 53 56 57 60 63 66 
13 1 9 10 25 26 38 43 45 51 53 56 62 63 
5 2 15 38 64 68 
7 8 13 14 15 43 49 51 
16 17 25 34 37 40 43 46 52 54 57 58 60 64 66 68 69 
20 1 2 6 8 13 14 17 24 28 36 37 39 40 41 42 50 51 66 67 69 
13 3 8 11 21 23 25 27 30 34 35 50 55 60 
13 2 5 10 11 15 17 35 48 57 60 62 68 70 
15 7 10 14 17 20 24 29 31 40 46 48 54 56 63 70 
12 3 15 17 19 29 30 31 32 38 47 57 68 
11 3 9 15 19 38 39 48 51 55 56 67 
15 5 10 11 18 33 38 39 41 48 49 53 56 59 64 67 
13 2 16 21 35 43 47 48 52 62 65 67 69 70 
5 12 16 27 36 41 
10 13 14 19 23 30 39 48 49 52 66 
15 1 2 4 5 11 20 22 24 28 46 51 52 57 69 70 
9 3 7 17 29 32 36 43 56 63 
13 5 6 7 14 21 31 36 41 43 44 47 53 68 
17 4 8 12 14 20 23 27 32 33 39 42 43 44 56 57 60 69 
8 8 13 14 16 28 44 61 69 
17 7 10 12 13 17 19 21 36 40 42 45 47 52 56 63 65 66 
6 3 8 18 24 28 32 
6 10 25 28 32 34 45 
13 3 7 9 12 16 29 35 38 43 51 59 64 69 
4 6 15 32 48 
16 3 9 14 15 28 34 35 44 48 54 61 63 64 65 66 68 
12 4 6 14 15 17 21 30 37 59 62 67 69 
6 1 24 41 42 53 61 
10 8 12 25 27 29 31 34 35 48 63 
20 3 4 5 6 16 20 22 26 29 39 41 45 48 50 52 59 63 64 65 70 
14 2 7 17 23 28 32 38 46 49 50 51 54 60 61 
12 7 12 13 21 31 39 41 48 52 54 56 69 
5 4 5 23 40 65 
18 1 6 15 16 18 19 35 39 40 41 47 48 49 50 58 61 68 70 
18 4 5 10 11 13 17 18 21 24 27 29 39 45 52 58 61 62 70 
12 4 5 13 14 30 34 44 45 50 51 63 69 
15 4 5 21 22 23 28 32 34 45 46 48 52 55 64 69 
10 2 4 11 22 37 43 48 60 64 69 
20 2 3 4 9 13 17 29 31 38 41 42 43 45 48 51 53 57 58 61 66 
4 33 36 54 67 
5 6 21 32 41 55 
6 3 27 37 41 51 54 
8 23 25 40 51 54 59 67 69 
15 12 22 24 29 30 32 33 37 39 40 42 43 46 62 70 
8 4 19 25 38 48 51 59 66 
10 4 17 28 32 42 54 56 58 65 68 
4 15 19 29 34 
5 11 17 33 43 49 
10 12 15 32 34 35 38 44 54 64 66 
14 6 8 10 22 26 38 39 40 50 54 55 58 59 64 
17 3 4 5 13 25 29 31 32 33 36 41 42 43 44 45 58 68 
9 1 3 12 30 32 33 37 50 51 
13 12 16 21 24 36 41 47 49 50 60 64 68 69 
6 1 8 27 30 56 67 
6 12 13 22 24 33 37 
20 1 4 6 11 13 15 16 18 19 21 31 32 34 38 47 48 49 52 55 62 
20 3 5 8 9 19 20 23 33 35 39 41 44 45 47 51 57 58 62 63 65 
16 2 8 10 11 14 21 22 25 26 27 40 56 57 59 61 70 
12 8 15 24 35 36 40 46 48 49 50 52 56 
12 5 11 15 16 21 26 27 33 44 50 58 63 
6 22 27 33 53 59 61 
10 5 13 16 23 38 42 52 63 69 70 
6 21 22 41 43 56 67 
4 28 37 40 59 
6 21 32 33 37 39 58 
17 16 19 21 23 30 33 38 42 43 44 47 50 57 60 65 69 70 
20 1 3 4 6 7 12 13 22 24 28 30 44 45 47 48 49 50 58 61 62 
11 10 15 17 20 22 35 40 49 51 59 67 
5 16 20 34 42 58 
16 4 7 9 17 21 22 38 39 40 41 43 46 51 61 62 69 
13 6 8 13 14 19 27 28 47 48 51 53 59 67 
19 3 4 9 12 14 15 21 22 23 24 30 39 47 50 52 58 59 63 68 
19 1 6 9 14 15 27 28 29 34 36 37 39 41 56 58 62 63 65 68 
10 7 15 16 17 38 47 54 57 65 67 
13 5 12 21 24 31 35 36 40 45 52 59 66 69 
19 2 4 5 7 12 13 14 19 31 33 43 46 52 53 55 56 57 66 69 
9 8 14 25 29 38 43 51 65 66 
19 2 3 10 11 18 19 21 24 29 30 33 39 40 43 44 49 50 57 66 
12 5 7 13 18 26 42 45 53 64 65 68 70 
19 3 9 14 18 24 31 32 35 37 38 39 40 48 52 54 55 60 65 67 
11 1 6 17 33 34 38 39 44 55 57 61 
12 8 22 24 26 28 30 37 42 44 57 68 69 
9 4 11 12 17 42 43 50 57 66 
19 2 9 13 15 16 22 29 32 33 36 38 42 48 51 53 54 58 61 66 
9 1 7 8 10 12 28 45 55 70 
11 1 8 9 13 16 24 31 33 42 51 68 
18 2 7 9 14 24 30 38 40 43 49 51 52 53 55 63 64 65 67 
13 4 12 14 18 26 28 29 33 34 37 44 61 63 
9 12 26 28 31 36 46 55 66 67 
10 4 28 32 35 36 39 40 52 55 61 
7 13 15 43 44 46 53 59 
15 5 6 8 9 13 25 26 32 38 42 43 49 63 69 70 
9 4 11 14 15 17 19 22 37 39 
4 32 48 54 70 
19 1 3 8 11 16 17 22 24 28 29 32 33 37 39 40 56 60 61 62 
12 1 10 18 21 22 24 25 28 36 41 51 66 
8 4 12 16 38 39 50 63 69 
20 6 8 11 15 16 19 20 23 27 35 36 41 48 50 51 59 60 65 69 70 
10 2 15 17 18 31 36 38 46 47 50 
11 9 22 23 25 35 36 39 47 59 60 69 
15 3 9 12 14 19 25 26 28 39 48 49 53 55 57 58 
18 1 3 10 18 22 23 24 33 40 43 45 46 50 56 58 61 64 66 
9 4 18 29 33 34 36 39 46 61 
7 16 25 30 42 44 56 65 
12 2 20 22 33 36 39 48 57 58 59 63 64 
4 31 34 54 69 
12 1 4 6 8 18 26 27 34 35 39 47 61 
10 5 10 13 15 26 31 33 41 42 64 
6 26 39 44 51 66 68 
9 3 5 10 11 22 27 38 59 62 
20 8 11 12 14 16 22 29 30 32 33 37 41 42 58 61 62 64 65 66 67 
19 4 6 9 12 13 15 22 28 29 34 35 42 47 53 58 59 62 69 70 
15 5 8 12 17 18 19 20 28 38 47 50 51 59 68 69 
7 3 14 33 42 55 58 60 
15 4 6 7 10 19 22 29 35 39 40 41 42 46 65 67 
7 5 8 17 23 24 30 49 
15 4 9 16 22 30 31 34 35 42 45 46 50 60 61 67 
14 3 12 13 17 25 26 33 37 41 43 46 57 69 70 
10 5 8 9 22 26 28 43 50 53 66 
4 29 35 57 66 
17 1 3 7 9 12 18 25 26 29 35 43 44 45 57 58 59 66 
13 6 9 11 14 17 18 27 38 39 47 54 58 68 
10 18 27 33 40 42 43 47 51 55 58 
16 2 9 11 12 13 14 15 22 27 30 36 47 48 56 59 65 
8 6 9 10 41 42 53 55 68 
14 3 5 8 11 14 23 37 39 41 44 49 56 57 61 
16 6 8 19 22 29 31 39 44 46 52 53 54 59 63 67 69 
17 5 11 13 18 21 29 31 32 36 39 40 43 46 56 58 62 63 
8 2 4 27 29 31 44 58 61 
8 10 11 35 38 43 50 65 67 
8 5 14 24 37 38 40 45 53 
20 4 7 9 10 13 14 15 17 19 25 32 37 39 41 45 49 52 56 58 66 
11 5 16 29 33 41 42 45 50 63 64 66 
7 19 24 36 44 54 58 65 
12 4 5 11 12 19 22 23 32 34 35 51 61 
4 22 41 58 70 
9 5 11 23 29 35 42 58 61 68 
6 2 17 18 22 33 46 
12 8 17 24 39 40 48 49 57 58 63 64 65 
15 1 4 8 10 16 23 25 28 33 35 38 46 64 66 67 
11 2 8 12 15 17 21 23 28 30 36 44 
14 4 5 7 11 16 24 25 35 40 43 48 49 60 66 
4 1 10 26 31 
15 1 3 5 10 18 19 26 28 31 35 39 41 45 47 56 
12 5 6 16 24 31 33 46 49 60 61 62 66 
9 3 13 34 38 45 48 55 65 69 
8 9 25 36 40 46 59 63 70 
18 2 5 6 7 8 12 14 19 29 34 40 49 53 56 59 61 65 67 
6 4 47 50 60 65 70 
18 4 6 11 12 13 23 24 29 31 34 40 43 45 46 47 52 61 66 
6 4 8 14 17 46 69 
19 2 3 6 8 11 15 16 24 25 33 37 42 44 53 59 61 65 66 70 
7 28 32 37 40 41 42 59 
17 14 15 17 20 24 29 30 32 34 36 40 42 43 46 50 67 68 
18 2 6 9 10 14 25 26 34 36 39 44 49 55 58 59 64 65 68 
19 2 6 11 13 14 15 16 24 25 27 31 34 35 36 38 42 45 54 68 
16 1 2 20 24 35 41 45 46 47 50 57 58 62 66 68 70 
6 1 2 7 21 39 51 
6 5 6 17 33 36 38 
11 1 4 11 17 25 32 35 45 48 53 70 
5 6 10 29 40 53 
4 15 27 45 59 
10 12 19 26 33 35 40 48 62 63 70 
4 6 14 52 66 
6 10 24 25 31 35 40 
16 8 9 11 16 17 19 21 25 27 30 33 34 39 43 46 68 
4 18 34 43 61 
13 2 8 22 23 30 31 38 42 44 54 62 65 68 
4 11 22 45 51 
18 6 14 28 31 37 38 40 42 43 47 48 49 58 59 62 66 68 69 
4 4 20 22 27 
9 13 34 38 51 55 58 60 63 69 
19 6 10 17 18 19 20 24 25 27 30 36 39 45 48 53 60 62 63 67 
6 15 30 41 57 58 63 
4 3 31 32 33 
19 7 9 10 12 29 32 35 36 37 43 44 45 50 52 58 59 63 64 65 
4 5 7 17 36 
6 4 9 37 50 55 58 
7 5 9 20 27 46 67 68 
7 15 28 33 42 43 52 60 
17 2 5 10 12 16 17 19 22 28 30 35 38 40 50 55 63 67 
18 4 10 23 24 26 27 35 36 37 44 49 53 55 56 57 62 69 70 
10 4 8 11 20 35 38 42 44 46 47 
19 6 15 19 23 27 28 29 35 36 39 46 49 55 61 62 63 64 67 70 
6 1 17 28 38 41 64 
6 5 6 27 57 60 68 
17 4 12 15 23 26 33 40 41 42 43 44 45 47 55 63 67 69 
10 3 8 18 25 42 43 44 46 57 59 
10 8 26 27 35 43 45 46 50 54 58 
7 29 35 40 41 52 55 64 
19 3 4 12 14 19 20 24 29 36 38 42 43 44 50 52 53 54 59 62 
6 4 15 16 49 51 61 
18 3 7 9 10 11 12 17 23 28 29 36 37 39 50 51 60 68 69 
19 1 2 3 5 12 14 17 21 23 28 29 30 36 43 55 56 58 63 70 
8 8 12 23 44 50 58 61 67 
11 10 24 25 30 41 53 56 61 62 65 69 
9 17 27 37 43 56 59 61 66 67 
10 6 11 12 16 23 32 33 41 48 66 
9 5 8 16 17 30 44 49 65 69 
15 2 5 7 11 13 18 20 22 24 31 35 37 41 48 52 
8 5 23 25 32 45 59 62 66 
19 16 20 23 24 27 36 39 43 44 46 49 52 56 57 60 62 65 66 67 
6 3 23 39 46 47 55 
20 1 3 17 23 30 32 34 37 39 40 43 44 47 55 56 57 61 63 64 68 
18 4 9 13 16 20 25 37 39 40 42 43 48 54 55 60 63 64 68 
15 2 5 9 24 27 28 30 32 39 41 44 49 59 62 67 
16 2 3 6 17 32 33 39 47 49 52 53 54 55 56 62 69 
4 2 10 37 39 
18 2 8 16 22 28 29 31 33 37 41 45 49 51 52 54 57 61 69 
14 2 5 13 20 25 31 33 36 48 49 50 55 64 66 
16 1 6 9 10 11 15 16 19 21 24 29 41 42 46 53 59 
8 16 24 27 55 59 63 68 69 
12 2 10 11 20 22 30 39 43 48 55 60 66 
4 2 30 66 70 
5 4 12 37 51 52 
6 3 11 49 50 52 66 
10 14 15 16 23 24 25 34 45 53 64 
5 14 16 25 40 41 
13 4 9 10 36 37 41 43 44 49 57 59 69 70 
15 1 7 9 18 21 22 26 34 49 52 57 61 63 68 69 
7 9 10 41 47 50 55 56 
13 4 7 9 10 13 15 25 39 42 51 54 63 64 
20 1 4 6 7 10 11 13 31 32 41 42 45 47 49 53 57 58 59 62 66 
16 5 6 8 14 15 25 27 34 35 37 41 42 44 52 65 69 
15 6 9 21 23 27 29 40 41 44 47 52 53 55 59 70 
20 1 2 8 10 14 17 18 20 21 24 27 34 44 47 50 51 55 59 68 70 
17 4 9 10 14 18 19 28 29 31 33 36 48 54 60 61 65 67 
7 18 27 41 48 53 56 58 
19 3 4 9 13 15 16 18 22 23 31 32 34 39 40 43 45 51 55 61 
6 4 22 37 46 47 53 
19 4 11 12 17 23 27 31 33 36 37 43 44 45 51 55 57 58 61 66 
12 2 4 11 16 29 35 40 51 52 53 56 61 
7 5 13 16 21 33 43 70 
11 1 14 17 31 32 34 35 39 40 47 56 
5 1 2 12 14 39 
14 7 9 11 17 18 23 35 37 42 45 48 50 51 58 
14 13 14 19 29 30 40 43 45 46 55 57 58 64 69 
6 21 31 33 39 42 60 
13 5 19 35 36 43 45 46 48 55 56 65 66 69 
12 4 5 7 12 13 20 26 43 53 55 57 58 
13 2 6 8 11 17 18 24 31 42 46 56 57 59 
6 11 26 36 45 66 68 
4 31 33 35 50 
19 1 2 8 17 18 21 26 27 28 29 30 38 39 43 46 50 51 64 70 
5 5 7 11 36 50 
8 3 17 23 26 27 30 42 63 
18 4 8 10 14 16 20 30 31 33 34 36 43 49 56 57 60 67 70 
20 7 8 11 12 13 21 23 26 30 34 36 38 41 42 47 49 59 62 67 68 
19 6 9 11 12 18 21 29 37 39 40 42 47 50 51 54 55 62 63 69 
17 8 13 15 21 33 37 38 40 41 43 53 57 58 60 61 62 66 
12 2 29 37 43 49 56 57 61 63 65 66 69 
5 3 23 39 65 69 
6 6 16 25 28 49 66 
5 6 9 20 29 58 
15 5 8 14 15 18 19 21 24 34 40 41 43 44 48 58 
18 5 11 13 17 23 27 28 33 34 41 45 51 53 62 64 65 66 70 
17 1 10 11 13 17 25 28 30 32 33 38 39 42 47 64 67 69 
16 9 10 13 14 15 18 21 28 31 32 34 38 39 43 44 58 
6 13 19 21 23 46 58 
4 12 22 43 61 
6 6 14 24 32 47 59 
16 6 10 11 15 20 22 26 31 38 39 45 48 51 56 63 70 
9 4 5 15 24 39 40 56 62 68 
8 9 27 29 30 32 44 64 67 
13 5 8 11 16 26 28 37 40 60 61 64 65 67 
19 1 3 4 10 11 15 17 31 34 35 40 43 44 46 48 51 62 65 69 
15 3 7 10 11 17 19 26 27 42 47 51 52 54 58 62 
9 7 17 18 30 38 42 61 68 69 
6 1 27 29 35 40 70 
19 2 9 11 12 14 19 23 26 32 40 41 45 49 53 54 59 61 66 70 
5 7 31 46 61 63 
12 2 7 10 13 15 21 22 27 35 51 52 69 
17 8 10 23 24 34 35 39 40 41 42 46 48 53 59 60 63 66 
5 3 9 25 28 59 
18 1 2 6 18 19 20 21 24 28 32 34 39 42 45 54 59 63 64 
16 14 15 16 18 20 24 27 28 32 34 36 45 49 56 58 62 
4 6 10 43 68 
11 9 14 20 21 25 29 48 52 55 62 70 
11 9 15 17 19 26 35 39 54 62 64 66 
7 15 27 45 46 48 59 69 
18 5 12 22 23 26 28 33 35 39 40 41 42 50 55 56 60 62 65 
16 6 8 9 21 27 29 30 37 38 41 44 49 50 58 59 61 
9 4 15 28 29 35 37 39 54 62 
5 19 26 28 29 46 
7 17 31 41 52 68 69 70 
6 9 28 31 43 45 50 
16 2 4 6 10 13 16 18 20 21 25 32 33 47 54 55 59 
9 9 23 28 40 47 61 62 66 69 
8 5 7 8 10 12 44 50 56 
10 2 17 18 20 29 37 48 64 65 66 
19 2 4 6 9 21 25 26 28 34 41 46 47 48 51 60 61 66 67 69 
11 15 19 30 33 40 43 47 55 58 59 67 
11 6 11 14 17 20 25 29 33 49 51 59 
10 1 4 10 17 20 21 39 53 63 64 
6 3 5 10 16 27 39 
19 1 4 5 9 13 19 20 24 28 32 34 37 44 46 47 58 60 68 69 
9 8 9 14 27 29 33 51 52 68 
4 32 33 39 46 
10 5 16 24 28 43 50 54 60 63 65 
4 11 17 48 57 
7 5 12 16 18 30 52 58 
8 11 18 19 49 54 57 65 69 
8 19 21 25 28 36 43 57 59 
16 7 8 10 16 17 19 20 28 31 36 38 51 52 57 65 67 
10 1 14 16 18 30 33 38 43 50 53 
18 1 3 6 11 13 15 17 20 25 27 28 31 37 42 48 62 64 65 
19 1 2 14 15 16 21 25 28 38 42 49 52 56 59 63 64 66 67 69 
6 15 24 29 38 65 67 
5 21 57 58 61 62 
10 3 4 20 31 34 39 48 55 60 64 
13 12 28 30 32 46 51 52 53 60 67 68 69 70 
8 10 31 34 36 43 53 54 62 
18 2 6 7 10 17 21 23 25 29 32 33 34 37 44 53 65 69 70 
10 13 14 45 51 52 53 57 60 67 68 
14 2 5 11 20 24 28 31 38 43 46 53 55 62 69 
14 2 8 10 14 27 29 30 31 32 38 41 63 66 70 
19 9 13 15 18 24 39 40 42 46 47 50 51 57 60 62 65 67 69 70 
9 16 20 23 25 27 28 55 64 68 
19 1 3 4 9 10 14 33 44 46 47 50 51 52 53 58 61 62 65 69 
4 26 51 53 69 
6 3 19 23 44 50 58 
7 26 32 39 49 52 58 67 
8 6 9 28 31 45 48 63 64 
19 7 11 15 22 23 24 28 37 39 42 47 53 55 60 63 64 65 67 70 
7 3 5 11 17 20 37 49 
15 1 2 3 6 20 22 23 28 43 44 48 51 54 61 69 
13 2 11 13 23 24 38 43 45 48 56 62 65 70 
8 3 11 12 23 46 47 57 69 
12 16 19 20 21 32 34 35 44 54 58 62 64 
4 10 15 31 34 
15 5 9 13 22 26 35 39 40 51 52 53 55 64 65 70 
13 1 4 5 9 15 16 21 32 38 55 58 65 70 
8 4 5 16 17 46 57 67 70 
13 14 15 17 20 23 27 36 37 38 56 63 68 69 
5 17 44 56 61 66 
16 2 4 7 18 20 26 29 31 48 49 50 53 55 63 64 70 
7 25 30 40 41 48 51 55 
17 2 4 8 9 29 32 35 38 47 53 54 57 58 60 63 69 70 
4 11 44 46 48 
5 30 32 41 58 70 
15 6 7 11 15 19 25 27 28 42 47 51 52 57 62 65 
7 10 34 35 36 46 64 66 
20 1 10 11 14 18 21 29 32 34 36 37 45 47 49 52 54 56 57 58 63 
5 3 8 13 25 39 
5 5 15 56 60 69 
9 1 8 9 10 13 30 36 41 70 
11 1 2 9 19 22 25 26 31 59 66 70 
14 2 4 5 7 19 20 28 29 31 35 41 44 47 60 
12 3 20 28 29 48 49 56 61 62 65 68 69 
20 2 3 5 8 9 10 13 19 20 22 24 29 30 32 34 46 52 53 64 67 
17 2 8 9 23 24 25 34 36 38 43 46 51 58 59 66 67 69 
6 4 12 33 51 52 63 
4 4 37 54 66 
16 1 3 6 10 15 16 23 31 37 40 45 54 57 59 67 68 
10 3 29 30 35 40 45 54 62 64 65 
9 9 14 21 25 28 44 46 65 70 
10 9 15 16 32 38 41 47 53 58 64 
7 1 2 12 38 40 46 58 
5 12 14 24 27 35 
4 6 24 35 44 
13 4 12 13 17 39 42 45 48 57 58 62 63 66 
5 12 32 41 50 52 
5 12 16 32 40 43 
19 16 20 21 24 26 33 36 38 40 43 48 51 54 56 58 62 65 66 69 
9 5 7 11 28 45 46 54 55 62 
17 7 11 12 15 20 22 23 25 26 27 40 43 55 63 65 69 70 
6 4 31 36 49 57 63 
14 1 12 14 16 22 27 31 33 41 45 48 53 61 68 
13 1 2 8 21 22 27 39 49 56 59 60 61 69 
5 34 41 53 60 69 
20 4 5 10 13 14 25 28 30 40 41 42 43 46 52 61 62 64 66 68 69 
13 2 5 9 14 19 21 37 40 42 50 53 54 65 
12 4 6 13 14 16 17 35 37 42 46 58 63 
9 7 8 11 14 39 43 52 58 63 
16 2 4 5 15 18 22 31 36 38 44 48 59 61 62 69 70 
16 3 6 8 10 12 27 28 37 46 50 57 60 65 66 67 70 
4 13 16 34 37 
15 5 15 24 27 28 30 33 35 40 41 45 51 54 66 67 
6 22 23 31 51 54 61 
4 6 24 28 29 
15 6 7 13 20 26 28 29 30 34 45 48 52 53 56 66 
20 1 2 3 4 5 19 22 26 27 29 30 32 33 37 39 40 44 45 54 55 
10 5 11 26 32 41 42 44 45 55 60 
19 7 9 13 15 19 20 26 30 32 33 35 36 39 41 49 50 58 59 66 
12 1 6 32 35 50 52 53 55 57 59 63 70 
4 3 59 61 65 
11 4 5 10 12 17 32 40 44 48 57 60 
13 4 6 11 14 15 16 20 27 38 44 47 53 55 
12 12 24 25 35 39 41 47 50 52 58 59 62 
5 7 12 27 31 52 
11 5 6 12 31 33 37 42 43 50 62 67 
11 12 14 16 23 32 37 44 46 52 56 64 
20 7 9 12 14 16 18 19 20 22 25 26 27 28 30 37 41 48 52 59 65 
11 10 23 28 34 37 46 48 51 54 63 65 
15 1 12 15 19 23 24 30 33 37 38 51 53 57 60 69 
13 4 6 9 11 19 20 24 25 26 27 29 36 58 
20 6 8 10 16 18 27 29 36 38 50 51 52 54 57 60 62 63 65 66 68 
16 3 6 9 15 19 24 26 34 40 43 49 50 54 63 65 67 
11 8 14 18 20 33 40 44 46 53 56 67 
11 4 13 15 19 20 28 52 63 65 66 68 
11 5 15 19 20 30 31 35 38 39 43 48 
15 16 23 25 33 36 40 44 53 55 56 60 61 63 65 67 
7 4 29 30 54 57 66 70 
17 3 7 9 10 12 21 25 28 32 35 36 37 39 43 49 53 63 
17 11 12 13 14 20 31 33 34 37 39 42 46 47 49 63 65 67 
11 2 14 15 17 27 33 40 43 51 61 65 
11 14 19 29 31 32 37 42 44 45 50 69 
5 11 20 50 60 65 
9 1 4 8 10 27 35 50 55 67 
11 4 8 18 28 37 48 52 55 61 62 65 
13 4 15 16 19 24 26 29 44 46 51 54 58 66 
4 35 45 54 60 
9 1 6 18 27 33 44 48 62 63 
5 21 26 29 50 55 
7 11 18 26 36 46 47 66 
10 6 14 36 46 51 53 57 60 64 66 
11 3 13 15 19 41 44 46 55 58 63 68 
15 1 2 6 10 18 19 22 31 38 48 49 56 62 65 70 
9 18 21 34 35 37 50 56 62 68 
5 5 20 46 48 52 
17 5 10 13 21 22 24 33 36 37 42 43 47 51 53 60 63 70 
17 7 13 14 21 28 30 35 37 39 40 42 43 46 52 60 65 66 
8 9 18 20 23 46 50 59 63 
8 3 22 26 27 36 41 56 66 
9 11 12 21 24 25 30 47 54 60 
17 4 5 6 7 11 18 20 27 31 32 35 42 54 56 57 59 69 
13 4 11 14 16 17 28 30 32 36 47 48 59 62 
8 21 24 30 33 39 60 66 68 
17 1 7 10 12 15 18 22 23 25 28 33 46 54 55 63 64 69 
8 1 11 12 25 31 43 44 45 
4 1 10 24 58 
5 10 26 39 46 63 
18 4 9 12 14 15 16 19 31 34 40 46 47 54 56 59 62 63 64 
17 1 4 6 7 18 20 22 27 40 44 45 48 49 53 59 62 67 
10 6 10 20 30 36 39 41 42 49 58 
18 2 7 11 18 19 20 21 26 28 39 41 51 54 56 57 60 63 66 
5 6 12 47 64 69 
11 4 7 9 27 30 34 40 41 47 53 69 
5 9 17 18 37 41 
19 1 3 11 18 19 20 21 27 29 35 36 38 42 55 56 57 60 66 70 
4 7 29 46 67 
8 1 18 24 32 54 58 62 63 
16 5 8 13 14 18 28 29 32 34 35 37 40 45 49 55 56 
15 1 9 12 13 23 30 31 32 33 37 45 52 54 56 61 
18 4 15 16 18 20 21 24 25 29 30 33 36 37 44 53 57 58 69 
7 12 25 31 41 44 49 55 
15 6 9 10 14 17 20 31 33 40 45 47 52 56 57 59 
4 13 16 41 68 
11 1 7 8 18 19 20 26 41 46 54 59 
20 5 10 11 12 15 21 23 27 46 48 50 53 55 56 60 61 63 64 66 68 
7 2 4 23 38 62 68 69 
10 1 7 31 34 35 53 54 61 63 65 
19 3 4 7 9 10 16 19 21 25 33 35 36 37 55 57 59 60 61 70 
20 1 5 10 12 13 20 25 26 29 32 33 34 38 41 45 51 58 60 62 70 
13 5 13 18 20 24 44 45 48 50 56 62 64 69 
8 2 4 24 26 58 64 67 70 
