200 30 3
4 1 5 7 30 
4 1 3 25 29 
8 1 4 5 7 9 11 16 17 
5 5 6 16 17 21 
7 1 13 20 21 22 23 29 
10 7 9 11 12 15 16 19 27 28 30 
5 13 14 17 21 27 
5 10 12 15 18 29 
6 9 15 17 20 23 24 
10 2 3 10 13 17 19 23 25 29 30 
5 1 11 15 18 29 
8 4 5 8 10 23 26 28 29 
6 1 2 9 15 16 27 
6 2 3 6 9 10 14 
10 2 3 11 12 18 21 22 23 24 28 
9 3 7 9 12 13 15 20 24 30 
4 14 20 22 27 
5 7 11 13 17 26 
9 1 4 7 8 9 10 14 23 26 
7 7 12 19 23 25 28 30 
10 1 2 9 11 12 14 19 20 23 25 
4 8 14 19 29 
10 3 6 7 9 10 11 18 21 24 27 
8 1 7 12 17 18 20 22 29 
4 4 7 9 22 
9 5 9 10 18 20 25 26 29 30 
6 1 8 12 15 18 22 
7 1 2 21 22 23 26 29 
8 5 17 19 24 25 26 27 28 
10 1 6 7 14 18 19 25 28 29 30 
6 4 12 17 22 24 26 
4 1 9 13 22 
8 4 12 14 16 22 28 29 30 
6 2 4 7 8 14 24 
10 4 5 9 17 19 21 22 24 25 29 
9 3 4 6 13 19 21 24 25 26 
10 3 4 6 11 16 18 19 20 23 25 
4 7 9 13 25 
5 10 12 24 25 30 
10 2 3 5 8 13 14 15 24 28 29 
9 2 17 18 21 22 23 24 26 28 
4 1 5 8 12 
4 3 9 18 25 
10 2 3 5 10 11 23 24 26 27 30 
6 5 6 7 8 12 18 
5 2 6 7 18 22 
8 1 5 6 12 15 22 23 25 
9 3 8 11 12 16 22 25 28 29 
4 1 6 15 23 
9 2 14 15 18 20 21 27 28 30 
5 5 8 11 24 27 
7 2 3 11 12 20 28 30 
6 4 9 12 17 18 24 
10 1 5 6 7 8 16 18 23 28 29 
4 1 9 18 27 
8 1 2 5 7 9 11 15 19 
10 2 3 7 9 10 17 21 25 27 29 
8 1 10 19 21 26 28 29 30 
7 3 4 6 17 18 22 29 
10 1 2 5 10 16 17 18 20 22 23 
9 1 3 5 18 25 26 27 28 29 
4 3 7 23 28 
9 1 4 5 15 16 20 22 23 27 
10 5 12 13 17 18 20 21 22 28 30 
10 1 4 11 13 14 20 21 22 23 24 
7 5 9 17 18 22 27 28 
9 1 3 8 9 10 13 19 23 28 
10 7 12 14 16 17 18 19 26 27 29 
4 9 18 22 30 
7 6 8 11 14 18 19 22 
6 9 10 11 12 13 19 
9 2 5 7 11 12 18 22 26 29 
6 6 11 17 26 28 30 
7 2 7 10 12 13 19 21 
8 2 5 7 8 9 23 24 28 
4 1 2 15 21 
10 1 3 7 11 15 17 19 24 25 28 
4 19 24 28 29 
8 6 13 14 16 22 23 28 30 
9 2 3 4 9 10 19 27 29 30 
5 15 18 24 27 29 
5 1 2 5 23 24 
9 7 14 17 18 20 24 28 29 30 
8 1 2 6 7 8 18 24 27 
5 4 9 14 19 24 
6 1 12 18 21 26 30 
9 1 2 3 12 13 22 28 29 30 
4 1 15 22 26 
8 4 5 7 12 16 20 21 28 
9 2 7 11 12 14 22 24 25 26 
4 10 14 18 21 
10 1 3 9 13 14 15 20 23 24 28 
9 1 7 8 9 10 13 14 23 28 
9 1 10 11 12 13 15 16 23 25 
5 1 2 12 19 29 
6 1 5 7 13 14 26 
8 4 5 12 15 22 24 25 28 
10 9 10 11 14 15 19 24 27 28 30 
7 3 8 15 16 18 26 27 
6 1 4 11 14 17 28 
5 8 15 16 25 27 
5 6 15 17 19 25 
10 3 7 9 16 21 22 23 26 28 30 
10 4 6 8 12 16 21 23 24 28 29 
7 3 8 9 20 23 26 30 
8 2 6 8 9 11 16 17 30 
9 2 4 8 14 19 24 25 27 29 
6 2 7 14 17 19 25 
4 15 16 21 23 
10 1 2 4 14 15 16 21 24 25 27 
5 12 14 15 17 21 
8 12 13 16 18 19 23 28 29 
9 1 2 9 11 14 15 16 28 29 
8 10 16 17 18 21 23 25 29 
4 13 14 17 28 
8 3 9 22 23 24 27 28 29 
6 3 8 11 18 19 20 
8 1 3 7 11 15 16 22 24 
7 3 7 14 15 16 19 28 
8 3 10 17 18 19 21 23 26 
9 2 4 6 8 14 17 18 23 24 
8 7 8 14 17 25 26 27 30 
4 3 5 24 29 
6 5 15 19 25 27 29 
9 1 6 8 10 13 14 15 16 23 
7 4 14 18 20 21 22 27 
4 1 16 21 23 
6 10 11 17 21 28 30 
7 5 7 8 9 20 28 29 
5 1 3 5 6 24 
6 2 6 9 18 19 30 
7 5 9 10 14 19 27 29 
8 1 5 6 11 13 14 18 25 
9 3 5 15 16 18 19 22 23 26 
10 1 2 3 4 5 14 16 22 26 27 
9 1 2 12 14 15 17 23 29 30 
10 1 4 6 7 14 22 23 24 25 29 
6 3 7 13 14 19 20 
10 2 6 9 11 12 19 20 22 26 29 
10 3 8 10 12 13 16 20 22 25 29 
9 3 4 7 8 10 21 26 27 28 
8 1 2 6 8 13 24 26 28 
7 2 4 19 21 25 28 30 
5 1 2 9 27 28 
9 8 11 16 17 18 19 25 27 30 
10 1 4 7 9 12 15 23 25 26 30 
10 12 13 14 15 16 17 19 22 23 29 
9 1 2 13 17 18 22 26 27 28 
9 7 9 11 16 17 18 21 23 28 
4 3 12 18 25 
5 2 12 14 17 29 
8 1 5 6 17 22 24 26 28 
10 3 10 13 14 15 16 24 25 28 30 
8 3 15 17 19 20 22 23 30 
10 6 12 15 17 20 21 23 25 26 30 
8 4 11 15 16 18 20 24 26 
10 1 4 9 10 12 13 15 16 25 28 
8 6 11 14 17 20 28 29 30 
8 3 6 7 10 13 20 26 29 
7 1 5 7 13 14 22 23 
6 12 16 19 24 26 29 
5 4 15 26 28 30 
4 4 10 16 24 
4 6 12 19 23 
6 8 12 16 18 20 28 
8 1 2 4 10 13 17 22 30 
10 2 7 8 17 18 20 22 23 29 30 
7 2 4 5 15 19 27 30 
8 4 5 7 9 17 20 23 30 
4 5 9 15 20 
4 2 21 24 25 
10 2 10 14 15 24 25 26 27 29 30 
7 1 4 5 9 10 26 28 
10 2 6 7 17 19 21 24 26 27 28 
9 4 10 11 14 18 20 21 22 25 
8 2 3 4 6 11 12 16 17 
6 2 14 19 20 26 28 
7 5 9 11 14 19 20 23 
9 2 8 17 18 19 23 24 26 28 
10 3 6 17 19 20 22 24 25 26 27 
6 4 12 15 16 21 22 
9 3 5 6 8 11 18 19 27 28 
8 1 9 13 14 20 21 22 24 
6 2 5 20 24 25 29 
8 2 6 9 11 13 25 28 30 
5 4 8 19 24 27 
7 5 6 8 10 15 16 29 
8 10 12 16 18 22 24 25 27 
10 2 4 7 12 19 21 22 26 27 28 
4 2 6 11 29 
7 16 18 20 22 26 27 29 
9 1 5 6 9 15 18 24 28 30 
4 6 16 19 24 
6 12 13 15 23 28 29 
10 1 3 5 7 8 14 15 17 18 29 
4 14 17 19 30 
4 4 9 23 29 
5 2 4 6 9 14 
7 4 7 11 22 25 26 29 
9 1 2 3 6 8 11 14 22 26 
