300 30 3
4 9 13 14 24 
6 3 9 17 19 20 29 
8 7 9 10 12 15 18 23 29 
4 3 12 24 27 
7 2 5 6 22 27 29 30 
10 1 4 6 13 16 19 20 21 25 28 
4 16 17 23 27 
5 5 21 22 26 29 
10 11 15 16 19 22 23 24 26 27 29 
7 1 15 20 23 24 26 28 
4 10 11 13 25 
10 1 4 7 8 10 15 19 20 22 23 
8 3 4 6 10 13 22 24 26 
7 2 3 6 12 22 27 28 
7 8 10 12 17 20 27 30 
8 2 5 7 9 14 16 22 29 
4 8 9 15 19 
6 6 9 16 17 21 26 
4 5 7 10 25 
7 4 5 9 13 14 20 30 
7 5 6 7 8 23 29 30 
10 3 7 12 14 16 17 20 21 25 27 
6 5 8 9 22 24 30 
4 13 19 26 28 
7 1 6 9 17 22 23 28 
8 4 5 6 7 10 13 25 28 
4 6 18 24 28 
6 2 9 10 15 24 26 
9 2 8 10 11 16 17 21 24 27 
8 1 5 7 9 13 14 17 25 
9 3 6 9 12 14 15 16 23 29 
7 4 5 6 7 19 21 29 
5 1 7 9 23 28 
5 7 11 12 22 26 
8 5 11 15 16 21 23 28 29 
5 3 11 16 23 27 
5 2 16 18 19 26 
9 3 6 10 12 17 22 23 25 29 
10 3 14 15 16 17 18 22 23 24 26 
4 6 16 17 20 
10 8 9 11 13 18 20 21 22 28 29 
9 1 3 4 5 7 12 15 24 28 
5 4 16 23 25 29 
5 8 10 16 25 28 
7 7 9 15 20 21 23 29 
7 2 6 12 18 23 24 30 
10 3 4 6 9 19 20 21 22 24 29 
9 8 9 15 17 19 21 28 29 30 
6 5 7 10 17 21 28 
7 7 8 9 17 24 26 28 
4 2 4 25 28 
4 4 6 22 24 
10 1 2 5 6 9 13 14 21 24 29 
10 6 7 9 11 16 17 19 26 27 28 
4 2 9 17 23 
9 1 3 8 10 13 15 20 21 24 
10 1 2 7 8 10 11 16 24 28 30 
9 1 4 11 21 22 24 25 28 30 
7 3 4 5 6 16 23 29 
5 2 4 8 11 20 
4 8 17 23 30 
4 1 6 11 15 
6 1 6 7 11 22 27 
5 6 7 12 16 27 
5 1 5 17 24 26 
6 2 12 16 18 25 26 
7 3 5 6 8 9 11 25 
8 4 7 8 14 15 18 22 30 
6 3 6 19 24 27 30 
6 1 6 7 10 18 20 
8 1 3 4 6 8 15 22 26 
8 2 6 12 17 20 24 26 30 
8 1 3 10 12 14 22 23 26 
7 5 20 21 23 24 25 27 
8 3 5 11 17 19 22 23 26 
8 1 7 12 13 16 20 24 27 
7 1 7 12 22 23 28 30 
6 1 6 20 21 26 28 
7 5 6 14 17 18 20 26 
5 1 5 8 17 29 
7 3 6 7 8 9 19 30 
4 8 9 10 20 
10 6 10 12 13 20 23 24 25 26 30 
7 2 5 6 12 18 23 25 
7 3 8 13 18 21 22 28 
8 2 6 10 11 12 21 28 29 
4 10 15 20 21 
6 4 5 13 16 21 30 
6 6 13 17 22 23 26 
4 11 22 28 29 
9 1 10 11 14 19 21 25 27 30 
8 1 5 8 12 20 22 25 29 
5 3 17 18 20 21 
5 5 10 14 23 24 
9 4 5 6 7 11 17 19 22 25 
4 3 16 21 30 
5 2 11 14 22 23 
10 2 5 6 10 11 12 15 26 27 29 
8 3 5 9 11 21 25 27 28 
9 1 4 9 14 16 18 19 20 21 
9 2 5 6 10 14 25 26 27 29 
9 3 7 8 13 15 24 25 26 28 
7 14 15 17 21 22 23 27 
6 1 3 17 18 19 28 
6 4 8 17 20 25 30 
8 2 3 5 9 12 25 28 29 
7 2 6 11 12 14 22 26 
4 7 11 13 16 
5 6 8 14 23 30 
6 3 21 22 23 26 29 
6 1 3 9 21 24 27 
6 5 11 21 22 23 29 
6 6 12 13 17 18 22 
7 2 17 19 20 25 28 29 
8 1 6 13 15 20 22 23 30 
7 1 2 4 10 17 20 29 
5 13 14 16 18 24 
7 1 3 4 11 13 17 20 
10 1 3 8 12 14 16 19 21 25 27 
8 2 3 7 11 14 19 22 30 
9 7 11 16 18 19 22 23 26 30 
6 3 10 14 23 25 27 
9 2 7 11 12 15 19 25 28 30 
9 1 3 7 8 9 17 20 24 28 
9 1 5 10 18 19 21 22 25 27 
6 4 9 20 23 25 29 
6 2 5 20 22 26 28 
10 2 5 7 13 15 19 21 24 27 28 
4 2 14 23 27 
8 2 4 6 13 17 18 21 28 
4 5 10 14 18 
4 10 13 23 24 
9 2 5 6 13 17 19 23 24 30 
5 16 22 23 26 29 
9 1 6 11 16 17 21 27 28 29 
8 6 8 13 17 20 21 22 28 
10 2 3 7 13 15 20 21 22 26 30 
10 3 4 5 18 22 23 24 25 27 28 
6 8 12 13 19 21 25 
5 1 4 13 15 21 
10 3 8 10 11 18 23 26 28 29 30 
8 15 21 22 23 26 27 28 30 
4 5 9 25 26 
7 6 8 12 17 19 22 28 
8 3 7 10 11 12 15 20 24 
4 1 4 17 29 
9 4 5 8 15 16 18 22 23 27 
5 4 15 19 22 29 
9 3 9 10 18 19 20 21 24 29 
9 2 6 7 8 10 14 17 25 30 
8 1 3 5 12 14 15 17 28 
5 1 7 21 26 30 
6 7 8 17 19 24 27 
5 2 5 7 8 10 
7 4 9 12 14 22 28 29 
9 2 4 11 14 17 19 23 25 27 
9 10 13 14 15 16 18 22 24 29 
8 4 11 16 17 19 23 29 30 
9 10 12 15 16 17 20 28 29 30 
6 15 17 22 23 27 29 
10 2 6 9 12 13 14 15 17 21 27 
6 3 5 9 10 14 21 
5 4 6 14 15 16 
4 1 12 14 16 
6 9 15 21 27 28 30 
5 9 10 12 28 30 
5 11 18 19 29 30 
4 18 21 29 30 
4 1 4 7 22 
7 2 5 14 19 23 27 30 
7 2 8 14 19 21 24 30 
4 1 3 8 25 
7 1 7 8 11 24 25 28 
8 1 8 9 19 20 26 27 29 
7 4 6 7 13 15 16 17 
10 1 4 6 9 10 11 18 20 21 28 
7 1 3 4 5 9 28 29 
5 2 6 21 23 30 
8 1 6 7 8 15 18 23 28 
9 2 3 8 11 14 21 24 28 29 
5 2 9 11 17 22 
8 1 2 9 12 17 21 25 26 
6 9 10 24 27 28 29 
10 7 11 15 17 18 21 22 23 24 27 
4 14 24 25 30 
8 1 6 20 21 22 25 28 29 
10 2 10 11 17 19 20 25 26 27 28 
10 1 2 10 12 20 21 22 23 24 27 
9 4 7 8 10 13 18 19 22 27 
4 2 13 22 25 
6 8 10 15 18 29 30 
5 4 8 18 26 29 
5 4 9 17 18 22 
9 7 8 10 11 12 18 19 22 30 
4 8 10 11 17 
10 1 4 8 9 10 15 19 25 28 29 
8 10 12 17 18 19 20 22 27 
4 3 6 10 12 
10 1 9 10 15 22 23 25 26 27 29 
5 1 3 23 26 28 
5 1 5 15 18 28 
4 6 12 21 25 
7 5 6 9 17 18 19 30 
5 12 14 18 19 27 
10 2 5 8 12 13 15 24 26 28 30 
4 11 22 27 30 
5 3 10 15 19 21 
6 1 8 20 24 29 30 
7 2 5 6 13 16 18 29 
7 2 4 11 13 23 25 28 
10 4 5 9 13 16 18 20 24 25 28 
6 3 8 11 17 20 25 
4 3 9 17 25 
4 6 10 11 25 
6 1 3 4 19 22 27 
9 4 5 6 7 11 12 13 24 25 
10 2 3 10 13 17 22 23 24 25 27 
5 6 12 13 16 24 
5 6 13 16 18 28 
9 2 5 6 9 13 14 20 21 22 
6 3 8 14 15 21 28 
10 3 4 10 11 18 22 23 25 28 30 
5 2 4 7 10 13 
5 15 17 20 21 23 
9 4 15 19 20 21 25 26 29 30 
7 1 8 9 17 24 26 28 
5 7 14 20 23 26 
4 2 3 9 11 
9 4 11 14 15 16 22 25 28 29 
8 2 3 13 15 16 23 24 27 
7 1 8 11 13 14 17 19 
6 3 5 11 13 16 24 
4 4 7 14 15 
4 5 12 16 19 
9 1 6 9 11 16 19 20 26 28 
9 1 2 3 7 11 16 23 27 28 
8 3 7 9 10 13 14 16 30 
9 6 7 8 9 13 16 19 27 29 
10 1 2 13 14 15 19 21 25 27 29 
5 16 21 25 28 29 
5 7 21 22 23 26 
5 2 9 22 24 27 
7 2 5 6 9 10 15 16 
4 12 13 14 19 
9 7 11 14 15 22 23 25 28 30 
7 5 8 9 11 16 18 28 
8 7 10 11 19 22 25 27 30 
5 7 12 19 22 24 
10 3 4 10 12 17 19 20 22 24 26 
10 14 15 16 17 20 21 22 23 25 27 
10 1 2 11 14 21 23 26 28 29 30 
9 6 8 9 11 15 20 21 23 25 
5 10 12 22 23 28 
7 3 19 22 24 25 28 29 
4 6 9 12 18 
5 2 12 17 23 24 
6 4 7 11 14 26 29 
4 15 23 28 29 
8 7 10 11 13 16 22 26 28 
5 5 7 8 12 19 
7 16 17 22 24 27 28 30 
7 3 4 5 8 13 14 19 
9 5 9 12 13 22 23 24 26 30 
9 1 4 6 8 15 18 23 29 30 
8 1 2 8 9 12 24 29 30 
7 2 6 11 18 23 24 28 
4 3 24 25 30 
7 1 8 14 16 20 21 30 
6 6 7 12 20 25 30 
7 3 10 11 16 19 27 28 
9 1 2 8 9 10 13 16 17 28 
10 3 8 9 12 17 18 19 22 26 30 
7 3 8 14 15 20 23 27 
5 4 8 13 22 23 
5 11 21 23 28 29 
9 1 3 6 12 16 22 28 29 30 
7 6 11 12 16 19 27 30 
8 5 6 7 9 11 18 24 30 
10 4 7 11 13 14 15 18 20 21 30 
4 1 13 24 27 
5 12 14 15 18 21 
7 4 7 8 10 17 22 26 
4 2 6 14 27 
10 3 6 8 9 11 12 16 18 22 27 
8 7 9 14 16 18 19 20 27 
8 3 6 10 11 12 15 23 24 
5 3 11 15 20 21 
6 1 7 10 23 24 27 
5 2 8 12 18 21 
6 9 15 18 20 21 25 
4 3 5 11 24 
10 1 9 10 12 13 14 22 25 28 30 
5 2 4 8 23 24 
9 1 9 10 13 16 18 19 24 28 
9 3 8 9 10 11 17 22 23 24 
10 10 12 14 19 20 23 24 25 27 30 
6 5 7 20 21 23 26 
5 4 10 12 13 25 
9 1 5 6 7 8 18 23 24 28 
9 2 8 10 15 17 21 26 29 30 
