100 50 3
10 32 36 19 15 45 44 18 16 37 17
6 43 16 30 39 40 2
7 30 6 4 5 10 50 18
10 31 40 5 33 48 4 12 20 7 24
10 8 43 16 24 35 14 1 45 10 22
5 32 39 13 22 10
12 14 5 13 30 47 29 35 8 23 9 19 4
7 7 34 48 32 14 11 38
8 13 9 6 48 40 23 27 30
6 50 43 36 45 44 27
10 6 42 28 1 34 3 7 31 48 40
7 49 10 4 3 5 48 40
10 44 1 4 25 3 32 31 36 35 46
7 12 5 36 25 19 14 16
8 1 20 22 7 48 18 9 39
6 10 47 21 20 12 38
15 6 4 28 37 17 2 12 7 46 41 9 30 49 38 13
6 18 45 20 38 37 28
10 44 38 42 13 19 21 39 1 29 15
5 34 21 31 18 2
7 3 48 15 34 44 22 5
9 42 20 4 38 39 12 26 1 10
9 1 34 17 4 35 50 21 5 2
7 46 14 3 25 6 5 49
9 33 29 5 38 20 49 8 16 45
13 14 12 35 32 28 21 27 13 39 40 5 46 23
11 17 4 47 25 12 33 8 26 49 42 28
6 18 20 5 49 9 1
9 19 5 20 16 35 31 1 28 27
9 12 20 15 19 23 25 2 50 4
7 7 49 36 24 41 1 23
9 18 49 15 1 43 29 35 42 24
7 9 4 23 50 6 32 15
7 49 5 11 7 10 39 25
9 42 43 38 6 23 9 37 12 10
6 36 16 23 6 9 2
13 5 49 3 15 25 20 33 9 22 40 10 13 32
6 28 20 14 49 47 17
9 30 8 44 46 27 3 31 50 5
8 37 42 28 20 31 16 9 8
7 8 33 9 1 43 25 44
5 21 50 28 35 47
8 38 7 27 9 39 37 42 5
13 22 24 27 12 50 19 5 8 43 2 33 37 32
5 5 38 18 3 35
8 40 20 24 22 47 45 12 13
6 24 49 14 41 9 8
6 11 5 27 18 29 30
6 44 7 5 16 13 17
12 10 50 46 37 14 4 16 33 41 49 26 20
11 32 31 25 26 21 7 46 43 39 28 13
9 1 32 34 50 22 13 11 31 10
11 10 42 49 45 27 3 21 17 19 23 20
10 3 5 8 44 21 37 18 12 50 17
15 36 6 41 20 50 19 37 26 47 3 5 44 13 8 14
12 25 33 19 21 8 35 39 2 16 10 50 9
8 10 37 11 49 22 13 9 29
7 22 21 18 46 32 27 24
5 40 35 4 9 50
9 50 28 29 3 7 34 14 2 19
10 27 35 46 49 18 4 6 19 17 32
6 22 14 8 38 47 3
7 23 16 50 17 11 46 9
10 1 34 8 49 44 28 15 7 40 5
10 45 8 24 32 21 5 43 1 35 23
5 47 38 1 42 41
8 21 15 36 12 2 35 28 4
12 4 39 35 21 6 7 11 47 44 1 43 19
5 17 24 47 50 44
11 37 13 27 26 16 48 32 49 3 1 34
9 30 21 37 6 34 16 29 19 33
5 42 9 13 50 23
6 18 21 50 1 5 42
8 29 5 11 38 28 13 41 14
10 30 46 4 15 5 13 6 41 32 22
13 50 9 40 10 23 11 6 29 14 16 34 12 37
12 26 39 23 31 12 25 44 27 34 10 29 20
7 42 41 47 18 23 44 50
8 25 40 3 50 31 44 36 33
9 1 9 7 13 15 48 17 4 12
7 34 47 13 22 37 4 9
9 35 48 1 50 5 2 36 10 19
13 38 19 28 5 34 48 21 15 26 8 29 2 27
13 2 6 42 16 19 35 23 14 17 18 50 15 27
5 19 22 8 41 5
5 35 28 19 49 31
5 15 3 13 23 35
8 37 30 46 15 27 9 18 31
5 37 15 14 25 9
14 22 38 6 16 50 27 23 28 35 5 8 29 37 25
5 9 20 50 45 11
5 30 15 35 16 47
5 6 19 47 16 20
9 14 38 23 8 49 22 27 24 43
9 13 8 21 40 19 1 14 2 44
10 27 4 41 8 18 39 11 14 9 19
14 8 29 37 15 27 43 1 46 35 19 3 32 10 18
6 10 40 2 23 36 48
15 50 28 14 30 45 18 5 22 10 25 24 47 16 4 8
5 43 35 7 44 41
