200 100 3
9 44 31 20 22 16 50 63 48 84
11 27 17 15 2 77 80 16 41 40 94 56
9 56 49 59 11 75 57 10 55 86
10 14 68 50 74 31 36 79 82 9 46
8 46 36 50 7 55 48 75 22
9 54 38 12 61 73 68 90 4 29
6 94 8 100 79 81 77
7 63 97 30 59 69 64 28
11 87 92 3 80 72 1 97 63 98 47 6
5 69 34 37 16 23
8 80 65 50 42 56 45 96 77
14 18 44 11 27 88 50 58 83 29 67 41 73 96 81
11 92 29 23 20 75 53 19 59 5 67 65
14 71 87 62 4 41 93 27 28 2 49 25 78 59 67
7 29 48 47 75 95 10 6
9 57 13 33 96 45 38 36 37 24
10 89 83 14 24 88 84 12 51 34 61
9 27 1 53 88 32 44 95 89 94
8 32 63 52 48 79 59 91 80
10 10 37 99 15 27 8 24 19 38 62
13 71 49 22 30 95 15 28 90 62 41 79 38 72
5 38 16 81 85 28
15 20 13 56 78 98 96 45 59 46 49 30 72 57 23 86
7 4 77 38 5 6 28 13
6 57 98 30 45 53 48
7 50 79 18 31 9 16 99
10 80 21 36 74 96 88 6 64 63 4
12 57 13 74 68 63 83 97 44 23 27 24 12
9 18 58 47 14 85 62 76 45 31
7 11 65 75 34 28 24 86
9 38 54 12 18 17 62 9 49 33
7 44 49 68 93 80 37 96
9 84 23 14 17 41 74 45 79 12
7 33 85 15 37 19 5 71
9 33 45 16 95 89 66 59 81 22
13 82 78 23 2 35 69 47 56 53 40 97 92 16
10 16 15 40 41 46 66 93 26 52 80
12 6 4 81 30 62 94 52 74 86 21 41 29
8 96 7 47 68 76 37 93 77
6 76 5 49 30 95 36
12 74 97 87 36 25 24 94 12 78 9 30 56
8 53 2 17 10 21 70 43 71
10 89 29 87 17 23 74 14 100 77 85
10 18 64 17 69 27 4 59 48 66 74
8 96 36 25 70 67 32 16 43
9 30 41 99 97 6 72 56 37 19
8 45 54 10 12 71 53 23 83
9 71 23 5 29 22 94 65 54 87
10 94 32 61 75 65 10 3 60 99 59
7 36 35 21 32 19 33 34
5 48 18 14 94 6
8 35 12 37 30 47 21 13 80
10 8 10 82 51 35 59 73 88 21 38
6 14 50 16 28 81 94
10 64 81 45 79 82 22 51 37 59 5
8 59 51 16 29 43 71 87 84
9 1 9 28 67 43 3 77 54 58
12 44 47 32 89 49 15 90 88 31 26 68 65
11 23 67 77 43 41 47 20 40 93 2 63
11 45 22 34 32 24 6 20 68 93 82 62
8 11 37 5 79 70 99 9 80
17 83 35 9 62 78 44 31 53 58 57 60 82 14 63 61 54 47
9 54 80 53 84 2 15 20 12 33
10 53 2 73 83 43 15 50 98 100 85
7 36 29 4 68 41 71 37
8 56 57 77 92 66 42 11 15
10 43 60 44 39 22 14 10 13 83 7
8 5 43 66 74 17 87 34 67
9 37 35 53 95 67 48 25 39 79
8 50 48 2 78 53 68 61 29
7 79 67 99 92 69 25 24
8 41 12 69 68 28 85 53 45
8 56 82 4 53 73 63 91 18
8 65 56 68 49 19 21 24 53
8 80 38 10 91 31 100 32 63
9 41 22 58 96 77 45 12 59 53
9 9 3 89 27 77 36 20 73 56
10 72 23 56 18 55 25 93 95 94 36
10 86 9 62 28 25 31 56 7 64 16
9 24 56 58 21 9 17 4 82 94
8 73 5 76 36 23 28 38 84
11 13 30 53 38 36 21 62 12 58 92 81
6 76 1 5 94 44 17
8 35 34 92 5 41 82 72 24
8 45 25 38 79 41 7 6 59
7 99 20 90 39 72 58 28
8 10 86 75 92 5 41 29 82
14 16 42 73 28 95 74 5 11 78 81 77 10 99 82
5 43 78 26 84 75
8 90 24 29 40 85 38 19 30
5 30 39 92 23 11
7 88 12 4 50 98 84 56
6 32 13 18 74 53 19
6 26 84 55 18 100 94
12 66 6 54 71 26 98 60 100 78 69 36 48
9 37 81 62 41 79 86 17 27 34
12 63 65 97 84 28 20 87 68 21 6 36 8
15 15 58 17 33 46 56 24 90 65 20 25 96 97 8 84
8 32 47 45 3 29 58 100 89
10 27 32 6 91 48 67 74 96 84 81
5 70 94 76 62 57
9 86 97 100 52 34 83 57 16 6
9 69 60 8 87 78 72 44 83 25
13 79 81 62 8 46 16 23 59 55 56 98 52 66
7 37 36 71 77 63 2 69
11 88 27 91 6 8 16 30 24 26 52 15
7 29 23 46 47 100 41 12
10 74 23 84 100 80 9 58 75 96 61
5 47 53 94 15 68
7 26 76 53 68 13 16 34
10 84 25 15 27 45 13 46 6 99 70
6 95 46 51 92 29 36
7 16 91 93 4 15 89 19
7 88 94 90 86 49 47 91
7 10 82 37 51 59 85 38
11 70 78 41 89 32 42 33 90 53 5 10
13 46 93 8 59 13 60 25 38 100 73 61 96 77
9 75 54 15 19 6 20 83 89 73
6 86 97 99 57 79 15
6 71 73 56 78 16 91
7 1 16 5 63 18 43 28
10 61 2 67 59 27 87 33 15 97 22
9 14 28 17 88 32 79 24 40 81
8 99 75 37 92 89 32 48 36
6 92 76 28 67 94 60
12 72 82 57 90 75 54 27 22 61 38 49 6
10 7 57 49 81 5 71 23 59 69 37
10 10 15 96 23 42 37 4 26 8 36
10 79 31 64 11 18 67 1 92 28 76
7 96 50 98 52 8 11 29
9 47 26 85 73 66 6 100 89 9
11 19 25 14 74 40 34 73 49 63 48 16
7 85 93 18 2 32 8 26
9 98 21 90 12 1 68 55 17 100
8 54 28 51 3 61 81 93 64
9 84 37 64 97 46 50 63 15 99
9 90 92 42 33 63 34 86 30 98
7 10 65 8 46 11 21 86
5 39 28 57 14 85
11 33 79 98 11 88 60 50 99 34 78 1
5 16 86 22 26 45
11 71 10 97 15 3 18 73 37 85 33 89
13 56 6 65 78 62 24 16 45 14 15 63 81 51
8 69 68 49 89 50 57 61 15
6 36 60 98 46 75 27
13 84 77 49 92 51 8 29 13 23 63 19 37 55
8 63 44 43 13 45 69 48 21
8 17 13 85 62 66 77 31 86
9 27 77 65 32 52 95 83 47 19
12 46 66 21 65 30 57 88 47 23 44 86 48
5 89 73 16 40 10
9 90 94 95 98 44 84 47 61 82
9 72 49 88 30 1 74 46 68 40
8 64 30 77 44 74 19 2 70
10 4 90 23 16 89 31 92 30 91 80
8 18 70 46 47 84 93 52 33
7 9 70 63 43 95 28 64
8 90 97 58 33 89 69 61 30
10 27 39 69 35 12 60 2 16 72 15
11 98 48 47 59 34 82 4 83 11 16 73
6 76 21 24 33 12 47
8 92 62 87 45 19 69 34 60
6 15 4 39 45 65 64
7 4 48 84 93 2 30 11
5 40 34 100 1 32
7 37 68 38 13 59 45 42
8 52 80 27 43 83 59 8 6
11 17 47 80 41 98 24 42 71 87 94 96
8 87 86 82 71 29 97 60 64
8 10 47 30 18 54 8 78 58
8 11 86 17 76 99 45 24 35
9 25 20 22 2 91 36 64 90 74
6 30 83 37 78 63 28
11 87 12 42 72 60 65 46 96 59 33 6
8 55 67 82 44 97 47 11 33
8 87 18 42 91 78 44 73 67
7 39 41 7 32 17 4 12
8 39 53 93 24 37 34 32 90
13 21 55 59 9 62 39 53 4 19 25 13 42 60
6 34 64 23 62 35 37
8 36 33 4 3 28 79 85 22
9 75 68 59 33 57 36 53 9 24
10 66 72 38 53 52 71 6 85 7 99
8 44 85 69 61 47 15 92 60
9 31 27 77 71 11 65 33 47 66
10 31 55 11 34 35 58 17 93 49 21
13 68 32 55 92 59 45 14 41 89 51 1 28 93
7 33 75 51 91 42 62 5
6 33 57 97 100 1 82
8 9 34 41 99 4 10 44 72
8 97 31 84 73 64 52 38 27
12 55 68 61 37 57 33 70 85 54 71 36 17
10 78 57 87 10 49 15 3 31 40 92
7 92 47 39 55 63 60 88
6 44 18 96 14 95 78
17 25 17 53 9 65 93 56 64 42 99 38 39 26 10 87 60 44
5 49 88 13 5 70
8 66 76 21 98 23 27 54 37
6 29 22 90 16 60 75
8 18 43 71 93 58 72 98 13
