2000 900 5
14 745 375 701 237 330 820 188 886 563 616 155 62 529 855
8 726 344 805 667 142 670 421 106
8 125 590 403 706 227 436 532 778
12 861 561 525 602 541 271 567 173 260 759 527 544
10 816 538 622 803 692 437 817 174 705 686
13 28 653 561 418 165 706 388 267 775 399 170 801 413
8 680 581 296 655 297 193 265 201
10 335 179 109 369 527 44 125 799 432 806
7 75 438 834 485 497 544 661
14 311 22 665 154 109 75 247 712 123 434 819 181 216 133
8 891 547 154 747 591 264 729 377
12 234 524 762 545 727 867 34 249 452 887 621 428
15 22 345 65 376 93 314 339 712 103 231 302 92 786 244 126
8 117 841 320 891 846 727 834 363
7 728 577 246 811 252 254 820
7 744 228 774 76 532 809 202
9 816 835 202 180 807 723 237 95 840
10 760 167 294 69 547 538 221 186 348 104
14 219 765 604 733 197 443 220 277 854 196 538 328 857 154
12 844 868 247 519 117 449 507 28 783 557 800 668
14 620 224 14 61 625 249 883 447 659 154 160 536 531 653
7 826 417 504 574 47 117 739
11 567 802 440 446 841 219 491 75 487 205 709
9 884 64 518 820 575 878 866 628 3
7 104 199 84 49 453 427 426
14 637 408 510 730 461 258 12 307 340 474 454 501 309 279
11 333 315 577 105 361 531 670 80 598 451 432
9 48 320 120 208 725 336 133 279 379
11 295 626 51 85 475 111 674 423 785 681 826
8 220 141 43 724 477 593 564 245
10 288 688 209 585 321 491 337 183 324 343
9 762 817 64 580 727 296 204 569 191
7 260 76 475 50 486 865 745
12 837 337 53 105 350 12 878 344 830 361 823 138
7 739 473 578 831 62 899 182
7 65 177 3 545 547 271 862
9 262 683 757 140 795 241 200 773 548
9 322 124 831 141 505 604 262 636 211
11 543 778 654 380 879 539 442 142 104 161 806
13 841 257 534 158 583 37 524 184 815 426 298 330 458
10 299 312 331 645 502 22 461 419 339 641
16 688 837 602 848 437 760 269 591 778 313 254 354 389 842 492 684
11 535 256 482 133 459 239 399 268 665 873 527
10 142 40 151 107 30 323 308 233 862 702
14 484 252 709 355 269 839 625 89 837 490 653 239 554 680
9 522 324 40 830 824 110 436 159 414
9 38 87 34 759 406 269 32 88 289
7 20 793 805 3 771 112 14
11 698 438 781 21 187 632 326 135 12 796 316
9 353 505 809 415 259 482 544 232 356
12 408 277 330 560 649 5 360 295 294 46 353 851
9 584 729 268 421 394 93 140 719 271
11 662 56 30 497 54 291 556 130 262 875 50
12 114 780 271 677 56 761 603 546 599 286 724 268
9 433 339 359 682 603 844 446 708 46
10 195 709 313 458 59 779 162 238 751 448
7 245 239 602 831 501 511 401
7 277 175 575 264 653 117 346
9 730 799 54 204 786 374 267 396 281
9 783 762 814 330 747 254 60 878 724
11 500 450 477 608 171 740 863 160 425 739 315
13 273 386 650 859 211 144 743 461 804 876 798 529 652
7 261 229 830 507 878 392 207
9 272 175 874 843 494 247 268 640 154
9 241 605 534 641 657 81 166 191 203
12 820 636 148 197 119 548 480 438 81 478 465 373
10 432 790 608 539 7 575 193 625 495 485
9 415 666 770 409 28 572 290 822 169
10 583 793 380 14 327 453 470 465 575 798
8 597 540 462 292 526 484 340 689
10 73 117 69 724 225 278 343 115 859 240
11 650 675 542 56 762 388 45 396 864 461 453
7 536 732 507 138 506 895 149
10 469 347 749 781 255 195 754 374 714 72
8 209 683 525 197 159 467 821 693
15 646 815 587 276 311 745 144 715 263 116 364 114 631 505 288
7 774 406 818 185 471 837 758
9 7 83 4 597 281 143 485 301 307
13 668 317 217 720 729 733 356 778 274 422 693 352 848
12 186 742 433 737 22 289 351 702 331 124 335 589
15 782 416 565 276 164 688 682 73 324 103 860 535 307 41 737
9 494 838 578 778 323 296 660 629 576
18 491 592 887 17 208 790 27 568 520 622 472 59 872 56 7 227 631 671
10 670 151 25 435 589 213 281 6 501 91
10 36 252 866 294 755 128 831 354 875 136
12 664 432 513 276 812 694 68 408 372 835 22 49
10 804 771 568 236 678 687 432 783 610 866
12 543 656 519 303 106 420 654 449 226 275 184 386
7 573 613 346 229 663 104 583
7 354 236 61 554 88 588 55
10 588 702 496 452 381 169 857 547 509 500
9 542 299 432 816 836 738 888 3 438
12 56 591 450 435 319 278 838 727 521 204 196 237
13 208 315 367 784 15 602 314 265 814 436 581 658 134
13 84 410 824 419 722 315 312 459 839 87 499 558 567
12 32 753 106 614 37 862 178 122 592 29 416 589
17 151 418 248 253 562 239 702 11 86 39 411 755 634 898 243 431 653
8 104 342 340 264 500 426 592 460
15 859 793 532 769 415 199 412 315 562 142 451 786 808 879 843
13 278 881 879 509 22 466 352 553 877 781 127 823 41
11 318 621 83 880 148 208 292 612 646 320 393
7 537 830 674 510 447 338 568
12 265 801 484 106 617 409 605 725 275 23 186 548
13 511 33 230 343 803 106 760 762 580 183 566 570 32
13 443 468 209 127 503 25 838 160 717 334 282 699 483
7 304 175 751 402 358 838 172
10 688 72 626 406 785 140 74 54 294 879
10 706 345 353 269 390 546 195 631 372 811
10 714 663 430 605 464 650 214 585 196 52
12 474 452 294 192 321 689 874 425 459 38 723 666
8 617 471 542 780 162 80 351 700
11 474 600 769 819 623 377 727 320 620 472 828
15 593 690 83 541 44 698 315 581 745 267 42 623 261 554 786
7 659 103 50 336 77 249 503
15 576 513 614 878 286 268 832 6 524 68 635 229 500 545 220
9 81 244 605 125 304 508 118 465 121
10 295 104 272 264 302 251 611 2 885 835
7 94 455 752 520 128 200 783
11 132 406 30 752 332 377 2 258 20 359 9
7 103 297 38 246 616 301 319
8 464 814 379 531 414 190 428 200
16 724 548 74 203 63 289 531 857 830 636 41 541 437 4 344 264
8 688 735 77 568 547 584 293 769
9 863 235 357 8 502 560 856 260 248
12 491 668 440 617 661 180 333 622 672 255 624 289
9 407 711 600 353 550 699 178 61 77
15 407 110 267 362 716 522 585 788 94 596 851 848 624 608 114
13 446 139 844 405 172 853 56 282 38 114 597 651 486
11 333 771 188 764 893 879 55 170 344 644 39
12 655 705 245 107 678 816 713 187 541 225 222 521
14 867 155 718 682 333 403 470 246 19 424 395 624 299 356
9 87 295 219 233 800 638 450 744 564
10 365 525 180 687 499 584 888 258 592 597
10 274 766 593 46 207 368 504 80 250 571
17 409 703 751 835 686 687 590 859 177 171 786 222 812 211 599 236 420
10 873 862 830 97 660 504 864 188 45 464
18 890 208 48 584 775 653 278 413 105 540 383 179 370 772 434 369 614 495
12 502 544 719 171 473 686 564 263 675 379 187 452
9 347 289 764 723 3 869 51 223 818
10 348 492 469 262 404 172 152 862 543 339
10 844 372 445 98 626 767 72 735 729 852
10 794 228 811 608 858 577 371 894 24 732
7 531 30 257 314 287 83 412
11 641 437 820 716 598 206 858 293 507 871 360
12 547 281 398 47 264 30 89 267 686 170 158 722
9 677 753 712 242 699 696 55 116 831
8 283 450 447 201 349 527 631 210
11 349 249 607 49 785 283 830 463 428 398 679
9 211 76 580 837 512 541 897 679 383
11 348 838 181 420 81 483 231 868 305 545 548
8 251 458 189 51 347 830 415 156
7 624 41 374 476 769 45 344
15 241 641 386 287 469 347 433 376 857 554 879 85 822 266 442
11 355 493 878 588 47 111 341 734 394 807 265
7 325 357 788 511 176 787 69
12 110 188 481 242 311 434 512 292 661 653 899 496
9 158 432 491 838 185 134 138 839 882
11 620 448 588 523 776 739 284 686 730 285 265
16 165 14 381 738 588 634 426 668 767 84 162 772 557 751 536 140
15 239 411 879 373 183 3 303 568 590 482 451 78 825 648 846
9 115 612 778 125 692 858 225 758 68
11 458 303 534 797 718 835 709 886 26 533 217
14 514 2 285 884 154 247 222 507 334 549 385 75 448 895
8 217 534 284 266 575 254 196 45
9 858 814 825 217 366 642 312 572 372
13 405 217 479 670 834 768 687 227 603 111 839 556 299
7 454 771 895 295 455 751 325
13 774 38 659 549 773 832 651 324 184 80 233 154 432
14 99 226 701 525 347 244 107 590 490 191 664 900 356 658
7 591 472 687 612 284 334 258
9 348 342 315 281 16 110 871 748 890
11 434 607 55 12 755 371 114 595 31 353 378
10 796 626 476 398 623 396 354 815 319 751
11 737 614 653 579 868 256 549 599 840 429 395
7 149 654 596 620 853 518 888
8 532 266 886 861 554 809 757 336
13 658 74 651 253 147 444 462 344 764 800 528 473 322
16 25 683 58 74 242 575 365 626 860 884 213 728 641 78 291 274
10 856 698 618 39 100 78 529 429 143 475
10 552 367 733 519 80 262 657 462 732 331
12 517 578 803 447 551 706 138 840 30 796 391 464
10 328 381 359 32 604 828 818 20 144 33
8 793 149 95 505 314 86 883 294
8 487 638 81 72 548 632 289 65
11 811 269 728 310 678 528 762 726 439 822 191
12 852 62 471 712 72 35 531 821 287 506 626 680
7 613 809 854 189 386 867 100
8 434 859 124 506 571 624 687 604
12 120 732 439 798 816 23 651 279 274 489 104 787
8 273 13 620 696 79 182 88 734
8 272 314 289 734 342 239 460 138
7 309 634 130 356 803 642 866
14 802 247 340 230 99 791 595 645 102 413 597 588 891 530
11 197 268 232 790 144 804 542 158 818 561 15
21 805 262 497 43 171 894 118 165 320 445 779 37 353 275 154 180 104 93 559 869 2
11 753 114 410 466 406 654 345 367 823 338 747
12 616 170 52 424 386 432 187 565 418 708 475 546
13 124 527 702 69 314 141 90 688 178 323 235 240 154
8 794 403 536 808 467 181 401 339
12 283 19 48 302 757 680 576 387 365 26 810 410
15 767 746 512 674 293 379 723 415 474 557 879 397 556 280 248
11 882 167 436 763 268 449 572 148 563 95 876
11 6 460 103 824 870 739 599 738 368 284 325
10 767 526 144 338 460 770 77 756 91 141
10 649 305 451 313 762 226 279 255 34 886
11 124 123 207 876 562 474 24 52 476 303 129
8 79 298 435 484 207 245 887 612
10 340 736 549 771 681 744 501 128 257 165
9 54 609 685 798 551 193 39 494 522
9 853 431 591 303 816 397 270 134 777
7 118 513 828 655 204 861 882
10 477 104 783 573 166 172 299 848 531 138
10 387 55 570 416 593 893 684 425 105 757
7 665 121 830 601 560 867 687
9 64 506 518 716 586 717 188 6 166
13 235 793 841 834 352 305 610 650 556 505 249 589 858
9 591 235 385 132 270 195 608 702 331
11 88 226 783 608 190 543 27 200 558 536 479
13 231 270 695 420 298 690 519 569 377 669 192 840 404
8 109 404 427 310 528 207 307 756
11 766 630 136 379 614 574 246 503 587 527 475
7 842 754 331 314 280 521 768
11 25 579 337 864 54 428 554 792 883 109 207
11 799 472 258 837 75 863 34 522 302 196 426
10 326 47 442 18 55 9 775 900 566 173
7 551 170 394 175 379 139 523
9 356 582 539 46 178 18 833 198 727
9 595 317 675 823 622 526 721 439 437
12 253 685 658 538 606 422 513 576 146 262 710 331
10 780 672 223 597 193 359 735 343 146 364
12 34 59 698 553 634 474 898 306 407 536 558 327
7 324 562 169 418 387 578 731
9 334 14 534 827 785 885 32 869 391
8 674 142 738 38 703 311 652 599
16 191 847 324 53 150 149 399 370 221 68 131 307 524 634 380 111
7 140 508 481 388 340 831 55
12 383 415 53 787 167 319 74 301 596 90 574 25
8 544 819 719 249 562 553 436 396
11 174 123 40 634 534 152 220 344 748 66 721
9 137 416 38 736 33 467 299 614 494
14 759 860 543 274 796 607 123 623 10 881 576 763 693 362
7 679 743 332 90 163 384 647
13 38 545 771 814 368 143 498 466 781 524 517 479 724
12 534 250 3 11 17 188 447 472 695 480 416 670
11 349 296 267 603 358 176 469 539 445 857 144
10 409 333 894 349 231 443 134 892 177 648
10 832 425 256 295 542 154 268 604 100 512
9 426 631 740 574 723 543 198 552 183
10 308 757 856 611 637 129 383 481 732 592
9 147 819 135 407 374 707 386 601 776
9 52 399 424 249 706 618 427 306 357
11 314 229 510 142 791 542 13 522 818 110 429
11 847 57 633 578 330 447 40 437 519 776 110
12 871 586 50 200 192 37 107 658 654 267 270 880
7 788 385 731 843 600 686 298
10 736 679 480 124 174 721 892 635 377 571
8 643 733 262 797 15 260 393 448
8 492 826 215 857 870 750 820 829
10 79 761 373 846 618 311 30 163 892 97
14 491 196 441 802 626 250 260 26 877 540 193 786 600 54
8 374 477 352 8 865 233 169 820
15 824 230 659 298 329 219 667 591 81 184 635 205 132 512 696
10 40 447 631 364 877 201 308 512 812 823
7 826 240 241 11 109 117 137
9 631 11 885 726 697 119 686 545 381
18 839 716 304 591 715 127 54 183 552 749 874 387 101 773 167 363 359 510
9 144 264 212 894 493 816 4 113 567
12 510 233 707 177 810 655 313 134 879 146 533 368
10 344 431 232 882 812 858 655 428 761 789
11 461 24 417 54 57 766 578 115 131 384 508
15 5 217 352 125 75 81 742 309 389 645 499 673 595 835 450
9 404 493 290 42 165 874 296 239 106
9 35 274 183 709 408 458 770 546 43
7 211 365 223 545 556 137 751
13 488 764 394 815 802 412 370 343 150 245 458 376 294
11 448 786 579 845 306 29 426 107 267 186 219
11 111 663 645 555 567 271 218 749 625 766 391
12 519 476 28 740 190 702 837 317 54 110 138 238
11 613 12 344 299 378 369 840 639 405 593 43
13 359 119 6 782 444 276 411 842 595 864 246 140 868
17 433 838 562 534 317 748 56 592 220 99 158 60 855 335 755 881 132
10 529 56 119 205 300 273 702 26 152 125
14 588 281 796 662 93 830 140 345 47 254 845 321 245 734
7 799 658 564 885 839 15 143
10 174 172 801 589 536 819 200 436 382 788
7 591 806 762 292 685 583 649
7 886 154 557 722 74 37 187
10 875 551 611 247 375 90 755 97 279 3
7 630 93 30 8 453 474 165
8 24 26 342 635 820 80 349 181
8 670 60 41 617 795 544 358 564
9 713 613 110 529 185 6 807 817 390
8 15 144 820 30 601 778 358 64
15 806 178 549 214 217 698 300 42 456 896 816 702 812 397 123
16 694 859 391 818 34 275 554 591 588 743 81 121 255 94 511 245
11 160 262 832 582 437 719 841 60 39 392 201
11 328 562 322 125 379 587 894 1 840 111 21
8 214 263 511 9 739 663 257 383
8 881 842 638 687 598 429 462 445
9 112 859 127 290 496 8 455 299 151
9 361 83 708 362 280 29 125 829 698
19 220 674 438 816 113 535 412 605 214 225 417 253 90 420 47 331 777 772 801
15 808 178 633 847 693 60 731 492 364 387 419 307 753 734 732
8 768 267 863 356 381 582 466 586
8 418 563 567 391 20 692 12 216
12 285 658 1 108 859 879 822 568 874 627 434 316
10 103 507 822 648 654 838 705 249 185 140
9 893 773 881 351 880 173 858 64 276
7 678 816 228 821 121 765 43
7 464 371 300 182 571 347 172
8 851 891 302 460 889 452 414 548
13 396 526 738 332 632 872 577 864 831 565 59 362 241
18 165 44 681 334 673 277 694 485 598 813 173 765 667 185 527 575 106 864
11 645 698 235 352 191 686 392 86 422 332 222
9 26 18 687 555 128 110 398 219 804
8 619 248 39 656 293 604 397 606
9 443 673 85 592 117 220 249 848 255
16 675 838 48 706 122 101 626 608 611 299 641 104 876 188 198 564
10 24 759 503 754 62 67 785 585 316 237
9 339 893 831 414 489 386 220 839 867
8 696 758 837 583 579 10 765 801
7 834 464 677 554 477 866 142
8 701 860 47 853 524 445 392 647
7 211 9 463 358 333 132 854
12 128 417 99 796 155 589 306 136 294 183 577 287
11 571 288 160 784 347 852 249 763 36 420 425
8 876 362 83 403 662 735 534 378
8 390 90 204 793 737 565 274 601
7 320 773 843 74 611 218 425
12 449 461 234 556 891 852 841 767 433 676 355 564
9 392 717 697 765 340 544 416 664 293
7 619 669 195 692 220 895 667
9 4 597 33 268 892 163 193 143 749
8 90 569 561 256 814 469 764 227
9 625 36 612 815 584 160 166 349 131
7 623 892 97 573 35 695 537
9 607 877 667 10 143 223 722 492 875
12 867 22 219 694 399 213 242 336 88 762 629 176
12 738 608 475 821 30 127 758 581 146 429 302 453
12 697 43 301 465 516 402 287 81 307 308 416 24
7 60 203 270 847 456 254 664
13 480 158 290 11 863 686 429 495 852 344 127 407 548
11 209 276 18 277 157 341 429 50 61 861 40
11 141 120 504 468 270 465 151 373 765 849 459
9 382 325 235 653 237 440 661 500 550
14 122 105 265 552 864 45 474 272 251 24 209 737 718 230
10 196 820 18 316 319 733 779 653 55 346
8 852 16 735 453 36 612 816 847
12 889 439 597 830 106 485 677 496 221 567 564 42
11 358 473 398 369 509 636 862 361 250 69 669
7 69 652 267 745 776 254 367
9 250 41 892 473 272 439 371 639 852
13 687 704 532 884 343 194 283 13 607 472 537 328 627
12 447 811 17 746 438 892 590 592 790 435 620 288
9 738 394 499 649 110 522 826 278 9
10 107 683 596 850 93 720 649 154 572 120
10 690 554 272 673 80 216 202 291 54 534
11 336 705 105 403 558 704 243 215 741 98 629
11 553 670 350 247 375 520 752 181 533 476 207
10 782 845 646 881 347 290 502 296 40 478
13 812 708 523 208 19 312 695 851 359 275 59 322 887
11 211 589 607 132 763 521 296 17 581 549 706
9 200 375 499 859 352 459 107 617 397
9 801 354 244 613 436 41 317 223 100
10 584 481 509 884 143 771 807 877 368 836
9 238 34 36 695 209 529 390 510 228
9 444 691 861 698 398 29 619 577 202
7 123 754 28 488 85 471 441
14 312 196 398 536 396 384 313 744 301 575 278 466 28 551
7 624 129 295 597 106 732 185
10 825 787 779 439 495 401 645 153 617 610
12 620 651 99 77 412 118 307 84 121 776 882 765
13 635 668 726 96 259 549 793 356 193 666 819 673 498
10 60 886 678 127 211 552 629 154 314 205
15 881 270 294 788 852 467 720 584 231 264 858 6 696 78 140
12 198 421 762 845 637 117 271 491 507 786 31 583
15 899 222 15 715 321 201 17 123 669 239 136 619 295 665 261
12 260 131 396 416 227 123 140 263 384 563 11 252
8 558 187 719 109 121 30 358 486
12 54 313 896 248 241 866 204 133 794 577 349 460
16 60 678 517 337 658 561 193 585 242 506 835 596 276 785 805 440
14 493 722 304 378 437 625 256 166 648 398 134 585 30 277
17 119 391 113 424 826 872 712 352 397 803 702 569 153 250 722 31 473
10 704 135 848 532 51 746 87 478 633 869
13 807 184 493 588 844 896 752 330 773 897 214 642 103
9 349 99 742 531 570 820 680 206 815
10 777 135 73 674 696 296 588 723 758 689
11 674 250 229 442 558 436 608 711 617 868 125
8 333 756 836 119 170 466 785 194
12 242 687 5 793 856 540 729 434 587 715 884 658
11 237 187 749 297 804 372 443 296 304 338 194
16 439 667 332 294 228 238 444 854 664 83 848 359 241 89 171 122
18 120 485 212 144 812 358 570 703 695 648 66 744 342 508 127 81 74 400
11 854 464 331 557 529 643 630 670 430 714 554
8 539 500 789 381 706 52 12 437
13 72 58 766 89 585 795 395 91 341 92 880 170 708
12 9 41 415 520 540 882 843 80 460 113 501 399
7 137 770 222 361 722 505 553
9 720 569 881 86 266 812 897 192 66
13 579 128 585 59 627 826 666 464 278 38 857 409 674
10 165 446 604 692 105 478 343 657 254 735
7 595 522 301 741 484 710 370
8 646 405 856 819 720 511 271 251
15 568 529 579 861 315 559 649 441 236 366 502 73 321 408 762
9 409 150 748 523 108 402 393 459 532
10 756 419 111 789 674 797 356 167 296 547
9 856 434 727 11 747 316 742 751 709
10 57 673 657 398 505 393 660 175 109 183
12 320 475 353 225 14 26 151 467 873 810 60 246
11 585 680 191 788 560 824 768 733 648 798 21
13 444 773 302 299 143 840 106 836 157 817 459 466 658
11 470 719 431 232 500 432 821 12 633 614 458
11 374 856 842 100 451 777 439 175 838 27 664
10 410 116 265 240 229 137 414 413 752 652
10 710 522 524 301 653 146 142 138 178 594
8 563 295 206 260 47 323 617 126
9 476 555 246 395 83 730 621 810 114
8 885 336 513 691 247 742 517 749
22 145 883 53 801 665 837 229 488 573 326 218 522 640 344 657 111 294 582 504 506 766 685
13 516 15 229 486 573 451 590 362 288 628 730 169 503
11 189 856 861 427 68 146 705 733 66 126 42
15 571 557 4 299 367 41 718 720 124 778 233 361 691 886 602
12 235 739 155 69 881 792 296 476 350 322 298 55
13 836 678 690 164 122 448 668 846 881 752 111 214 55
12 731 499 239 665 537 127 590 109 514 221 4 632
13 394 483 56 842 102 601 847 685 221 778 497 297 516
11 423 584 70 516 197 235 215 818 630 841 800
16 812 266 467 798 67 25 63 843 20 354 385 290 741 789 108 406
12 353 14 786 651 36 58 575 855 383 752 275 336
11 218 188 359 856 60 741 278 299 711 194 565
11 817 841 475 896 33 321 365 15 723 446 129
9 210 213 373 235 311 415 712 688 572
13 248 142 413 393 780 253 530 773 549 635 502 339 401
10 127 645 277 188 617 17 506 561 493 567
10 717 660 11 657 470 889 713 617 272 632
14 524 244 224 483 659 750 56 315 667 581 333 414 777 714
13 256 463 700 297 823 488 649 139 329 284 113 91 419
13 561 211 502 519 447 65 103 129 410 717 658 520 165
7 645 199 792 760 148 692 473
13 642 758 63 219 609 114 699 69 647 735 436 514 389
12 285 478 669 51 858 612 184 816 108 622 834 235
10 44 28 576 746 884 122 327 175 799 745
9 490 164 761 69 492 427 502 17 697
9 341 888 449 351 302 400 543 495 705
8 543 182 697 551 559 879 650 897
9 594 793 892 212 280 699 854 357 234
15 7 368 211 487 563 107 6 572 131 251 376 340 457 84 254
8 352 330 807 563 307 187 145 68
8 280 789 570 794 63 228 550 397
8 439 787 346 324 187 186 23 814
12 645 418 717 549 672 368 530 879 363 854 176 790
14 75 417 782 489 867 775 615 205 95 881 360 151 579 309
9 549 638 317 726 766 369 463 100 342
7 387 437 622 568 605 268 805
12 236 731 457 541 356 584 841 316 85 63 862 644
11 360 274 605 58 714 821 133 783 708 482 819
11 295 893 787 399 836 343 580 437 462 817 628
14 428 884 205 267 742 519 66 425 385 825 695 119 703 196
11 117 662 144 842 40 359 737 636 81 808 392
10 611 873 807 56 188 488 277 436 586 741
10 661 116 758 411 651 96 82 414 58 510
19 391 258 452 476 648 103 139 845 255 557 392 211 85 55 66 499 656 372 498
11 519 735 370 482 418 881 220 497 467 477 390
13 686 155 346 352 783 407 464 604 671 281 128 356 618
10 204 20 193 865 608 180 661 516 593 448
12 149 842 600 106 24 284 320 899 510 51 378 542
7 591 489 356 169 359 225 538
12 372 12 674 464 771 113 548 11 759 816 5 792
9 36 392 232 340 542 882 38 528 66
9 331 113 66 335 264 660 434 843 800
11 811 405 87 767 893 859 759 549 358 343 566
12 725 323 612 278 784 81 565 166 762 617 206 294
12 478 61 531 897 546 106 162 18 294 895 208 391
12 133 633 131 61 640 356 764 811 81 258 291 341
7 84 511 231 556 397 99 385
12 837 299 791 653 850 827 873 832 633 451 495 68
9 313 825 442 775 384 813 802 79 854
8 193 377 505 644 785 847 123 630
8 624 363 349 549 351 318 149 693
14 417 381 609 348 287 509 347 345 752 21 832 86 42 802
11 890 214 470 91 189 865 292 301 715 234 78
8 100 399 105 445 272 683 243 205
8 623 775 682 760 581 245 628 160
7 486 241 755 732 897 217 741
12 294 524 501 442 871 108 872 116 31 457 727 549
7 299 890 496 572 17 335 654
8 47 275 675 147 705 852 605 879
15 164 147 266 366 264 591 248 21 491 567 765 524 638 197 867
7 713 370 56 202 773 862 661
10 769 147 187 637 375 826 150 742 427 517
14 730 518 502 547 546 146 832 390 31 88 807 149 212 131
10 701 226 423 98 138 893 712 300 732 898
10 694 489 234 561 894 582 222 689 462 216
8 47 615 656 428 626 357 591 887
15 750 532 281 391 278 591 49 222 111 872 604 783 735 592 164
12 371 736 516 683 805 793 97 195 279 89 644 546
8 164 441 204 887 455 824 125 894
18 889 151 131 580 138 604 850 228 137 432 288 836 718 361 202 280 818 651
9 317 654 847 857 27 486 778 815 458
12 196 71 410 883 316 501 486 712 402 747 703 291
9 758 624 370 425 379 830 768 817 84
10 751 522 828 593 7 48 348 93 173 439
15 889 233 339 403 874 192 616 838 581 26 195 261 817 153 165
10 488 577 139 372 761 246 493 24 870 128
10 75 216 478 319 709 571 397 661 503 879
12 316 704 746 263 293 602 300 112 179 133 181 605
11 746 16 305 204 68 449 116 341 50 848 735
9 28 101 739 316 596 774 814 652 895
9 421 120 861 604 346 216 561 535 214
18 292 208 417 437 566 171 83 679 288 339 723 666 205 251 38 576 514 769
12 288 670 451 641 126 549 624 140 663 251 826 749
14 596 558 701 155 307 849 661 379 663 362 696 744 16 77
10 125 692 105 76 568 637 457 719 311 51
12 870 854 319 547 436 809 764 36 147 15 675 185
15 304 39 500 417 872 368 570 868 102 834 35 790 67 723 343
10 508 526 393 716 410 748 565 45 737 311
9 6 783 819 812 347 504 128 508 854
11 598 632 856 567 208 728 202 413 383 122 6
14 801 747 377 224 35 525 765 457 611 357 683 78 586 113
8 123 392 160 650 472 436 723 794
7 260 777 562 191 176 40 44
9 889 98 689 300 459 275 78 831 191
11 837 100 518 151 69 348 520 355 408 897 553
13 878 314 312 454 804 31 687 380 25 599 324 725 495
14 780 832 332 229 119 612 208 684 735 322 32 309 390 788
8 80 36 561 750 423 884 346 49
12 238 339 42 313 798 606 121 136 106 215 407 37
14 818 238 199 740 252 203 542 773 352 512 417 288 330 68
13 484 153 854 278 464 387 479 97 633 397 681 287 150
12 1 800 612 731 319 115 621 825 476 46 759 103
15 835 539 319 577 634 649 472 373 883 30 124 173 654 78 863
7 303 366 477 166 315 789 756
11 113 218 557 231 685 525 98 305 178 399 370
15 2 560 278 744 91 324 500 893 499 293 21 193 837 713 179
14 628 192 347 851 561 556 179 210 552 198 494 791 449 459
12 377 890 661 249 482 70 196 45 509 25 164 415
12 235 779 637 532 436 216 219 243 279 625 21 128
11 39 106 804 352 697 117 472 268 559 294 120
8 787 370 727 139 657 497 229 237
15 162 327 556 159 654 777 383 283 826 628 719 248 329 317 768
10 6 523 894 873 64 845 451 580 449 663
12 362 633 764 522 669 354 586 558 576 228 282 717
12 564 332 44 749 229 576 394 259 788 225 718 787
11 755 3 750 566 727 148 665 831 176 194 873
7 151 100 199 472 502 71 163
10 634 384 174 529 438 400 256 214 170 741
8 299 803 515 618 538 409 286 38
15 744 410 487 551 37 245 622 573 394 144 106 42 233 796 223
9 878 729 255 76 520 780 809 558 561
13 293 390 72 302 304 240 183 852 704 135 391 768 626
8 272 826 550 31 564 180 156 458
12 133 17 656 719 235 882 805 721 243 147 845 853
10 703 183 190 157 440 60 707 527 311 613
8 511 801 23 655 319 466 416 763
11 134 592 255 586 532 645 399 632 314 509 591
9 413 589 132 799 172 242 361 762 876
9 640 750 392 374 272 872 858 824 517
8 3 651 123 799 760 139 132 689
12 793 410 105 736 375 283 111 385 141 362 12 68
7 585 387 750 260 679 75 688
14 718 536 2 889 85 107 188 779 893 555 469 186 91 36
10 447 240 845 547 703 478 382 101 225 426
10 802 790 742 768 206 735 721 493 182 778
8 92 706 200 886 559 376 93 781
11 133 190 570 513 548 71 185 26 110 285 585
8 189 459 89 744 891 212 712 698
11 671 622 724 812 65 215 123 689 792 31 592
7 817 239 226 881 307 363 821
17 860 626 402 40 598 846 21 528 827 70 752 132 538 579 494 9 450
8 723 403 307 251 100 652 349 712
13 494 531 332 372 587 441 826 708 262 735 392 339 56
12 845 169 735 746 633 503 106 614 345 769 829 356
15 296 131 790 447 252 795 681 712 176 289 437 347 53 117 882
12 117 46 91 422 855 651 750 322 50 361 864 393
9 726 386 799 665 24 47 862 52 626
14 357 9 853 788 668 388 812 446 663 126 885 327 121 584
7 201 285 811 220 471 621 464
15 731 890 561 240 380 870 854 283 882 347 856 745 354 35 136
11 444 870 436 12 505 220 161 358 406 723 592
10 870 580 115 341 894 793 466 697 540 242
8 181 178 52 722 336 269 38 339
8 380 605 158 286 490 391 385 792
10 426 176 686 14 767 674 93 182 227 282
20 612 618 343 140 246 20 171 65 358 748 556 304 6 206 326 411 483 859 195 109
11 480 132 546 520 519 303 258 808 777 482 674
16 597 570 707 297 342 530 397 411 635 54 528 324 393 129 576 566
11 622 889 800 232 406 577 838 233 241 791 124
11 546 836 289 272 883 844 504 668 529 541 86
16 897 83 25 213 369 233 613 701 664 360 44 580 811 564 521 70
9 430 146 900 496 453 277 270 856 645
13 5 661 537 521 788 225 501 172 544 405 896 680 182
9 373 5 30 122 737 256 107 764 42
12 644 7 239 763 299 484 84 340 336 150 168 724
10 581 446 481 753 420 301 658 765 344 383
7 324 848 690 326 489 500 880
8 807 476 826 227 472 10 399 186
9 757 520 451 680 7 626 356 510 559
13 113 819 510 40 715 463 863 576 335 209 447 824 433
7 450 854 431 362 363 230 702
10 401 125 618 764 291 750 579 640 387 620
7 535 352 470 158 528 490 856
11 67 163 150 199 387 465 579 871 26 680 113
9 33 313 213 5 81 409 713 389 443
12 144 275 792 757 504 596 205 606 85 75 255 55
7 731 581 70 812 502 5 871
11 812 410 418 430 75 357 72 111 411 540 856
12 672 816 632 619 734 831 341 477 256 688 37 552
10 449 109 281 297 713 518 834 416 712 433
9 472 335 180 18 37 445 509 464 490
9 691 574 175 801 285 818 527 420 460
10 535 821 275 238 848 487 726 555 668 66
7 237 746 622 549 399 316 629
10 149 286 737 623 788 658 9 110 560 73
8 760 92 302 715 365 865 860 810
15 312 493 422 856 12 582 318 130 812 224 246 617 82 93 328
12 882 456 671 362 197 305 46 3 830 372 662 782
9 510 82 725 14 616 79 433 614 892
10 186 130 187 271 237 381 472 295 63 246
7 821 523 74 590 424 346 276
11 53 372 647 417 300 67 90 310 842 361 716
10 541 728 696 888 853 301 442 613 824 291
8 80 596 700 211 170 688 264 495
14 125 22 740 93 49 507 202 558 737 773 451 731 427 710
11 565 441 259 515 219 461 422 659 523 107 848
13 767 88 288 383 831 685 553 339 602 714 10 490 764
11 439 681 601 324 465 164 832 28 476 710 870
8 698 388 183 618 780 249 236 446
17 780 862 667 536 900 96 85 281 84 264 668 45 735 331 762 700 100
16 510 845 889 660 822 857 59 260 138 4 497 132 285 731 142 94
7 502 35 386 82 532 550 310
7 389 110 816 863 210 768 285
8 839 358 100 491 611 807 299 393
10 139 406 114 351 882 97 605 785 654 867
11 257 721 623 579 802 43 175 379 267 868 28
15 682 786 861 128 535 551 610 197 818 871 742 19 215 501 288
10 806 106 77 234 349 786 745 401 679 506
18 793 153 831 54 681 179 43 188 598 662 267 808 32 465 186 531 686 499
18 690 340 62 819 548 681 552 228 714 896 798 412 474 532 230 184 825 151
9 288 791 304 359 57 858 248 292 759
10 751 421 121 629 469 694 640 531 404 844
13 517 175 722 268 424 27 705 30 397 63 516 625 83
13 108 486 438 264 426 350 330 880 634 689 236 97 422
9 200 193 700 520 189 828 213 782 566
14 873 898 595 209 302 701 32 253 176 710 352 403 874 84
7 433 418 409 52 260 807 628
12 369 288 183 597 564 429 599 781 320 87 274 855
12 115 723 198 207 537 170 762 648 477 177 714 148
9 887 563 881 346 599 485 516 844 492
10 812 697 349 447 190 83 464 307 856 140
12 185 460 614 230 416 420 625 863 701 349 56 835
11 387 384 781 107 715 159 23 518 460 50 286
11 356 412 200 85 555 287 777 7 795 227 209
13 83 538 435 287 779 207 203 847 583 119 488 785 378
14 427 639 597 418 54 186 110 802 117 101 657 13 506 809
9 834 171 567 452 352 153 260 137 101
11 310 429 612 405 181 380 800 890 622 13 213
10 103 301 728 824 282 367 206 753 806 135
11 396 113 443 370 250 799 779 221 193 774 419
12 360 883 26 436 289 149 150 210 405 798 39 858
9 525 146 872 436 19 331 163 826 712
8 463 294 60 431 830 777 531 64
13 900 228 191 615 656 435 377 185 693 192 181 783 516
16 617 824 561 297 337 192 710 126 115 262 135 579 155 193 764 737
10 606 406 655 502 491 816 708 603 681 364
7 156 217 634 856 48 340 526
14 27 699 500 532 98 595 123 55 265 213 152 838 587 855
15 188 271 445 326 714 832 501 584 121 743 559 490 546 648 587
9 138 850 319 652 871 686 42 345 227
12 531 137 423 131 403 334 806 5 375 192 133 264
13 734 891 48 301 532 739 882 658 381 378 291 886 150
11 29 32 179 232 891 555 82 345 326 765 777
10 524 399 465 721 502 878 538 244 769 104
7 80 106 10 452 654 854 77
9 443 593 824 51 882 221 287 204 456
10 257 108 22 845 860 625 847 55 103 400
10 218 187 826 684 190 74 122 297 528 682
10 481 102 118 167 668 772 425 749 90 226
13 162 279 716 342 234 264 476 320 789 583 710 434 24
11 158 19 193 132 133 336 404 258 718 898 242
8 854 683 872 451 429 183 541 281
9 555 176 862 251 765 153 248 889 433
9 138 806 884 592 342 527 253 695 1
7 808 835 746 41 156 482 631
10 701 304 653 555 470 510 323 195 228 774
12 151 314 343 36 289 254 557 642 73 696 760 755
15 758 255 51 128 697 188 147 317 523 896 67 266 414 229 802
12 560 480 80 732 249 895 478 74 347 445 884 263
14 189 710 109 424 803 366 16 10 512 55 83 582 543 71
15 372 778 514 126 457 544 276 285 270 516 366 483 267 728 602
19 169 282 134 287 670 189 515 748 33 259 579 499 220 84 157 807 386 302 775
10 50 275 479 803 263 882 131 854 422 841
11 34 592 839 100 476 727 581 272 271 440 409
13 200 718 142 87 413 392 877 502 713 643 722 74 387
14 517 722 873 729 773 727 277 649 761 276 398 662 598 344
7 508 377 718 208 295 578 19
12 668 718 174 24 518 446 522 689 900 57 79 388
7 175 542 322 411 417 434 763
8 223 516 572 332 459 885 618 133
9 77 381 726 814 817 166 711 324 413
7 578 889 321 173 324 727 596
13 325 754 447 618 199 289 639 463 245 487 607 859 384
15 773 193 324 250 269 646 496 613 104 575 554 227 527 480 176
16 387 363 317 874 826 512 91 14 496 33 867 494 66 443 266 611
11 469 355 288 839 659 39 636 834 133 838 492
7 118 259 110 20 715 820 519
11 692 329 173 739 749 145 538 202 308 151 812
9 299 879 121 534 28 230 622 470 721
8 165 613 98 334 285 196 188 695
7 882 87 866 384 451 701 101
8 357 24 294 834 207 523 384 363
9 238 676 219 482 518 52 262 609 674
7 838 889 195 303 887 141 275
9 529 516 205 757 117 606 892 477 325
10 599 403 679 89 702 104 116 890 237 443
13 391 425 404 275 95 889 165 199 289 145 375 415 823
17 192 93 283 459 714 394 671 273 224 860 336 726 436 586 306 601 220
10 548 114 816 379 541 179 14 785 724 367
9 878 438 457 749 18 449 895 631 155
8 625 839 486 730 643 52 456 341
18 768 671 282 419 426 116 623 615 688 651 163 92 806 463 650 385 389 755
7 189 116 362 546 252 855 583
10 675 103 596 712 32 339 721 654 483 641
12 394 665 590 56 241 821 572 214 583 363 705 469
13 409 714 492 205 15 547 619 7 435 682 522 402 461
8 412 535 530 33 272 522 141 592
8 514 205 285 823 20 651 710 213
12 577 757 159 744 890 641 137 515 157 289 755 202
10 483 725 581 622 88 893 139 434 707 81
18 648 766 411 136 75 341 440 129 340 663 839 111 420 737 116 154 501 457
9 213 406 301 802 204 680 771 6 1
13 248 754 653 108 759 481 213 234 500 417 28 780 883
11 522 835 144 192 785 851 738 221 317 35 318
9 197 828 185 599 668 455 620 858 874
10 85 794 112 370 455 283 162 421 446 643
9 334 84 684 855 214 361 172 836 245
11 426 72 758 504 441 822 625 708 364 894 640
9 349 239 352 393 476 670 809 610 882
8 378 116 831 318 594 528 122 741
13 741 640 394 499 408 290 198 534 846 847 585 649 606
9 725 384 525 848 106 516 821 800 598
8 648 192 488 281 596 524 96 185
7 894 718 610 547 886 844 521
7 398 806 852 601 600 7 312
8 866 534 184 536 453 272 84 541
13 665 620 464 225 639 401 600 360 43 310 424 24 739
11 530 169 158 124 338 401 718 113 846 94 218
10 438 673 107 128 715 583 886 58 86 377
8 458 421 391 256 226 619 704 405
10 488 274 154 884 293 794 98 622 803 639
9 424 387 318 489 86 682 223 5 672
10 839 211 361 305 506 857 122 824 196 61
13 17 673 742 700 107 788 14 155 476 424 588 657 310
18 301 374 217 256 159 170 283 291 215 465 234 738 399 263 121 647 819 57
13 19 380 740 193 299 211 670 118 187 416 179 229 220
11 447 429 268 627 182 310 501 116 896 886 127
11 778 130 838 274 451 730 415 87 315 621 17
13 354 630 807 745 543 647 305 323 676 59 218 615 578
9 217 727 303 337 185 22 608 883 253
15 656 899 403 124 423 347 281 854 900 210 602 137 726 896 297
8 398 183 17 399 731 611 105 851
16 831 221 572 785 806 466 218 784 67 843 642 522 709 818 300 519
9 471 536 416 822 721 879 625 771 481
7 102 699 498 628 823 161 557
8 811 494 142 751 770 366 299 47
14 651 274 1 263 8 741 147 442 423 382 305 89 327 539
7 238 479 72 127 485 818 852
8 870 155 34 446 650 609 8 501
12 49 285 555 103 832 180 699 352 142 161 733 520
10 655 128 224 443 420 731 400 86 419 736
8 571 163 312 380 567 228 85 265
13 817 871 727 127 42 657 462 25 197 199 636 106 87
10 355 357 131 56 478 645 377 495 874 759
9 323 172 878 891 89 728 684 66 565
11 574 395 698 53 721 390 256 306 289 481 91
8 100 154 384 602 824 707 702 277
10 466 237 204 458 87 223 347 692 111 589
9 382 565 789 460 53 417 893 40 326
10 390 440 392 758 389 536 308 690 160 575
9 58 530 723 625 399 147 875 575 188
11 641 550 835 154 351 334 717 894 691 193 716
8 670 745 4 879 854 838 189 348
16 154 747 323 131 718 686 172 466 279 298 727 91 139 509 822 329
8 819 713 536 185 787 322 891 305
15 773 53 483 550 429 218 458 5 220 817 897 287 839 417 604
10 311 11 81 587 440 711 522 206 135 680
9 289 7 463 496 376 610 885 697 565
12 482 87 193 136 553 748 411 425 403 667 816 162
8 636 225 471 22 845 169 43 363
9 236 877 404 158 831 544 868 410 662
8 254 523 11 1 414 32 516 436
11 31 72 875 292 323 702 675 386 255 552 753
13 272 49 377 176 30 794 333 381 213 51 740 789 341
8 676 720 426 685 785 393 560 260
7 807 623 292 639 411 383 230
16 590 604 166 669 879 304 272 388 664 880 773 783 284 859 842 851
16 423 864 95 657 568 734 300 204 352 759 286 393 654 119 715 552
9 304 564 619 329 261 61 504 750 67
9 753 848 471 472 67 660 530 587 624
8 741 171 846 796 785 414 708 537
13 849 249 549 805 857 66 692 199 157 174 832 251 19
11 745 282 853 128 890 718 497 379 187 491 356
7 51 398 58 283 651 295 243
8 809 696 20 114 645 867 419 831
10 168 118 632 416 440 880 509 731 52 276
7 320 816 517 218 599 273 619
7 468 259 643 154 113 788 104
10 462 204 4 486 230 11 788 874 509 348
12 512 324 358 507 343 56 771 621 80 644 679 578
11 753 827 56 232 250 337 839 223 859 892 595
11 229 704 673 370 460 371 723 378 45 701 769
14 101 315 819 600 447 420 836 106 694 153 727 504 133 416
9 297 755 647 131 566 434 294 94 525
9 505 858 283 82 544 556 195 786 489
7 322 192 602 891 69 47 291
7 775 669 732 130 563 757 234
11 650 337 370 435 136 603 761 605 66 406 269
13 184 274 859 595 445 35 841 29 25 17 854 398 391
8 188 457 61 786 132 255 612 750
7 291 606 552 444 416 325 73
14 708 493 310 669 648 51 713 659 609 812 340 573 687 62
13 421 328 555 281 605 190 251 822 269 15 391 467 389
11 159 163 109 436 658 316 503 370 661 34 724
11 45 136 834 889 142 334 444 119 393 565 633
9 133 456 794 286 892 414 110 323 472
11 607 501 26 168 362 767 155 390 426 451 117
10 506 504 854 350 97 228 14 181 800 494
8 499 879 729 774 187 431 413 140
12 762 589 336 627 588 298 684 63 796 19 211 809
8 191 139 668 109 342 44 694 318
16 447 824 71 524 706 497 379 97 295 579 31 376 599 740 578 532
10 709 681 471 519 243 321 350 215 441 319
7 612 194 560 151 307 141 328
12 179 681 67 843 437 770 899 494 140 64 818 885
9 259 543 395 681 735 133 604 624 335
8 246 751 290 122 55 539 71 256
14 212 130 639 94 284 393 631 374 363 662 444 875 588 135
8 230 144 199 847 785 232 461 489
8 882 468 697 371 850 217 516 605
10 354 153 412 621 351 468 139 280 261 289
16 223 415 166 42 172 723 432 576 269 815 596 298 611 333 739 227
9 737 68 191 589 776 114 254 380 232
11 827 723 828 459 190 469 1 715 435 454 622
10 103 835 395 817 773 206 728 65 608 591
14 865 262 396 514 598 693 424 779 539 524 42 668 592 894
19 888 299 610 265 249 176 819 236 533 813 892 326 194 664 651 348 900 145 814
14 777 267 864 827 293 587 85 483 45 619 224 314 148 470
9 102 426 110 506 223 523 466 35 21
11 81 226 131 398 16 829 565 674 859 496 78
12 271 412 34 874 432 188 247 38 795 82 850 568
12 893 100 578 184 331 798 216 60 496 673 544 662
9 624 266 333 121 561 439 802 432 512
10 782 148 759 861 794 165 345 443 250 610
8 502 281 421 17 107 166 663 273
9 460 853 772 22 138 167 85 561 206
14 117 288 89 487 52 701 118 242 4 51 683 513 333 157
10 632 824 381 220 366 692 533 379 770 195
17 191 811 239 224 583 346 298 655 778 564 837 723 65 44 610 141 860
11 74 792 51 469 349 83 704 39 566 528 71
10 403 84 544 233 846 675 762 778 593 113
16 163 226 705 744 58 664 697 433 499 474 440 540 411 701 830 873
10 158 765 717 492 686 99 294 215 129 20
16 281 300 79 633 490 222 848 530 18 294 256 428 526 701 177 352
10 834 597 244 565 646 749 583 561 264 411
9 245 93 416 438 739 392 485 209 450
11 39 111 324 561 241 687 78 427 114 663 793
12 565 237 650 308 265 430 592 325 707 79 506 141
13 189 409 295 486 288 632 802 540 690 502 450 485 533
9 97 827 795 288 262 657 629 282 284
10 577 544 819 874 449 184 203 72 891 684
13 541 672 300 674 449 241 675 809 605 147 234 303 642
14 300 249 62 680 284 8 887 571 900 504 884 802 109 743
7 350 200 489 264 381 887 465
16 839 723 225 890 48 407 701 834 150 868 11 90 423 492 547 205
8 628 415 703 779 750 839 89 316
14 604 243 70 474 607 45 860 305 25 71 486 446 195 632
11 339 831 253 65 565 191 798 313 871 438 856
9 19 62 284 23 853 16 347 559 772
10 399 646 274 488 299 726 763 394 609 825
8 309 522 302 180 572 531 445 71
8 370 265 146 583 400 89 687 613
14 284 287 166 183 164 693 845 617 684 566 103 262 21 27
10 289 33 789 106 263 480 125 414 732 329
9 532 635 78 378 717 466 128 64 776
7 166 893 272 320 538 612 765
13 746 763 263 613 357 199 204 206 744 570 597 124 833
11 209 529 349 26 481 31 545 458 237 245 84
9 604 874 708 591 784 775 772 365 362
13 487 342 429 404 651 151 155 552 882 146 2 361 176
15 868 723 831 343 241 637 533 649 704 560 731 152 837 736 681
9 561 474 665 374 293 172 120 106 40
9 643 237 580 299 727 519 88 113 563
17 21 838 776 245 527 89 145 278 191 33 75 48 51 493 767 656 520
15 851 657 900 384 509 686 578 393 136 162 45 356 668 408 443
9 41 606 763 372 605 476 737 141 679
11 648 348 686 565 455 270 347 501 164 295 637
8 28 480 604 658 829 27 246 34
10 234 304 148 284 660 142 892 15 268 874
11 264 833 405 219 688 836 224 753 773 184 369
8 784 385 474 898 237 152 567 546
8 76 769 886 505 837 702 379 244
13 782 889 3 205 516 265 418 472 153 69 37 360 818
13 662 706 767 844 757 582 380 38 346 511 460 251 201
8 630 653 87 825 196 136 693 260
8 435 792 885 2 555 846 834 346
13 90 19 762 166 77 588 253 32 132 463 217 808 392
11 117 229 679 37 883 188 325 889 594 174 29
10 631 410 278 27 376 480 462 614 51 543
13 93 822 12 277 538 601 294 691 324 40 763 218 339
12 82 431 813 383 742 323 198 848 802 392 195 656
11 490 390 222 607 485 186 192 143 440 180 383
11 870 825 94 409 729 687 272 693 722 72 111
11 113 644 342 29 39 327 668 411 418 788 396
8 867 153 245 14 446 855 220 164
11 775 256 186 641 549 439 507 207 831 720 27
11 172 862 616 480 212 374 605 378 43 694 720
14 124 521 62 289 413 860 79 510 68 4 24 879 374 731
8 158 300 591 118 754 160 537 831
11 830 450 875 161 569 163 248 93 429 601 210
7 256 2 151 137 425 498 546
13 388 302 675 239 430 724 209 112 35 730 493 708 570
7 12 681 639 777 384 711 443
15 284 603 135 259 617 585 887 674 124 459 453 161 872 562 377
10 337 78 291 151 548 193 816 626 68 654
11 872 458 293 598 689 377 303 261 816 764 376
9 68 510 466 24 459 451 309 677 157
12 533 872 540 854 715 299 136 21 286 63 85 259
11 788 777 606 510 638 531 27 631 494 503 750
19 691 203 241 23 231 370 83 460 539 140 291 273 218 474 150 269 552 87 436
9 179 285 322 668 850 469 288 2 863
7 151 782 653 112 694 542 359
11 53 456 665 17 671 764 553 367 70 577 614
7 536 549 76 50 66 124 218
9 289 572 473 719 538 878 427 471 4
17 897 430 205 385 637 144 53 873 451 837 358 789 301 456 876 132 49
11 153 350 4 625 132 145 716 709 279 50 690
14 1 90 356 233 104 856 639 734 750 685 611 819 704 762
13 749 671 237 787 392 194 720 311 123 851 626 848 891
8 778 356 582 766 366 93 267 347
10 76 513 21 595 768 597 543 649 466 806
9 620 470 88 336 679 239 351 504 54
11 384 675 698 288 564 497 398 745 589 672 519
7 280 236 282 18 379 340 630
10 532 4 404 86 475 123 390 152 420 235
8 44 30 97 820 679 831 808 213
8 684 861 713 833 730 164 365 288
13 528 894 62 735 209 611 822 502 198 294 870 465 743
8 778 472 670 862 88 4 588 446
14 104 865 596 499 240 96 309 549 74 759 16 133 650 702
9 788 291 503 739 158 476 562 394 611
7 754 293 122 146 900 821 235
11 656 13 884 608 101 442 364 422 419 632 44
11 55 88 5 512 70 655 867 469 776 334 101
7 240 658 548 684 288 190 227
16 269 739 477 504 730 427 455 202 802 640 182 403 539 854 396 257
7 83 147 675 127 534 121 748
13 754 76 163 722 37 328 709 113 241 724 833 242 11
7 556 393 854 451 691 341 433
11 851 39 357 61 142 453 28 56 636 213 796
14 252 39 277 811 56 190 740 283 385 45 345 451 68 286
10 591 540 498 819 505 67 271 203 509 431
7 513 337 23 819 460 621 220
9 456 692 221 859 466 816 704 853 730
12 649 76 461 227 580 283 787 546 58 697 684 232
8 407 868 443 745 37 721 194 198
9 783 231 673 642 769 886 368 14 540
15 619 862 213 629 170 73 549 655 440 388 484 706 340 11 237
14 302 155 10 297 528 351 103 435 295 280 90 706 655 203
12 601 325 697 894 804 762 163 638 113 459 814 320
13 360 876 796 163 510 95 555 68 21 319 160 413 317
9 365 592 367 891 65 149 220 489 111
8 286 77 556 153 596 144 217 635
13 282 58 307 15 543 816 571 544 135 612 722 465 78
12 38 318 334 586 348 752 434 448 105 736 310 163
12 132 14 866 488 897 386 292 703 513 454 336 184
18 595 582 713 151 693 411 866 651 386 525 190 189 172 88 109 302 252 760
12 362 747 612 248 808 152 273 388 814 784 343 442
10 886 148 344 82 206 309 480 605 439 659
12 817 514 781 670 778 243 693 428 694 368 111 560
16 817 10 106 392 91 871 334 605 626 619 538 729 24 823 643 305
7 178 294 385 396 309 407 694
8 639 265 204 809 429 31 490 834
12 878 65 821 605 239 339 674 356 143 418 73 484
7 832 418 380 546 837 401 453
8 232 483 370 56 302 732 175 856
9 2 78 378 740 599 598 857 769 34
7 170 888 859 17 426 624 330
7 84 511 143 721 804 322 796
11 130 212 775 810 353 591 569 872 572 131 871
9 39 188 623 432 730 543 178 189 533
10 355 15 320 212 666 392 886 522 809 480
7 408 448 574 651 181 232 124
9 84 265 91 741 566 13 835 569 421
12 453 886 576 106 56 28 121 297 202 877 655 745
12 58 145 823 246 757 451 259 759 120 198 868 37
10 73 242 160 293 485 639 101 246 392 513
11 565 743 283 127 438 6 661 647 773 854 522
10 242 540 718 167 343 499 252 505 291 168
11 656 353 736 564 809 17 571 613 360 582 114
11 593 59 343 72 92 279 186 634 195 136 268
8 237 650 705 767 384 167 303 745
18 387 549 99 350 445 407 501 508 361 856 500 792 860 618 481 175 262 168
8 550 714 604 108 180 160 235 891
10 819 659 715 629 419 104 379 422 774 810
10 584 325 602 838 181 93 799 221 764 102
11 678 595 539 765 113 286 211 120 71 391 6
11 781 186 571 286 485 83 627 330 245 513 292
16 350 410 599 66 59 423 697 494 542 860 46 576 159 772 216 745
9 233 309 550 184 306 851 130 656 261
10 38 363 278 851 458 466 813 293 152 773
10 311 352 244 118 448 76 269 39 95 572
7 712 519 242 473 812 878 227
8 166 11 220 713 404 800 74 187
7 420 13 823 35 104 780 560
8 723 879 30 752 538 599 737 276
11 62 424 806 169 851 756 381 648 715 74 801
7 394 862 849 630 734 436 669
7 112 713 705 10 708 584 766
7 139 258 316 453 491 876 660
10 373 230 176 95 391 52 571 83 515 841
9 602 86 72 280 35 532 310 647 648
9 647 143 256 723 719 790 346 199 589
7 172 632 157 204 338 444 354
10 452 351 92 77 356 172 231 492 33 577
12 669 786 170 267 523 768 826 483 788 625 734 308
10 404 172 115 798 311 585 187 425 566 408
11 786 398 10 707 462 302 343 753 720 5 62
10 150 255 206 646 279 582 650 368 575 862
7 448 179 619 164 634 536 100
11 887 318 562 885 630 763 891 144 459 357 260
7 143 140 317 291 240 36 181
7 418 646 52 324 625 394 673
15 471 59 494 113 577 823 750 681 805 529 465 702 707 632 121
13 414 412 803 810 608 812 435 551 131 378 344 650 100
9 633 243 504 756 842 438 439 520 83
8 544 103 669 326 715 506 221 828
13 108 800 751 705 480 153 642 875 390 626 92 764 884
11 68 402 358 45 843 317 603 206 498 638 586
9 449 175 360 452 540 740 133 31 767
12 320 575 397 595 811 731 509 377 502 307 668 191
8 755 760 461 292 810 142 721 132
7 100 783 367 676 13 391 82
13 598 324 693 89 180 330 357 187 805 136 212 431 886
10 326 760 21 814 621 349 383 343 716 115
11 862 384 588 638 346 666 271 691 236 30 649
10 8 591 267 699 448 628 188 607 177 809
7 164 555 794 154 489 208 445
12 627 290 532 794 270 713 717 574 89 791 744 388
10 470 171 300 361 887 531 258 325 891 846
12 322 871 3 112 729 514 50 9 61 832 480 199
7 301 266 698 325 149 886 684
15 297 124 279 217 703 73 228 129 170 570 802 394 280 805 205
7 322 170 598 526 743 40 282
8 772 815 72 300 16 862 408 119
11 266 896 594 121 193 627 740 362 710 534 791
8 663 494 159 73 415 733 267 701
18 744 73 647 565 196 609 14 641 439 4 817 837 528 860 789 898 831 770
7 576 332 149 856 611 820 167
8 880 675 656 125 465 333 232 584
7 689 359 601 131 108 393 825
13 126 185 48 827 888 355 174 610 837 885 604 506 759
16 847 753 183 775 154 443 793 661 273 397 386 193 583 259 279 841
12 52 264 699 255 817 426 747 235 239 869 647 298
9 690 574 220 640 332 872 58 602 609
10 611 787 727 664 93 658 669 239 179 882
9 194 869 280 595 170 108 516 334 463
11 157 245 4 602 870 634 731 52 679 595 717
12 503 173 136 367 782 507 418 366 748 733 156 709
11 892 262 168 868 709 222 425 855 21 316 562
12 433 547 292 348 122 273 816 331 430 428 492 851
9 452 581 470 858 716 543 194 666 244
10 169 744 305 114 229 643 428 84 540 458
7 189 108 362 735 536 435 621
17 530 553 668 405 247 550 459 214 183 204 839 626 595 822 560 650 427
8 53 215 593 816 185 438 539 666
8 129 737 101 298 92 571 396 623
9 27 548 338 497 98 65 12 204 819
7 749 825 889 181 224 365 410
13 848 561 385 344 512 803 525 454 121 589 226 656 160
12 122 90 506 68 833 783 765 551 217 5 82 329
9 224 812 247 804 51 472 692 92 566
13 795 867 547 156 179 435 360 24 236 279 520 357 317
11 802 372 601 678 450 664 597 729 737 413 751
11 485 34 500 293 876 475 146 115 307 299 880
13 703 237 109 447 124 605 304 881 750 47 129 139 234
14 230 867 384 418 150 460 359 360 548 163 869 33 179 48
10 152 276 877 189 733 436 138 613 96 332
14 384 370 684 601 884 777 213 131 233 746 202 491 590 535
13 138 603 96 344 887 493 322 869 24 348 486 379 285
11 164 200 860 844 323 279 201 420 791 422 44
9 94 761 195 446 870 897 143 374 516
7 17 371 92 495 443 386 862
8 663 165 184 67 819 807 780 415
10 411 196 448 232 548 108 872 76 258 495
13 13 351 409 789 372 607 421 275 730 415 625 442 276
9 45 99 751 149 445 235 848 296 61
9 497 163 671 384 705 3 696 327 300
10 625 821 383 569 482 768 511 284 408 470
9 324 769 204 224 676 158 310 511 534
11 209 702 460 889 141 714 277 139 462 341 50
9 829 348 444 196 408 142 168 807 761
11 473 573 607 732 443 841 275 842 201 511 421
12 275 129 729 815 755 814 57 533 258 628 640 582
10 790 48 808 771 605 815 722 88 538 793
10 94 530 679 660 597 891 715 334 220 173
12 831 221 773 863 51 321 159 49 598 874 142 28
11 669 383 744 43 737 786 99 667 535 623 387
12 370 732 324 83 61 23 336 74 802 539 271 25
10 169 524 47 551 899 796 655 562 382 705
9 763 362 652 117 851 170 709 418 770
8 318 168 708 640 45 771 598 285
13 674 794 20 722 32 510 87 764 427 775 208 388 572
12 41 614 666 825 737 708 597 681 430 649 3 232
8 59 869 525 245 319 105 103 678
12 583 838 301 122 560 675 199 812 475 212 461 166
7 635 665 617 803 642 563 423
10 139 68 774 425 418 775 239 3 897 667
15 414 274 199 890 549 35 531 296 524 634 319 81 415 477 798
11 766 97 555 719 56 346 770 393 168 247 811
7 743 186 720 507 590 421 411
9 347 817 866 613 274 90 469 77 858
10 310 185 97 94 194 579 106 734 281 843
9 693 535 769 265 749 34 647 480 486
14 134 480 16 89 582 371 518 744 256 779 549 367 808 735
13 288 116 270 775 444 411 790 5 300 458 871 756 752
11 505 824 755 215 270 23 725 194 626 20 145
7 695 196 357 449 886 225 9
13 500 618 673 4 436 127 450 180 791 807 680 89 21
7 690 467 25 111 641 77 331
11 294 204 210 10 350 429 162 279 148 652 733
7 438 22 223 551 724 82 844
15 10 449 741 848 681 782 299 241 711 492 182 44 179 116 806
10 616 645 460 479 828 833 821 103 613 886
11 777 556 810 748 458 60 406 414 367 2 868
10 749 863 84 431 675 22 259 81 772 455
14 80 92 842 759 619 225 531 567 502 521 141 561 557 44
8 691 709 576 600 467 652 690 561
8 308 359 477 19 481 507 333 406
9 776 367 784 569 638 119 617 328 565
10 794 547 550 745 70 493 533 738 671 326
8 571 674 138 122 726 891 357 717
8 77 83 273 331 320 687 243 558
10 721 665 288 413 835 244 261 416 754 702
9 320 513 879 151 275 104 213 809 687
9 864 632 418 550 730 170 706 713 178
7 532 427 180 269 177 622 167
18 620 776 862 401 317 2 390 449 722 49 835 339 176 368 499 129 517 170
11 368 759 82 435 558 604 724 853 375 293 739
14 311 528 697 286 182 193 543 696 199 357 753 236 444 628
7 616 75 805 536 607 139 70
11 328 877 190 86 69 193 17 754 637 890 823
10 434 342 276 462 352 183 436 357 765 867
16 16 251 539 433 685 665 576 468 387 119 62 198 496 608 709 797
7 855 401 321 737 852 455 225
17 725 801 311 3 441 251 731 332 848 374 790 849 598 240 513 118 729
9 708 506 612 819 535 412 583 428 449
9 83 534 275 473 175 241 740 784 823
10 826 494 588 272 827 106 428 93 680 255
14 15 573 570 260 141 341 412 228 152 280 723 19 137 433
10 89 593 109 317 563 621 20 145 661 582
7 103 725 751 283 220 569 893
9 236 761 422 731 51 472 607 891 716
7 77 68 696 429 503 277 286
11 267 877 739 225 278 303 242 423 682 505 147
11 11 666 509 798 323 431 175 621 845 557 432
20 626 649 737 664 480 866 644 588 755 377 232 745 659 466 241 78 840 353 645 174
13 786 646 243 777 664 639 631 883 311 81 893 369 742
8 231 101 577 800 581 106 840 388
15 112 469 445 571 797 632 534 746 382 537 692 366 447 173 438
11 163 173 727 304 117 681 220 309 738 31 164
10 310 888 422 643 20 231 286 555 341 182
11 269 216 148 122 150 738 197 225 108 777 537
12 524 896 441 865 860 40 228 726 503 95 571 623
8 22 608 457 278 201 95 504 171
7 846 126 35 438 702 819 69
9 664 862 652 475 373 494 619 495 287
10 281 587 735 167 531 278 573 267 177 776
8 823 108 539 645 653 480 370 411
10 655 94 8 85 532 711 298 591 533 494
16 20 557 211 886 27 841 450 218 657 438 517 264 521 327 588 748
9 255 103 36 59 614 9 18 628 322
7 508 66 593 384 466 273 218
8 86 482 280 107 408 871 254 155
12 594 563 98 754 120 761 254 888 200 643 1 528
8 490 201 275 571 850 373 742 288
8 792 551 438 853 194 610 378 333
9 443 325 3 476 493 545 506 542 448
8 166 145 240 815 706 252 857 265
14 625 24 359 253 651 468 872 405 217 576 221 326 209 377
8 47 451 710 16 489 194 426 439
10 219 186 627 731 346 31 412 467 260 98
8 324 207 441 200 533 110 189 343
10 488 46 792 154 31 322 864 230 601 844
12 142 616 410 598 674 329 506 434 637 781 676 789
11 525 259 485 33 456 395 439 892 327 703 214
11 425 375 387 531 484 746 366 110 342 691 314
10 494 867 386 883 888 280 362 175 828 347
8 573 578 27 650 786 469 28 773
8 661 212 657 770 501 52 794 668
8 877 663 37 692 284 451 492 726
11 9 122 163 15 822 247 414 536 273 231 218
13 661 810 298 182 78 480 827 102 329 814 576 187 866
16 840 430 815 173 571 217 568 268 662 712 102 752 817 668 278 757
11 93 515 260 465 344 458 139 177 488 697 239
11 119 571 536 589 761 308 634 114 311 398 668
10 145 890 642 235 44 281 408 360 246 794
7 53 500 871 633 527 249 838
9 842 444 822 437 145 459 232 793 452
8 201 898 36 644 311 142 177 441
12 262 174 555 137 617 636 442 867 794 63 42 874
7 487 874 204 494 702 832 640
11 507 510 534 801 354 603 836 454 281 665 608
11 896 883 344 183 858 853 165 129 674 16 489
9 286 527 600 148 797 181 635 293 812
12 866 565 362 325 127 1 261 796 80 528 336 344
13 622 876 569 606 332 729 670 579 124 531 868 469 495
11 1 809 247 225 650 436 112 322 794 273 613
11 872 550 12 635 541 518 662 633 659 647 695
12 605 651 770 717 597 858 270 96 6 255 246 727
9 460 448 323 425 879 3 506 302 500
10 78 819 168 538 448 262 585 151 155 507
8 39 836 874 534 562 456 359 146
10 772 676 183 833 227 507 529 896 336 693
9 284 660 770 801 802 292 900 574 805
9 608 359 496 93 337 744 326 403 757
10 212 4 505 118 286 725 441 75 146 660
7 277 215 779 226 4 88 106
10 415 54 841 826 803 158 177 464 101 238
7 461 491 28 204 222 21 229
12 778 96 431 896 317 22 515 837 760 762 703 268
9 886 55 634 408 587 381 576 291 50
10 91 300 303 581 249 634 242 489 415 304
11 358 502 872 580 645 283 299 407 803 20 133
10 88 723 107 92 589 715 136 595 388 689
11 398 369 87 128 791 457 69 449 586 110 144
12 105 842 527 190 104 684 496 500 281 666 53 490
10 501 681 219 696 752 478 433 464 21 399
11 30 727 732 876 60 563 818 830 261 287 708
12 559 211 453 697 599 860 36 556 562 849 248 231
12 876 658 92 539 66 19 500 531 816 95 622 149
14 753 130 258 428 413 470 198 707 321 254 450 106 749 767
11 650 576 274 367 17 249 782 163 887 459 790
8 604 831 771 237 417 456 127 533
15 96 70 756 612 317 32 464 104 306 478 606 589 93 622 30
11 30 668 369 222 525 791 648 550 864 394 859
14 70 469 880 384 830 93 627 693 108 169 876 372 271 704
8 882 209 238 107 261 264 879 220
14 825 62 102 76 862 311 51 756 376 318 403 405 262 773
12 379 504 142 127 148 791 358 619 321 708 849 616
9 230 816 529 339 483 368 93 390 263
9 528 828 876 477 774 450 223 725 710
7 57 669 179 453 571 158 221
9 253 516 894 457 883 279 747 269 597
9 702 336 642 404 558 815 292 523 665
7 194 190 806 717 215 239 356
13 43 135 733 512 486 461 182 111 136 309 453 449 498
15 327 766 890 58 551 33 59 42 207 440 204 128 590 187 229
9 579 178 541 63 293 298 404 833 186
11 320 176 788 568 747 488 175 340 65 319 680
11 83 612 656 688 444 666 854 811 597 875 778
13 427 332 47 636 355 894 791 215 655 868 182 804 229
15 893 830 496 52 465 875 791 184 485 498 678 272 437 679 624
8 899 809 557 481 172 626 177 627
8 584 378 304 642 757 396 270 783
8 380 685 552 238 25 710 667 200
8 872 372 83 536 337 182 517 724
14 678 151 733 859 869 385 757 787 110 637 900 690 591 98
11 92 152 30 94 130 870 637 341 31 666 250
8 392 506 154 568 543 812 785 106
12 572 80 101 848 831 573 263 669 513 201 308 886
8 808 819 582 446 607 157 773 448
16 737 113 803 303 893 418 64 621 813 150 644 257 641 311 714 489
10 296 128 681 851 813 236 749 828 290 422
7 300 107 18 856 807 666 145
10 584 490 611 254 158 433 426 810 406 782
9 63 640 217 734 899 863 330 735 731
8 557 498 148 632 194 601 198 868
14 299 205 146 350 746 355 236 878 507 10 369 536 268 468
9 101 695 668 805 81 284 459 346 486
14 686 779 366 785 782 55 462 94 15 405 421 56 370 235
16 439 671 673 681 15 22 745 744 320 211 24 880 692 93 499 486
11 743 333 731 305 644 370 708 326 879 388 432
8 32 522 247 884 67 654 218 175
11 121 448 662 525 865 750 567 886 87 262 601
8 30 280 216 478 148 693 827 785
11 238 601 478 500 735 96 668 361 699 362 261
10 530 546 225 838 4 205 437 108 770 549
11 334 389 225 317 411 130 257 620 408 232 603
8 811 577 221 730 569 623 615 430
9 787 496 455 127 712 33 202 268 838
12 10 862 856 798 419 616 606 289 388 172 98 121
11 202 460 720 760 383 775 521 186 712 699 551
13 847 723 159 862 732 623 598 839 244 549 246 273 454
14 718 229 298 803 33 182 769 469 438 463 527 547 755 585
12 875 118 30 860 453 852 231 323 36 138 173 517
7 891 792 314 112 507 824 111
7 319 516 330 348 654 716 181
8 199 586 25 878 285 279 608 293
10 474 159 662 767 810 786 513 386 856 677
12 366 273 467 4 108 81 255 813 656 163 167 340
10 56 750 826 527 514 513 72 808 368 457
9 375 195 226 885 774 356 604 343 548
13 791 148 561 216 618 900 246 123 475 294 505 375 720
7 308 211 254 91 72 464 542
12 882 206 616 475 462 807 445 253 25 75 152 631
12 294 196 761 855 75 421 94 502 439 265 207 480
7 288 685 467 254 200 871 368
10 462 182 642 422 51 681 718 629 380 789
15 789 294 320 259 298 516 131 222 581 256 827 201 142 344 146
18 242 588 740 578 822 203 686 428 302 166 244 371 776 410 809 637 357 69
11 275 220 292 355 588 323 18 778 612 775 847
12 571 176 658 194 43 477 605 31 887 185 57 716
11 312 739 344 660 598 645 159 462 237 372 633
7 411 696 239 306 3 865 124
9 733 508 183 726 74 860 491 839 435
14 790 164 592 609 498 651 577 105 144 571 531 633 330 756
10 816 92 286 100 199 777 611 739 441 133
17 494 727 264 182 173 242 429 412 232 771 576 573 501 696 403 37 359
8 417 242 660 515 42 679 40 694
8 641 664 244 828 594 216 751 571
11 442 5 657 880 431 762 727 128 571 264 633
16 290 75 97 361 672 457 592 613 43 549 166 860 313 550 531 272
12 484 485 424 192 125 185 160 480 278 45 395 433
10 703 773 514 212 274 409 431 162 302 764
16 137 513 350 193 213 777 523 653 411 505 84 799 78 889 819 211
8 885 358 788 600 353 512 227 707
7 105 196 763 565 870 158 229
9 376 358 354 44 13 865 288 337 878
9 621 252 680 374 91 689 410 313 801
12 58 231 99 532 46 570 709 336 521 872 481 681
12 751 281 810 435 622 891 205 228 804 378 111 265
8 64 636 284 774 781 30 691 91
7 405 98 765 795 382 776 898
13 371 212 67 852 185 373 404 672 294 639 559 579 330
8 150 227 634 173 281 65 162 896
10 61 304 346 30 575 86 749 305 255 84
10 700 129 597 768 832 868 41 876 321 128
9 826 852 504 354 140 311 694 202 652
8 622 217 37 6 324 559 354 471
18 766 6 7 320 216 407 650 421 835 858 324 372 818 151 739 186 171 849
9 296 400 823 596 877 691 330 745 848
9 845 499 606 815 706 571 115 856 895
10 596 770 459 183 395 147 700 694 547 456
16 743 415 330 753 791 738 874 108 183 154 412 324 708 257 829 267
8 189 729 139 646 420 281 170 661
9 4 889 121 883 500 694 67 112 62
11 548 56 820 748 240 547 30 871 641 639 592
17 386 707 606 680 435 419 464 64 349 746 206 491 187 461 416 658 111
8 434 823 584 498 447 131 372 489
14 51 250 679 325 351 484 549 782 48 662 11 424 582 132
7 415 79 518 814 471 797 618
16 63 298 262 152 611 657 106 285 113 538 18 829 361 203 577 892
13 807 552 729 549 97 340 614 442 531 535 253 898 378
11 229 73 394 409 118 397 236 843 124 622 519
11 773 308 803 538 843 370 273 387 247 503 884
17 218 224 4 782 176 333 558 756 517 450 798 500 457 679 363 183 857
9 370 667 567 663 247 669 162 682 219
17 289 15 716 525 417 229 853 887 868 879 565 78 290 631 630 451 411
12 438 584 203 814 229 206 816 706 807 137 297 238
11 304 549 616 205 840 690 52 328 583 2 650
12 692 550 46 291 429 705 877 36 545 848 539 425
11 621 4 874 482 788 762 730 458 795 319 640
10 639 482 871 189 230 798 103 392 190 771
12 130 417 34 435 301 452 683 724 661 747 889 196
10 423 770 847 163 144 738 198 557 482 73
9 389 228 516 738 308 853 83 900 240
14 376 391 394 248 680 26 381 507 177 88 221 682 844 207
7 369 24 425 436 733 366 693
11 255 500 624 536 790 474 408 505 93 429 303
9 297 335 279 577 739 390 445 240 406
14 448 869 413 73 68 434 254 809 370 382 711 633 636 457
11 874 178 700 148 305 343 212 297 688 849 547
14 862 839 492 282 870 173 641 887 692 852 837 587 33 660
12 541 877 211 485 673 885 547 295 383 839 328 163
9 547 502 863 593 879 843 96 695 120
7 376 552 881 561 586 265 278
12 591 526 32 493 496 218 849 507 639 234 840 739
11 207 169 419 566 834 393 302 367 807 226 38
10 212 535 283 80 857 471 268 820 607 32
8 812 645 204 690 83 900 707 522
13 494 490 400 602 726 597 380 190 611 486 129 179 327
10 160 305 728 805 259 133 760 776 80 129
8 437 35 407 709 729 858 732 825
17 788 738 662 825 449 117 634 509 51 764 179 623 346 400 514 835 48
10 190 634 201 443 231 350 239 660 753 812
10 397 102 103 458 257 250 468 494 632 101
10 307 839 169 502 144 672 335 741 708 345
9 135 101 237 444 167 179 525 590 57
12 584 696 575 22 9 545 625 413 531 710 437 67
13 882 349 841 59 464 810 785 729 778 650 297 258 815
14 355 67 5 694 113 51 647 431 358 592 551 402 815 217
13 539 28 172 767 381 596 609 681 773 218 879 493 305
11 548 449 84 199 136 393 114 319 35 803 521
10 105 133 147 74 731 859 568 358 768 787
10 165 506 134 230 660 840 42 765 656 113
12 375 656 524 296 859 737 722 411 882 483 480 453
14 305 698 650 792 819 115 427 472 158 231 681 523 315 270
11 698 460 738 494 685 405 831 723 395 452 655
8 520 652 436 348 565 311 612 317
16 595 712 111 685 403 729 412 825 31 115 42 833 139 584 215 827
10 237 46 199 57 499 263 548 589 655 395
11 293 530 601 52 366 464 323 71 256 152 290
11 895 712 649 315 451 454 823 600 368 118 394
10 310 316 643 169 407 397 858 107 561 805
10 447 507 735 181 443 656 333 187 655 738
9 593 293 521 509 196 806 558 113 528
13 106 329 406 94 845 439 697 442 204 666 383 96 395
15 238 73 451 144 559 527 329 373 115 283 685 58 197 142 639
9 59 499 311 338 521 467 676 153 144
7 797 161 746 570 453 747 458
12 849 687 50 452 359 52 159 67 384 145 646 562
8 119 245 663 222 498 223 849 309
10 50 80 370 520 291 856 714 105 41 250
15 421 41 389 545 128 431 292 825 884 123 107 727 40 69 773
9 357 36 419 256 830 44 813 26 73
13 278 18 384 622 260 341 523 134 773 585 107 290 488
13 729 273 749 198 750 580 631 834 879 262 301 817 572
10 495 832 845 514 618 570 604 316 395 232
14 653 122 601 739 828 206 716 640 316 263 88 338 831 79
8 334 672 200 840 384 128 417 93
10 398 727 178 287 818 812 47 251 694 106
11 806 485 102 749 793 425 775 458 11 792 595
13 255 884 65 133 509 416 114 325 278 496 452 45 207
10 533 481 649 882 332 824 760 603 345 610
10 798 2 566 392 679 416 397 819 879 580
11 635 63 627 601 563 370 59 169 859 136 532
9 638 524 884 649 559 7 94 388 727
12 467 469 432 763 224 49 76 533 839 97 395 446
11 707 201 95 327 720 750 671 586 648 532 473
8 53 646 85 254 694 670 64 494
9 272 253 304 404 577 446 313 495 10
11 385 171 811 30 773 585 66 501 578 801 365
9 630 897 205 226 615 195 573 303 783
7 631 662 173 336 515 521 742
10 227 545 311 141 734 533 876 699 458 481
10 832 286 43 48 350 5 51 502 810 496
13 677 724 718 736 546 585 700 260 886 132 314 418 384
12 726 784 643 888 368 290 354 433 632 291 245 593
16 68 115 390 721 743 701 732 635 313 304 858 406 689 146 218 674
13 52 513 786 362 466 887 492 470 347 621 15 737 859
14 746 516 191 730 222 180 771 100 420 353 538 363 780 433
11 661 801 455 379 838 585 706 90 183 274 259
7 175 46 737 583 753 552 245
10 32 718 558 546 128 752 368 262 851 432
14 79 718 63 170 395 671 795 763 878 325 735 2 824 82
12 494 743 646 25 864 499 152 503 88 175 510 30
12 162 789 261 747 72 215 750 40 145 322 653 371
17 892 9 114 805 267 361 810 676 109 241 648 233 373 773 681 322 349
10 117 402 39 477 375 358 588 648 706 886
8 297 374 397 420 56 492 776 350
12 888 758 506 522 731 775 398 779 719 887 369 327
8 651 275 741 564 285 648 277 230
10 176 595 853 174 708 412 371 264 280 46
10 707 697 699 657 222 746 85 161 425 764
11 898 780 773 649 315 561 286 852 348 540 590
15 205 654 130 580 347 14 118 847 376 457 614 540 334 743 77
13 666 60 518 609 326 693 331 389 816 274 876 182 635
11 39 720 92 594 535 817 304 788 25 357 528
11 300 66 812 844 107 809 363 847 470 133 203
8 542 718 496 261 322 62 544 448
8 719 95 244 819 20 104 26 217
7 635 314 634 751 778 608 647
7 855 229 573 25 596 62 123
11 302 327 766 226 82 69 34 143 358 846 30
8 484 632 626 737 216 183 784 382
16 337 395 565 159 512 471 501 765 21 286 264 347 181 573 662 89
16 343 122 764 439 684 431 107 41 865 183 825 177 873 197 623 64
12 302 293 430 752 139 873 888 534 559 516 624 886
9 491 619 333 57 824 882 791 749 51
10 775 50 251 278 537 630 764 284 122 193
9 263 503 622 546 522 418 894 527 739
8 844 550 496 845 397 164 600 221
10 536 635 796 38 636 590 102 274 558 238
13 362 366 304 627 424 854 517 629 689 582 319 623 203
9 841 587 720 317 331 570 489 756 702
8 774 651 255 395 561 324 633 480
9 105 742 525 860 294 491 369 264 473
17 635 114 231 210 240 125 761 17 49 405 385 317 799 653 424 92 895
8 81 715 219 563 579 684 101 532
13 74 688 87 692 523 738 18 452 76 63 556 755 170
9 369 371 763 122 288 558 897 278 589
12 231 360 369 688 434 714 746 87 230 753 520 217
10 195 668 619 507 109 514 76 190 678 654
8 193 513 64 135 674 670 742 530
10 667 663 841 412 560 642 819 92 252 360
7 91 394 616 804 444 273 755
9 616 752 805 712 512 175 584 608 428
8 473 684 724 307 690 104 787 896
8 418 91 614 782 180 618 821 259
9 350 756 705 93 102 308 434 462 449
10 832 334 484 33 167 620 442 638 624 604
9 147 85 502 501 701 863 815 712 578
7 226 297 231 782 652 75 448
8 507 51 522 758 174 243 621 282
10 188 34 722 470 255 785 341 160 578 275
7 711 263 367 71 293 623 139
8 517 63 679 741 818 566 876 857
9 524 135 201 250 560 791 781 632 219
11 658 730 368 464 263 395 21 310 685 175 888
10 871 563 242 769 764 309 328 616 744 344
8 610 273 240 574 67 200 672 276
10 146 238 383 392 19 37 756 881 181 834
10 535 324 328 111 465 5 307 156 798 463
12 704 91 332 795 554 540 862 508 566 478 472 53
12 363 568 455 433 32 123 137 427 547 671 189 168
12 336 626 108 445 208 561 56 85 174 358 602 815
10 605 820 183 43 456 110 242 559 767 872
7 491 22 69 671 612 737 727
13 352 755 759 247 179 590 591 752 792 597 820 78 104
7 755 603 460 184 381 128 556
8 754 440 141 715 439 663 804 27
9 496 92 4 621 513 385 250 547 791
12 372 771 654 181 594 55 373 161 809 423 873 703
8 362 568 261 788 471 167 499 403
8 387 350 532 472 852 43 446 581
12 31 244 206 784 552 736 103 461 1 306 222 426
9 891 844 330 693 707 231 642 122 680
7 716 264 483 291 177 770 894
14 819 729 101 573 320 194 450 662 827 879 386 617 440 334
13 326 734 418 799 468 436 554 806 520 280 679 661 667
10 494 304 376 466 730 85 675 505 782 743
10 848 507 587 176 68 147 179 772 639 890
10 562 193 336 597 866 890 78 522 300 131
14 184 839 6 415 514 689 579 183 414 568 324 721 702 363
15 203 543 732 532 597 384 110 479 477 883 430 115 450 54 287
16 545 640 313 388 21 265 700 541 113 627 191 424 787 112 619 692
11 798 460 508 411 294 458 805 673 685 74 777
7 290 853 619 432 285 398 37
9 78 258 50 298 20 636 770 702 497
10 735 57 162 799 147 691 29 161 789 333
12 641 714 890 707 191 789 206 833 254 519 484 148
13 285 739 864 198 252 362 731 467 590 645 630 349 555
12 720 211 391 496 133 886 488 625 381 426 591 311
11 605 780 537 314 824 882 173 543 478 158 127
8 851 885 472 97 434 878 810 296
9 262 282 99 73 773 32 413 583 589
14 858 580 673 784 777 698 793 844 679 98 671 579 25 843
12 380 435 64 271 420 868 814 89 462 731 266 424
8 125 236 150 204 44 357 397 292
12 183 406 191 372 305 815 227 875 65 509 827 237
9 623 510 461 594 234 426 496 51 272
13 163 722 384 370 705 445 361 786 113 259 703 165 336
7 531 251 558 533 507 192 818
11 436 27 10 602 439 7 683 649 674 457 636
9 29 114 868 246 56 361 648 179 427
15 126 212 219 482 596 441 382 870 339 723 406 602 270 28 540
11 406 177 710 343 842 186 318 47 510 583 770
16 136 795 110 484 883 881 417 459 72 68 439 496 169 100 408 856
10 235 453 777 264 677 134 115 632 683 848
8 292 611 556 569 745 216 436 809
10 494 711 825 724 65 295 564 187 178 569
12 793 204 75 441 292 831 696 203 855 258 516 488
9 703 342 515 396 753 62 368 553 805
9 509 521 289 170 796 670 798 233 181
8 869 431 867 543 372 92 20 495
7 492 861 475 16 1 13 671
8 889 593 616 110 678 493 37 478
9 561 536 693 450 608 115 627 482 60
7 210 50 586 775 657 816 533
16 123 486 403 493 497 13 592 166 437 227 26 865 815 712 370 372
10 756 885 469 410 265 650 712 880 609 221
16 371 843 42 357 735 128 292 712 571 448 544 408 826 19 665 838
9 157 479 293 469 842 88 320 385 537
8 573 317 13 344 897 485 626 418
9 614 299 221 369 253 556 513 820 52
10 718 345 515 494 580 590 721 392 891 763
10 183 379 489 895 13 300 690 783 716 869
11 326 82 722 779 488 640 89 190 438 545 703
9 697 140 702 555 620 650 68 21 846
14 252 761 874 497 735 598 817 249 370 740 693 309 403 280
8 236 357 747 108 16 818 158 290
10 617 860 744 167 460 331 446 90 108 510
13 492 255 109 75 388 23 366 861 710 622 758 525 846
10 724 144 426 128 651 205 477 878 522 733
9 140 683 849 444 125 566 856 818 89
16 671 66 762 230 352 88 676 120 309 496 307 484 505 811 390 843
11 440 867 761 68 609 402 113 48 160 519 171
8 363 473 319 396 99 248 861 823
10 92 775 866 215 740 862 513 104 883 423
11 764 676 751 102 850 140 82 287 83 607 127
8 505 859 688 823 63 316 468 583
20 787 677 355 70 582 391 383 580 276 212 423 436 135 339 310 752 699 596 115 531
10 315 44 440 415 549 757 436 602 622 843
11 392 439 22 393 630 100 525 699 502 161 553
11 837 64 607 399 366 306 671 860 672 45 493
8 520 695 770 272 509 384 626 12
8 141 897 855 783 151 85 561 815
11 528 863 120 498 147 411 642 580 606 476 772
14 536 213 514 425 675 847 27 658 167 878 171 829 666 508
12 857 255 274 817 665 779 501 338 858 273 428 251
9 190 475 527 879 627 798 537 393 628
7 636 238 515 701 42 323 596
11 132 597 545 250 437 585 803 586 196 833 113
10 460 64 71 680 269 465 838 515 268 438
9 722 261 492 150 389 457 793 565 214
12 378 878 862 892 764 36 842 854 35 859 843 358
10 151 721 531 445 115 16 740 366 253 297
12 409 812 259 667 431 768 482 460 9 579 234 733
8 400 550 155 882 623 826 239 168
19 61 344 488 473 710 114 470 668 3 747 446 816 40 39 720 776 416 147 399
12 445 79 579 768 452 839 109 570 383 141 312 331
11 289 706 482 334 434 198 848 755 121 318 74
13 721 45 509 856 585 426 149 91 166 693 781 463 628
9 574 482 97 84 354 280 335 492 504
7 351 262 108 730 15 222 530
13 898 270 609 133 217 20 269 104 572 224 315 571 480
16 724 747 212 77 183 5 371 363 717 788 160 874 285 104 388 701
13 422 432 530 900 302 117 549 18 40 35 627 470 697
18 577 815 529 622 519 702 570 578 649 89 724 495 666 757 805 343 298 134
10 94 205 96 225 809 247 466 794 534 363
10 191 176 38 426 679 452 308 119 562 245
9 571 390 453 855 78 363 23 617 447
14 370 175 119 227 624 501 570 738 410 695 675 768 155 443
9 528 396 889 340 835 664 466 336 95
12 469 669 328 231 33 389 172 218 183 216 796 751
13 345 575 611 563 839 149 134 724 148 785 372 313 513
16 6 20 421 447 627 610 771 295 50 239 821 70 676 824 888 318
14 672 370 178 374 728 525 106 585 60 167 557 59 269 263
8 329 331 189 409 184 623 814 572
11 400 103 392 461 92 9 161 126 764 174 631
11 623 664 596 256 593 32 420 254 572 674 429
10 284 146 718 779 615 544 721 602 20 589
7 67 823 264 721 460 55 626
12 807 892 423 635 2 32 593 541 789 183 524 270
12 637 883 242 141 309 367 74 422 877 577 462 529
16 245 674 611 652 506 52 644 829 614 165 480 745 453 50 380 806
10 202 861 58 487 282 305 312 553 318 454
10 90 777 128 426 743 506 887 833 666 718
23 165 317 493 678 593 98 406 822 701 177 211 515 604 322 845 298 574 804 600 64 572 548 179
13 749 690 628 30 336 478 16 592 11 14 845 227 896
13 792 115 70 587 312 425 183 655 746 27 445 555 731
9 427 750 664 270 826 607 625 287 380
11 606 792 196 89 744 265 35 340 837 709 705
8 83 636 454 364 399 585 661 342
10 449 99 207 126 675 262 741 157 127 626
10 288 624 479 28 801 574 296 815 384 695
9 477 487 2 776 142 484 662 149 650
11 415 276 838 352 880 473 896 678 12 327 148
7 871 395 715 602 579 829 888
11 387 835 14 752 574 664 182 220 831 414 376
10 8 499 151 416 478 836 173 477 384 522
14 69 888 2 287 870 373 502 838 622 748 270 163 696 419
7 618 382 438 101 334 855 586
8 769 254 421 495 210 247 474 42
14 240 389 619 238 646 597 435 878 104 53 183 98 296 459
11 370 749 451 761 436 42 349 499 679 461 886
8 681 449 412 659 127 841 27 3
10 267 445 301 374 66 804 55 839 132 332
7 50 395 825 373 319 614 699
10 807 391 890 289 788 282 267 280 241 547
10 364 842 331 285 251 477 72 774 362 755
12 641 111 424 246 49 861 668 114 518 694 74 445
11 625 400 90 649 410 453 516 476 456 358 564
7 536 734 685 287 124 183 574
12 819 424 207 727 376 324 664 355 241 438 24 875
14 465 105 673 477 834 680 746 600 562 2 14 540 534 720
16 87 307 250 51 334 827 452 211 270 128 358 45 895 112 413 427
10 176 422 865 499 323 88 187 477 534 130
9 320 536 197 186 39 512 318 109 794
7 753 803 662 203 406 548 341
8 276 362 561 288 212 687 406 157
7 445 513 50 550 224 495 430
13 683 142 165 203 712 264 839 391 424 320 100 136 273
15 900 812 743 229 826 839 120 769 279 31 322 827 745 876 584
7 566 773 32 252 278 349 507
8 106 59 635 744 273 325 846 280
9 823 569 662 709 783 859 807 640 619
11 412 599 89 740 359 62 813 628 875 736 687
9 453 199 569 310 498 573 25 575 521
11 574 571 203 616 526 641 650 555 372 15 389
12 345 70 336 427 301 576 92 651 60 56 861 437
8 105 260 250 679 540 224 319 590
10 61 102 826 123 132 866 501 370 525 614
11 549 441 479 871 451 34 182 396 827 15 275
11 735 690 47 839 301 377 610 523 104 647 882
11 166 167 771 706 408 157 643 201 791 701 787
8 386 546 82 185 896 496 60 405
14 377 312 474 264 844 705 467 78 893 863 718 779 153 211
15 46 118 93 438 332 271 735 592 139 789 207 39 807 26 816
11 711 402 640 754 647 115 847 376 201 227 249
15 86 711 413 325 303 420 379 677 467 812 233 815 476 806 610
8 326 102 56 476 10 550 666 605
10 415 391 412 22 506 670 157 62 864 403
14 135 352 358 341 216 155 247 103 582 594 499 606 462 453
9 422 502 97 827 623 389 320 305 656
10 467 573 303 637 663 627 244 148 525 611
11 26 397 569 842 482 390 704 882 221 742 503
10 178 167 346 333 831 721 204 446 584 63
9 739 778 616 330 774 825 459 245 285
13 149 498 182 22 228 261 711 551 602 143 879 648 444
7 536 650 750 82 110 552 65
10 1 666 670 85 620 874 203 108 127 253
13 229 326 696 759 227 676 716 842 726 93 509 198 239
8 862 179 249 237 482 537 795 635
8 887 598 328 501 371 679 611 50
10 229 789 583 451 154 782 570 714 251 156
11 155 675 143 384 640 37 253 465 451 234 264
10 842 430 23 656 435 525 796 69 189 616
9 730 255 409 436 711 641 355 617 677
9 201 233 695 769 452 342 863 774 558
12 70 294 788 838 534 321 19 574 156 142 141 280
8 825 426 837 342 602 390 869 115
16 739 626 689 227 501 92 399 585 439 475 721 665 479 464 562 378
8 879 422 336 726 203 508 47 186
11 87 709 532 556 210 277 128 355 885 415 468
19 249 416 835 900 159 431 319 156 840 17 843 201 845 447 823 630 185 667 747
10 260 250 613 92 110 853 576 385 790 296
8 555 774 820 497 97 471 539 19
7 720 256 305 848 837 29 200
11 494 163 729 509 344 720 287 535 13 673 11
7 292 875 505 846 450 744 289
7 551 344 382 850 513 224 637
8 318 86 594 690 423 288 839 887
13 859 30 462 275 89 818 530 378 54 92 24 394 639
8 343 148 336 735 700 344 495 174
11 71 139 507 8 47 109 150 54 207 668 97
9 450 105 219 22 435 375 141 329 801
10 476 39 806 1 356 520 150 685 380 200
11 18 869 173 14 889 643 453 541 413 323 463
10 738 605 728 90 398 395 606 376 166 125
9 599 437 176 325 282 799 428 653 733
7 577 357 851 310 726 414 566
8 680 316 840 319 58 510 873 575
8 209 222 26 452 296 745 633 695
8 173 399 662 363 379 701 562 183
14 473 577 140 569 213 594 726 26 200 86 692 65 667 789
20 639 26 418 685 630 861 107 378 661 667 357 176 349 851 538 100 529 764 765 184
14 180 108 343 296 107 214 721 274 715 732 395 39 455 780
8 499 616 131 615 679 297 69 627
15 767 794 191 356 639 691 72 383 11 80 112 282 399 318 554
12 26 240 214 117 666 10 471 113 226 725 262 707
11 780 85 798 490 174 24 87 260 784 100 582
10 411 128 330 824 600 274 32 68 187 567
8 886 281 709 446 383 275 460 321
9 435 835 3 380 46 588 455 118 567
9 429 167 586 267 771 164 360 92 885
10 681 363 67 778 270 691 121 374 96 228
7 701 389 451 813 128 31 457
7 443 692 786 193 216 470 268
9 445 8 697 66 28 744 205 328 334
13 579 225 35 494 808 133 125 234 448 472 508 716 69
10 125 340 715 400 641 799 665 324 407 827
9 199 636 523 872 637 440 307 59 878
11 462 258 172 613 748 539 787 469 48 593 225
12 704 558 298 474 819 194 859 74 366 148 112 782
8 63 755 610 675 178 790 208 623
7 288 781 892 692 24 431 289
14 727 457 874 345 19 392 506 99 653 366 674 465 217 117
7 729 137 561 673 57 102 232
12 458 338 483 667 41 369 371 410 166 736 538 333
11 746 536 466 329 4 719 187 877 882 218 525
11 173 135 458 830 539 716 315 433 661 76 644
12 214 525 318 842 175 698 31 433 305 788 225 691
9 733 518 477 11 404 417 690 813 682
10 340 548 247 426 694 186 773 209 767 151
13 825 772 40 564 724 762 897 620 662 884 600 645 152
10 274 204 573 772 440 259 720 600 808 299
10 698 158 643 362 812 240 494 581 533 71
14 370 93 125 807 625 369 645 750 684 385 616 450 274 185
11 383 118 686 716 564 573 99 646 334 599 815
8 406 359 850 334 627 851 349 878
10 800 56 165 215 437 5 320 771 619 20
13 415 375 709 37 57 584 252 733 231 813 675 609 711
9 404 813 268 593 649 853 75 98 867
9 628 111 790 721 725 232 529 186 713
13 707 375 137 524 579 432 468 341 276 227 471 15 718
10 6 408 169 661 57 61 398 249 451 388
9 632 560 627 458 72 629 300 644 79
15 417 98 394 316 717 710 572 324 464 2 247 414 330 454 799
9 377 183 769 724 847 431 537 647 797
7 349 312 441 174 680 451 827
14 395 224 453 523 220 60 439 34 429 312 340 581 487 355
8 486 42 324 660 433 340 826 168
11 688 298 164 235 805 156 406 210 775 451 343
9 569 644 159 880 30 844 256 819 212
15 609 713 432 529 271 848 287 900 119 879 716 647 45 377 313
9 577 199 252 612 736 752 861 307 821
14 532 95 577 317 286 598 779 34 215 414 243 56 116 516
17 13 336 682 775 232 512 243 356 616 886 672 255 717 247 308 590 294
12 656 592 210 899 774 312 672 835 577 583 560 242
7 756 576 847 148 507 604 215
10 738 91 879 491 836 102 498 130 697 882
11 857 660 75 298 728 657 168 697 517 537 800
11 21 257 844 174 483 639 430 223 454 363 897
16 511 824 832 308 827 896 175 43 779 270 6 748 855 268 178 731
16 775 382 833 692 854 694 556 447 607 34 554 316 731 815 826 405
16 55 528 54 18 672 706 433 4 819 841 732 126 244 765 308 114
8 787 818 615 714 53 152 860 286
8 89 761 792 194 282 261 702 621
13 609 570 191 679 370 237 371 398 576 233 641 397 785
9 460 727 210 634 431 564 289 780 735
9 867 877 754 492 142 535 596 402 273
18 152 167 359 813 387 78 754 467 502 192 819 415 493 641 732 836 752 60
17 658 222 573 476 32 487 475 27 144 691 22 518 172 374 510 357 868
10 890 899 182 292 666 73 394 782 165 871
13 689 215 403 97 452 895 163 647 594 85 379 837 541
14 93 701 515 399 612 818 326 543 517 583 281 407 727 459
11 250 233 384 482 627 780 687 34 554 508 581
14 235 663 764 313 244 576 99 277 46 696 153 17 736 56
14 437 221 794 206 855 588 656 861 291 134 260 890 829 832
9 62 576 449 114 382 55 223 493 473
9 36 265 849 308 190 467 711 554 66
16 163 654 447 165 870 258 374 651 64 21 418 488 73 577 89 723
16 701 189 12 778 18 415 34 681 769 508 792 825 37 85 528 738
12 512 100 342 591 86 218 219 30 866 434 422 862
9 84 532 337 787 557 455 106 135 402
12 549 263 5 748 557 553 395 436 173 174 245 703
15 122 157 272 705 816 620 93 236 763 510 173 60 132 667 548
10 641 505 593 802 550 878 712 19 761 746
8 246 864 667 475 725 510 811 60
11 822 298 894 810 740 91 899 862 759 872 857
7 869 782 331 510 244 878 275
8 882 883 628 274 79 332 361 121
13 778 881 594 223 645 749 21 875 215 290 197 841 668
11 116 196 639 164 315 238 185 111 479 3 675
15 100 672 276 678 342 38 89 603 807 654 790 766 16 624 437
8 267 862 747 540 153 760 70 587
18 496 156 80 423 581 605 130 758 105 64 259 230 113 777 815 150 520 187
9 238 147 10 504 391 454 345 444 212
13 63 844 345 139 841 487 392 432 776 892 582 3 866
18 531 37 145 617 847 34 661 213 369 153 700 806 863 541 319 440 81 59
11 673 586 176 462 254 343 535 643 635 403 603
10 55 900 259 454 100 49 139 270 731 144
12 413 481 742 1 682 485 517 456 256 414 196 112
12 460 530 19 484 796 509 454 740 377 465 832 407
8 798 354 779 143 18 414 49 819
7 825 701 772 159 612 518 539
8 48 170 680 627 650 854 820 465
8 687 326 787 871 265 492 86 868
9 403 894 618 393 547 779 74 149 713
8 277 832 49 529 415 741 263 763
8 469 312 440 264 710 334 491 397
12 822 50 724 703 387 52 81 476 746 564 561 205
12 401 405 175 437 194 280 827 439 517 655 119 92
10 438 281 645 527 422 706 774 805 855 608
14 480 350 625 114 169 90 7 478 549 553 681 47 764 296
7 683 756 234 489 848 232 514
9 557 116 329 883 677 741 567 264 201
14 882 320 368 100 210 474 107 849 43 104 798 721 207 821
8 562 485 770 172 93 414 470 387
9 514 568 797 91 671 602 682 311 746
7 92 653 897 101 520 731 565
10 213 221 277 477 305 370 284 753 107 710
9 67 169 174 197 221 364 809 232 445
8 80 595 419 603 704 471 887 342
13 54 107 111 881 388 860 841 144 101 176 510 452 840
13 829 761 764 132 561 353 198 268 735 842 1 392 379
7 486 307 437 7 583 421 680
7 644 148 534 73 18 682 292
7 90 474 516 688 851 849 182
10 785 370 894 317 47 49 779 271 223 44
11 672 639 138 599 453 67 297 737 26 669 679
11 788 369 473 277 857 10 402 29 815 779 380
8 475 693 236 750 195 503 295 595
10 79 752 269 566 37 72 332 164 637 490
10 877 688 892 347 717 81 613 247 29 107
9 666 433 316 71 580 817 785 35 784
13 899 509 356 279 771 195 556 827 355 278 436 159 804
11 620 154 520 716 49 499 344 292 66 377 355
9 506 604 516 304 305 239 265 716 285
15 31 780 686 602 813 92 794 856 521 301 252 821 135 870 219
13 108 710 320 560 375 751 11 147 498 877 713 272 291
14 729 188 725 561 313 485 375 104 185 137 184 415 169 227
12 8 397 391 55 512 472 455 541 570 53 147 205
10 867 102 441 356 535 208 203 355 853 35
8 436 352 837 361 649 380 789 417
9 311 62 171 193 101 631 149 710 819
11 630 28 487 554 675 337 436 610 482 500 774
14 623 353 136 225 881 625 373 198 213 252 155 9 532 579
13 812 860 877 644 745 587 30 355 247 366 558 412 426
16 668 305 342 810 133 309 432 821 573 423 61 622 75 464 626 29
10 841 297 714 492 619 815 631 223 816 571
14 896 608 898 19 379 852 682 661 496 747 192 368 657 572
8 801 361 81 455 481 315 209 186
10 542 647 346 364 95 410 144 85 345 49
12 69 818 12 326 48 633 384 205 606 60 634 356
8 646 568 849 304 802 142 306 226
8 423 681 452 638 458 557 471 565
14 833 500 464 324 549 261 132 827 852 14 641 247 654 230
7 530 618 43 112 538 252 791
20 862 166 250 828 69 824 744 178 230 572 415 419 813 729 118 605 456 302 313 222
9 50 656 291 517 69 865 608 834 158
7 563 403 823 879 350 489 164
8 545 397 46 623 447 490 714 431
13 202 572 558 224 273 309 663 40 846 490 504 511 758
8 647 220 539 809 839 775 81 291
10 796 88 408 629 697 268 506 531 358 32
9 283 711 258 806 642 237 869 645 269
11 414 39 874 184 631 289 72 259 278 392 843
15 412 244 790 338 400 425 524 827 117 48 307 61 233 830 546
11 312 204 405 371 266 893 23 844 163 832 47
13 656 140 163 700 555 270 76 331 61 578 442 8 507
11 842 293 219 295 204 522 353 298 639 787 417
12 676 266 673 61 35 222 73 354 255 782 591 863
9 815 152 70 593 726 576 895 167 412
9 387 609 341 809 896 451 474 296 298
9 285 325 688 199 742 383 337 810 633
12 869 470 389 368 467 881 628 221 63 533 664 472
7 714 32 418 654 658 44 304
7 7 867 748 363 837 754 768
16 202 374 575 593 164 176 221 370 651 776 96 101 759 342 330 805
9 877 665 672 635 548 801 1 369 80
11 648 823 719 893 870 815 74 140 757 432 803
9 748 603 643 349 565 225 598 475 695
14 302 520 475 67 227 142 403 446 514 52 606 590 489 516
11 12 814 382 557 166 116 343 349 534 180 137
8 856 49 277 2 570 661 310 358
10 878 650 628 550 693 164 859 491 731 615
12 371 417 458 381 597 615 869 196 292 166 248 708
15 637 607 447 434 239 405 543 167 616 357 809 669 84 195 667
13 139 234 591 512 787 627 473 544 192 183 728 225 849
11 217 344 519 552 637 63 29 523 109 128 492
9 241 84 190 672 425 251 105 595 866
10 557 852 890 363 368 701 181 53 260 45
8 51 866 630 638 650 485 419 152
14 582 747 714 169 21 510 702 432 119 202 116 399 10 652
13 534 412 411 209 824 34 25 747 863 379 231 528 35
9 549 852 808 232 687 470 80 862 58
14 464 518 842 871 836 881 689 359 597 804 560 789 424 161
7 494 847 293 371 315 592 771
17 244 339 875 807 335 630 785 547 609 834 506 50 524 826 283 209 555
12 7 158 410 209 793 324 591 548 258 397 660 15
12 256 851 622 636 805 206 585 514 297 216 103 785
17 224 478 367 268 756 805 821 616 137 578 865 364 774 172 142 400 794
9 712 119 226 631 343 623 550 243 566
11 581 96 330 630 309 815 384 101 488 698 89
15 136 146 857 794 310 900 407 356 396 7 373 11 409 655 400
13 899 651 696 302 268 724 789 570 615 753 39 556 625
11 633 693 68 502 727 251 367 15 236 321 566
10 424 217 230 5 720 831 683 257 793 294
11 75 34 765 39 860 41 494 306 541 556 269
7 619 139 612 209 16 68 298
9 823 570 602 600 644 40 462 835 486
8 425 574 790 270 272 76 417 325
11 391 871 556 37 679 259 862 403 433 735 887
7 45 17 215 404 653 285 847
10 746 758 278 598 106 103 471 861 453 770
10 594 522 324 791 722 336 201 842 582 263
10 579 738 131 189 157 300 312 229 522 239
9 435 349 403 353 586 27 247 258 459
10 355 588 830 831 121 163 238 298 449 638
12 853 717 469 54 752 241 589 497 571 750 748 258
10 714 373 624 738 388 709 881 128 631 100
7 613 36 410 364 167 538 717
11 521 426 612 250 510 787 8 273 836 629 394
10 85 374 316 661 214 96 484 493 52 141
10 38 60 746 303 89 547 147 732 349 468
7 125 432 262 741 20 650 132
12 684 632 613 553 82 652 222 125 786 772 818 731
13 670 389 859 663 795 193 304 404 246 811 785 525 250
8 323 788 639 405 45 277 380 328
11 275 881 216 588 863 852 88 621 654 624 799
8 71 23 882 46 618 497 820 523
11 442 129 26 725 641 88 858 375 707 23 537
12 351 778 765 530 178 470 125 420 263 701 866 542
11 868 485 539 256 858 262 503 325 818 745 283
10 370 549 269 445 144 793 741 832 447 499
8 46 264 845 699 124 792 81 383
8 648 326 100 68 252 221 478 190
13 340 225 668 716 888 293 751 22 487 320 147 109 765
21 95 828 455 246 183 844 479 750 286 313 826 406 893 782 465 496 543 53 48 265 445
14 134 56 20 472 92 193 604 786 626 36 62 866 28 571
15 248 136 701 133 16 622 644 855 13 201 649 113 583 724 550
10 30 674 683 737 411 266 859 245 129 431
10 578 823 597 521 517 204 680 128 743 673
15 771 354 687 294 55 183 26 568 774 307 263 665 702 118 458
9 336 591 485 559 407 251 666 174 668
9 549 218 811 612 533 291 776 682 898
8 122 171 830 447 474 807 288 707
9 344 16 791 640 232 670 90 83 480
10 221 341 406 600 561 306 639 229 846 590
7 525 516 402 118 761 368 333
12 586 759 578 878 814 271 126 230 587 628 667 649
12 196 269 445 205 562 754 719 620 180 136 896 83
13 360 290 403 245 66 877 152 355 124 334 338 261 526
9 548 102 899 556 798 425 312 249 432
9 211 187 578 811 562 490 470 228 478
10 65 684 188 33 481 517 649 20 446 533
13 521 856 124 430 154 749 164 393 297 742 12 764 367
12 367 542 684 644 339 691 320 276 620 165 376 294
7 825 29 816 843 692 429 192
9 757 64 759 185 732 473 72 662 446
7 566 73 341 744 322 816 129
9 127 754 349 364 232 537 344 884 445
11 828 61 619 533 395 543 737 680 50 329 751
14 768 38 303 518 639 799 845 860 28 299 625 262 791 425
7 899 311 377 551 505 717 516
10 500 785 733 369 202 643 145 181 775 856
8 713 532 452 354 150 348 605 53
13 72 574 23 35 750 899 859 317 240 523 320 813 301
10 471 493 614 255 81 772 877 852 596 212
12 571 692 249 261 361 759 358 427 84 379 190 96
9 272 775 826 380 795 128 357 171 858
9 414 881 824 730 316 291 179 752 580
12 726 332 289 449 843 73 539 14 25 587 437 277
7 434 543 294 818 641 814 634
10 659 638 746 114 321 511 823 277 806 730
8 873 717 376 409 293 539 472 148
10 871 165 803 712 881 844 168 378 560 166
9 526 365 102 48 324 263 550 424 60
9 269 536 165 304 20 581 48 754 849
