1000 700 5
10 366 107 15 345 477 52 228 317 601 390
12 679 467 272 671 304 464 116 409 25 491 584 592
8 549 321 696 345 306 175 237 442
15 577 95 114 516 376 251 548 337 293 386 460 607 490 148 693
10 26 22 336 574 630 262 404 648 273 366
13 546 647 381 285 440 126 323 172 643 244 221 16 362
10 397 390 69 595 19 524 400 649 324 615
11 650 461 377 442 66 341 267 350 122 514 74
10 330 236 135 196 231 653 540 19 471 87
12 477 546 573 300 59 304 41 590 649 276 161 295
12 418 299 90 651 223 12 407 317 193 361 616 538
9 267 587 526 310 276 157 665 581 3
12 597 633 33 343 262 512 347 151 686 498 393 77
11 34 339 291 665 147 296 307 180 372 25 327
8 522 426 216 659 232 676 225 414
10 502 158 120 662 527 698 193 498 597 386
9 265 617 667 518 330 623 457 179 690
12 513 686 571 295 604 170 174 533 537 521 384 162
14 587 554 684 597 697 687 145 673 494 73 278 668 644 529
9 383 288 191 41 182 322 609 287 472
11 168 161 500 517 413 512 120 144 91 647 433
14 473 345 697 653 585 81 269 608 596 453 544 510 263 609
7 6 251 242 648 101 611 673
11 499 451 639 322 521 105 211 575 203 698 397
12 417 332 10 592 594 228 395 95 373 524 588 495
12 445 168 601 273 127 96 673 338 534 524 491 101
9 139 509 237 561 384 490 290 5 260
7 694 487 391 618 433 275 354
12 512 3 182 364 295 561 94 493 536 404 267 640
14 550 63 420 628 182 692 55 602 42 228 540 675 492 481
11 478 541 92 613 679 697 538 662 163 505 55
8 91 214 502 566 197 283 469 268
11 6 226 548 373 315 293 580 393 320 325 32
12 600 486 674 251 391 370 355 276 471 547 397 689
8 23 365 336 461 494 611 644 382
11 661 186 591 495 604 164 198 307 561 306 148
18 410 354 574 69 235 641 611 409 216 92 345 698 211 694 60 578 263 564
8 385 25 73 619 152 43 224 402
7 37 676 407 655 671 633 91
7 645 575 345 449 485 626 447
9 310 205 180 111 64 544 94 444 559
14 58 336 186 453 630 30 361 426 653 73 202 364 104 180
7 243 237 375 168 303 552 212
7 438 603 135 297 541 143 11
14 235 554 661 586 390 497 596 665 465 70 515 59 492 495
10 409 283 325 67 382 115 253 273 256 83
7 673 80 508 201 417 190 570
13 673 534 333 345 353 240 298 368 655 151 526 637 684
14 576 56 251 681 612 35 596 181 506 609 430 145 41 434
9 64 644 113 270 271 535 510 176 405
9 368 671 491 477 111 191 205 454 451
9 283 419 347 361 375 36 371 661 330
11 194 397 6 446 674 300 172 404 499 350 203
15 623 596 211 431 14 647 493 353 147 304 71 465 52 221 156
7 558 541 568 294 243 678 653
9 516 130 449 510 537 42 257 247 163
16 113 481 162 658 485 628 344 9 641 490 214 693 151 379 542 610
9 365 290 25 596 345 323 167 308 678
12 297 640 427 70 64 449 394 448 404 655 363 413
12 146 493 370 64 136 149 598 61 582 39 422 632
12 130 48 378 385 156 93 602 373 144 220 314 369
13 115 319 284 357 166 428 502 334 596 499 290 170 318
10 329 117 439 51 243 434 419 334 35 206
9 699 657 114 635 207 566 69 128 397
11 3 77 316 232 438 403 332 599 123 440 548
8 159 86 38 472 235 686 302 376
11 250 482 343 664 242 167 273 139 455 98 320
8 281 12 129 191 332 407 611 317
10 287 219 583 674 365 288 499 442 5 256
11 148 359 639 88 13 195 221 379 1 696 177
10 99 275 29 73 257 545 236 176 268 633
12 99 32 323 642 306 90 428 560 483 653 626 166
12 35 595 212 534 662 10 512 526 671 587 149 251
10 682 550 301 357 691 248 513 280 602 268
7 248 117 679 653 380 244 273
16 536 280 114 617 101 288 323 662 419 514 44 103 364 569 177 108
9 529 438 371 601 126 495 657 485 71
11 440 374 143 226 427 231 96 453 615 20 26
8 692 487 29 665 225 647 444 289
9 494 541 328 270 57 354 305 126 507
12 193 54 340 222 113 540 426 470 366 347 593 497
13 503 498 342 527 12 572 243 437 176 389 583 322 643
8 559 148 344 471 495 33 599 469
7 605 514 597 342 98 276 456
11 336 355 80 357 2 328 288 394 639 324 250
12 162 365 39 434 127 694 11 626 238 52 371 688
12 418 63 199 119 385 131 614 665 564 355 514 347
12 665 374 440 536 341 201 501 429 119 51 343 398
14 522 29 435 301 684 661 284 21 239 80 691 673 396 606
9 118 534 513 51 349 235 156 419 653
9 636 171 470 387 480 196 609 593 667
15 390 631 660 217 477 65 397 33 49 140 182 604 379 302 554
17 526 31 474 117 74 648 220 608 510 210 523 582 278 65 466 387 19
11 365 384 51 318 362 145 44 388 515 654 455
12 546 612 227 400 88 418 591 536 55 266 375 102
14 250 452 488 245 14 231 398 499 343 364 120 235 625 696
12 540 162 483 434 569 155 404 596 4 134 349 543
8 515 674 288 64 205 376 668 28
8 688 607 303 587 425 202 207 551
13 162 376 199 349 378 44 412 631 554 495 469 178 646
13 81 581 227 269 386 583 275 680 162 159 575 462 569
15 68 530 254 126 414 684 516 510 294 202 352 37 312 507 353
10 553 113 390 22 330 30 53 314 286 365
9 224 480 285 598 581 391 199 507 123
14 224 674 416 642 61 2 160 139 137 692 293 290 22 699
8 6 263 74 242 354 585 22 669
7 243 342 52 630 10 92 84
10 504 376 642 217 444 417 414 106 418 75
9 370 288 113 548 389 168 564 565 215
8 460 647 257 512 175 272 211 164
15 635 82 282 120 558 570 251 645 284 312 304 562 445 185 139
16 668 130 385 507 370 435 64 115 534 402 494 203 167 252 140 347
12 282 339 541 566 235 248 523 27 390 249 53 269
11 47 651 462 696 58 376 129 589 453 512 411
10 122 71 57 505 1 8 212 486 585 361
14 237 82 254 29 50 593 542 244 687 296 264 408 309 695
9 46 439 147 418 363 562 60 179 121
9 538 171 700 500 386 266 615 349 649
8 173 644 15 9 338 196 502 621
7 224 206 472 657 512 434 534
11 311 539 144 440 506 351 80 122 34 62 161
12 323 281 452 387 156 428 541 678 296 147 42 447
8 152 206 418 678 437 388 348 538
13 625 314 567 302 233 13 360 393 637 581 622 306 377
12 31 137 513 96 541 499 681 8 422 385 343 10
9 406 83 505 480 277 553 475 285 656
8 399 392 188 534 409 550 77 537
10 692 10 167 643 686 658 3 238 101 279
11 482 59 174 690 590 529 385 454 483 141 292
7 233 275 141 698 371 684 188
12 608 616 451 434 517 629 348 150 453 297 190 152
7 73 645 323 409 462 319 234
18 632 141 379 564 653 135 350 437 107 204 133 394 635 224 510 212 309 475
13 507 377 502 114 23 196 195 490 630 86 391 386 445
7 463 228 450 271 584 209 532
11 238 379 253 661 233 575 250 418 214 161 570
9 96 391 293 137 540 148 607 456 254
12 208 340 611 311 484 435 507 608 593 406 551 119
8 673 474 111 41 667 78 553 606
7 68 452 419 16 520 76 548
7 493 188 175 589 699 682 363
10 397 445 557 37 362 318 162 386 228 192
9 273 61 634 559 569 241 508 373 62
7 441 476 167 27 697 257 52
11 530 456 49 160 36 582 610 577 673 189 390
7 431 592 50 206 503 157 112
9 104 384 502 520 302 65 70 430 12
9 644 41 183 411 141 401 650 277 566
7 457 248 442 544 668 695 10
8 93 283 574 369 633 162 431 492
10 418 229 642 131 491 386 649 11 150 324
13 293 147 264 657 324 430 69 80 665 580 160 186 198
12 648 167 220 242 560 407 22 572 534 600 34 366
7 66 655 303 557 210 246 157
8 529 694 153 12 519 295 179 646
12 687 189 407 17 604 93 386 562 284 20 163 491
12 395 217 144 40 181 629 327 162 393 300 308 413
11 634 35 650 37 205 386 62 494 63 523 83
12 291 664 533 65 176 169 74 321 144 101 386 231
13 202 264 31 62 546 569 29 33 379 691 314 453 147
8 531 343 254 52 81 685 34 492
13 672 633 309 223 582 46 592 152 248 428 66 413 502
7 330 359 504 129 442 565 145
7 590 112 438 276 205 144 23
7 253 111 57 50 655 413 193
11 194 402 445 289 100 413 40 201 457 652 312
13 320 438 552 327 281 292 242 318 307 664 404 416 154
10 485 403 237 67 565 239 99 80 35 599
9 2 686 179 199 35 685 593 336 610
7 419 18 405 143 442 73 529
11 38 473 251 181 675 363 433 322 336 70 334
12 409 324 550 577 575 521 371 160 242 497 662 364
8 678 320 645 117 567 556 359 5
11 70 160 218 531 419 452 656 588 215 198 474
8 263 151 248 242 269 603 196 483
11 281 27 112 72 340 683 104 297 106 564 42
10 591 685 199 391 295 440 493 641 220 524
12 409 100 685 384 458 511 194 188 331 225 354 274
11 80 605 692 95 139 684 389 518 589 507 513
10 296 309 651 383 475 596 683 60 576 586
16 43 691 34 336 532 119 112 363 396 616 239 518 191 131 575 603
12 169 515 546 663 477 666 564 490 628 430 358 336
12 700 368 699 553 595 390 197 660 62 372 590 310
15 72 178 639 427 500 181 528 647 264 378 189 347 684 601 467
10 69 564 435 242 610 664 66 131 213 672
7 432 683 152 609 430 552 604
13 66 291 416 56 271 48 192 577 398 106 36 206 618
9 495 176 552 169 321 164 688 670 105
7 424 19 664 684 285 59 607
10 234 369 178 196 149 106 653 689 353 155
18 485 262 505 66 608 515 597 330 512 466 271 559 83 249 29 693 694 52
7 144 410 604 513 43 688 131
15 678 71 674 459 311 108 368 17 347 23 568 62 590 419 337
7 608 533 205 100 524 566 652
11 333 458 454 270 580 166 14 76 47 266 506
9 357 382 543 23 381 516 572 582 19
13 379 600 474 140 134 610 362 287 133 554 386 86 669
8 583 176 196 256 620 558 3 329
9 143 591 558 471 55 580 106 488 417
9 245 594 104 221 578 127 208 395 5
12 549 340 225 220 243 552 610 270 246 78 389 573
7 241 616 160 551 315 201 647
10 398 207 392 385 542 387 562 160 449 641
14 656 328 472 563 173 216 253 411 338 467 635 261 689 433
7 426 157 57 290 233 535 378
7 381 500 118 269 606 279 298
16 576 349 567 94 92 471 427 568 406 578 417 22 133 311 28 517
7 299 209 347 204 422 312 513
12 679 435 526 160 599 684 37 535 403 312 425 185
12 281 135 303 473 205 7 230 355 312 389 673 147
12 338 564 325 83 370 165 445 104 171 483 304 214
8 615 554 140 265 26 599 313 553
10 149 288 160 209 637 291 417 21 374 150
17 343 297 18 664 630 302 292 192 67 447 6 326 401 522 237 405 109
8 453 113 617 225 369 556 555 525
7 149 233 280 231 634 14 509
11 458 630 250 627 565 56 340 337 315 298 604
10 271 455 240 404 532 480 366 417 7 316
17 654 470 109 292 86 31 624 405 288 519 54 318 99 43 494 322 10
9 646 544 314 387 129 598 503 690 413
12 20 332 541 12 286 278 413 55 240 312 24 156
8 467 571 689 388 297 166 181 379
12 22 50 334 572 671 75 663 300 6 530 88 278
14 610 422 106 8 468 396 272 340 431 564 112 443 31 492
13 272 98 554 282 390 306 58 512 184 586 644 460 559
8 292 528 82 181 564 427 573 103
12 215 484 445 585 510 269 610 563 649 639 537 451
10 555 414 35 307 358 356 6 101 448 637
13 235 534 479 27 269 173 398 67 471 572 493 663 361
7 683 553 152 82 497 647 568
10 287 539 471 571 250 266 357 218 670 30
10 59 47 211 298 259 46 25 501 12 230
14 134 470 644 183 482 324 347 268 568 433 524 349 672 499
7 37 342 193 384 106 512 194
9 426 153 83 514 292 137 48 118 430
10 246 624 640 31 13 385 317 582 462 146
9 139 268 646 590 44 430 318 466 503
8 674 368 157 39 608 195 453 546
9 699 201 497 501 525 304 351 441 175
10 481 260 140 1 545 584 526 467 70 300
12 177 54 607 162 523 43 697 255 696 362 577 23
12 106 216 588 109 427 151 290 365 583 100 430 79
12 190 696 371 590 697 70 434 655 627 651 273 39
7 469 365 361 478 61 192 600
11 22 657 386 292 193 211 283 69 503 218 24
9 47 490 40 489 185 427 70 188 230
13 412 328 689 599 267 606 46 591 685 278 5 579 243
14 593 492 207 652 523 363 587 36 450 130 437 483 581 596
12 328 653 573 517 563 433 403 617 281 207 278 242
11 586 460 155 138 193 116 11 247 77 603 547
14 175 633 134 275 314 5 401 292 65 458 329 432 7 644
7 71 493 17 558 528 479 422
14 191 679 222 21 516 657 439 395 10 375 548 700 530 501
12 131 529 108 500 76 86 149 301 67 513 268 459
13 356 667 346 268 158 564 607 390 626 335 280 379 72
13 27 214 497 659 183 540 149 620 19 631 80 603 15
8 173 569 3 69 353 536 640 366
11 87 108 204 139 215 447 105 306 172 690 113
11 572 9 210 282 524 581 614 660 373 620 403
11 276 409 190 428 447 333 546 650 25 678 330
12 361 696 678 434 239 300 64 217 644 516 333 40
11 690 468 374 420 67 63 366 697 666 691 118
11 457 490 209 670 612 47 310 287 533 159 648
10 512 230 399 596 125 40 394 668 549 479
10 316 508 559 227 39 577 499 70 243 680
12 587 9 321 167 623 193 281 164 509 524 663 66
7 180 636 473 569 155 247 56
10 452 592 488 659 201 545 310 474 519 178
14 363 227 414 121 341 120 5 700 101 627 11 68 194 128
11 53 90 362 341 142 401 451 433 582 528 123
10 278 395 598 155 202 585 274 515 75 380
7 589 8 410 199 257 378 608
15 652 425 292 545 691 430 621 357 379 161 514 539 606 628 650
20 557 441 167 30 192 478 362 342 687 105 573 109 80 403 356 38 676 637 82 176
11 96 165 374 413 324 597 174 93 285 303 349
11 252 382 37 161 253 158 70 304 694 441 633
11 541 457 367 634 53 238 595 148 7 339 370
13 4 333 515 632 532 5 584 565 581 649 142 242 474
7 680 170 314 462 302 688 94
16 564 305 102 105 302 677 543 259 345 329 252 180 59 219 58 464
9 427 383 241 204 168 277 231 119 302
9 579 221 178 502 91 53 591 21 611
9 3 428 656 26 632 132 257 2 258
8 126 520 521 325 526 69 609 468
9 11 337 331 330 214 646 474 699 542
12 304 595 290 403 622 201 679 535 80 82 588 599
10 669 172 432 429 289 255 48 183 527 347
12 687 474 693 53 575 497 187 109 421 45 210 429
13 332 173 145 487 260 429 644 242 505 533 362 82 506
12 384 530 249 579 637 628 119 110 454 649 177 133
9 147 506 91 504 532 500 174 258 374
11 113 249 324 251 698 506 21 453 371 481 325
11 638 228 608 84 509 439 414 566 571 247 59
9 674 172 191 670 385 349 405 138 13
7 487 563 221 19 452 152 503
12 75 375 149 325 369 154 33 307 614 122 470 476
11 146 2 697 415 503 9 27 469 185 616 446
11 208 289 126 317 149 226 579 11 357 43 356
13 109 303 392 27 244 367 450 440 217 353 506 46 50
8 265 342 505 588 613 681 30 238
14 567 295 530 490 649 10 37 397 134 506 360 215 611 250
12 543 107 61 469 574 679 536 497 461 431 547 650
14 539 207 108 220 487 692 500 643 212 148 445 68 24 11
10 615 229 540 56 358 147 608 263 125 24
14 506 619 12 519 399 528 441 371 484 4 494 258 401 208
9 500 165 582 451 118 668 398 471 25
11 516 604 596 505 631 687 107 303 406 592 514
9 415 548 464 242 630 139 595 162 16
11 261 598 158 80 53 219 488 697 312 438 657
12 264 181 311 102 634 699 400 158 142 468 542 584
14 429 612 269 47 245 560 575 660 132 100 176 207 354 289
14 83 626 277 119 684 26 546 567 236 681 78 37 354 194
11 216 313 177 398 299 624 160 5 186 290 351
7 655 519 589 52 245 415 429
7 654 455 603 137 156 642 50
9 683 82 86 81 43 606 437 165 209
10 326 86 60 696 574 472 118 382 549 275
11 391 611 570 311 145 266 504 281 72 15 64
7 412 667 35 15 277 604 243
11 630 579 364 93 556 327 479 375 600 455 387
8 282 254 319 547 249 175 136 35
12 251 574 298 443 617 152 477 485 289 529 639 550
14 14 300 282 699 694 452 656 423 205 94 177 566 263 392
14 354 444 45 63 569 333 24 505 594 550 120 428 101 325
13 560 200 423 654 190 547 170 107 247 89 216 311 477
13 697 668 322 188 499 433 379 65 74 46 314 253 644
9 134 506 452 575 613 672 314 7 612
11 166 483 50 99 206 202 494 272 605 18 444
17 601 133 658 472 566 178 110 59 287 226 517 481 656 494 423 32 639
11 172 420 621 507 311 60 384 323 19 530 158
12 54 438 128 228 527 224 360 79 342 651 423 276
16 481 296 242 531 105 530 538 220 419 524 41 453 108 418 55 207
9 555 162 339 310 33 289 490 595 477
7 414 193 355 324 296 333 397
10 360 345 308 219 5 448 134 697 198 385
10 417 406 597 577 635 150 48 676 94 594
11 25 439 320 243 673 171 348 639 380 605 233
8 365 107 288 699 13 619 191 387
11 317 210 441 583 434 225 428 548 674 179 180
12 9 214 149 416 461 246 11 22 660 33 420 307
9 40 2 241 528 340 542 477 426 464
8 508 21 205 672 27 402 162 530
16 70 301 355 458 231 239 571 366 520 506 185 567 518 504 502 425
13 456 222 656 331 168 288 585 639 480 164 41 92 557
9 420 694 548 529 663 343 583 179 606
7 104 273 436 650 384 81 1
11 583 387 530 450 286 540 446 411 636 26 341
9 502 316 181 497 256 386 60 484 572
11 628 446 288 556 391 626 37 209 492 600 455
7 67 429 555 178 691 537 638
8 638 61 569 624 28 125 488 183
17 304 631 351 458 424 142 322 4 221 188 410 313 607 60 439 569 18
9 102 43 698 467 669 699 144 91 392
10 103 448 528 7 243 616 105 634 333 323
13 639 120 369 146 21 555 122 259 287 245 501 214 197
10 72 579 595 601 227 199 171 522 470 633
10 14 22 531 436 183 268 424 630 445 623
11 454 285 525 255 286 339 688 697 109 227 297
16 699 31 179 53 109 626 220 468 251 607 312 331 371 9 363 158
8 664 331 634 208 570 100 606 145
11 421 395 183 445 463 173 521 117 548 570 12
12 687 583 308 619 455 153 527 591 678 35 160 3
9 381 499 175 25 28 492 591 79 245
8 231 692 550 675 14 121 379 348
13 600 83 205 289 76 529 157 495 599 17 158 594 144
9 303 101 46 77 288 421 434 198 201
7 514 425 266 523 36 141 516
7 46 383 528 421 280 273 505
10 44 418 566 116 373 434 109 280 450 659
15 21 99 265 668 499 323 444 468 330 405 559 664 123 408 548
9 86 44 554 328 399 549 382 612 408
7 209 453 380 163 356 447 123
8 51 696 340 672 558 539 418 351
10 398 477 168 435 595 50 217 262 426 104
13 683 33 499 577 271 48 528 506 373 14 212 66 232
11 609 527 63 215 417 230 635 536 618 89 478
8 329 545 40 8 371 183 260 137
9 57 684 301 132 664 643 588 296 636
11 516 72 113 144 302 528 623 333 326 271 51
11 408 495 414 531 488 354 185 4 155 270 332
13 207 314 514 398 392 311 49 409 540 7 660 313 43
9 181 690 203 641 545 356 15 561 339
9 71 134 212 118 695 300 418 532 188
7 588 492 232 219 285 27 679
12 29 655 26 479 379 478 350 499 623 317 239 108
8 555 430 666 673 487 657 32 323
13 268 576 473 251 50 102 367 645 122 646 369 500 337
10 670 75 699 637 388 358 351 332 596 223
9 387 308 491 542 640 163 38 693 27
15 137 661 252 392 532 396 654 219 564 411 448 70 95 226 105
10 316 129 242 116 603 282 53 161 247 230
12 579 198 59 614 553 531 318 593 360 632 550 626
10 245 561 12 18 638 520 556 158 47 443
12 178 522 348 417 341 560 361 556 227 24 465 599
13 198 280 316 685 433 243 427 118 653 159 276 411 104
13 400 370 367 223 113 312 136 389 646 547 589 236 217
9 549 696 534 188 230 327 500 32 263
10 148 347 60 448 376 127 49 458 64 348
7 348 516 115 697 420 97 196
11 269 345 249 509 587 227 204 470 586 483 466
13 259 294 328 231 299 597 594 273 331 50 358 337 126
7 688 674 148 196 399 60 339
9 621 349 305 203 166 525 16 78 580
8 503 429 163 574 126 305 569 168
11 265 585 595 236 472 159 366 23 530 113 105
8 678 473 151 9 597 499 323 432
11 580 244 170 265 186 672 349 294 229 367 169
12 572 594 138 554 583 415 110 585 607 648 357 655
8 315 501 267 224 348 11 91 270
10 386 518 480 624 10 435 527 165 531 291
8 688 314 34 547 525 624 92 337
9 335 293 433 416 515 230 185 271 7
12 59 328 72 57 53 646 317 620 132 285 219 395
18 483 371 687 331 516 460 142 500 141 622 511 340 490 26 32 126 361 323
8 295 181 571 460 41 155 121 7
8 580 348 409 488 217 396 652 69
14 666 373 430 145 591 234 512 257 381 14 30 36 284 488
12 361 485 8 161 700 629 697 105 376 86 186 172
12 292 71 260 469 335 162 97 598 690 178 205 586
13 169 651 231 235 357 35 174 88 329 189 625 560 510
10 531 197 547 164 657 266 13 423 342 311
9 642 72 490 377 286 453 581 659 419
9 538 594 179 606 545 366 580 39 178
13 464 91 1 398 296 562 689 70 505 7 621 601 62
12 154 627 581 242 500 275 572 604 362 543 263 396
12 680 306 199 125 482 339 333 535 528 148 2 241
9 179 586 16 460 374 186 47 83 563
7 346 78 112 173 579 188 336
8 416 633 3 208 647 78 398 594
12 507 605 659 308 165 386 133 486 58 316 27 65
13 567 345 450 625 189 283 273 63 503 500 305 651 2
11 120 479 572 645 278 142 209 575 372 112 502
16 153 397 648 141 575 37 444 583 40 668 456 571 655 228 337 464
14 476 620 281 270 111 115 556 193 285 524 439 14 317 675
8 215 107 50 378 75 468 385 47
15 345 578 346 289 237 85 691 384 112 193 644 64 280 406 503
10 431 256 340 430 521 201 292 344 267 606
20 222 613 488 698 164 457 479 258 293 31 543 421 554 300 522 654 120 212 649 217
15 161 346 345 648 676 272 53 373 320 463 219 192 167 503 334
9 290 683 624 554 68 18 150 7 487
7 398 286 417 262 655 153 260
10 299 590 236 506 143 9 375 681 407 591
9 643 26 83 519 241 260 452 473 61
12 154 429 275 59 159 299 360 262 130 303 351 145
11 399 447 284 43 389 158 559 106 300 631 133
11 296 49 568 28 562 587 5 131 394 216 589
7 631 587 419 160 338 500 281
11 504 373 266 310 652 496 11 599 36 116 62
11 111 527 93 594 496 226 698 33 591 474 473
9 24 498 344 368 35 160 687 165 211
9 489 105 192 352 412 424 589 643 137
12 666 307 184 564 553 623 278 83 125 192 346 359
9 53 20 463 417 133 154 575 289 693
9 525 295 464 406 336 597 332 145 130
8 493 482 101 422 490 41 640 365
14 12 11 424 159 213 342 119 130 286 272 427 178 280 678
9 415 491 368 227 1 216 686 131 80
11 3 39 615 213 602 182 492 690 541 299 280
11 89 83 338 514 592 46 476 50 596 411 13
7 594 177 247 452 157 115 525
12 436 407 85 694 665 682 254 551 195 164 198 593
8 371 127 357 339 287 643 406 253
7 680 608 318 6 641 181 650
14 169 363 8 490 213 536 663 141 251 423 322 205 588 555
14 2 540 153 549 321 255 633 59 683 251 65 615 687 630
10 229 468 150 237 583 517 124 679 353 92
10 138 350 403 576 549 698 43 419 619 241
13 632 339 311 14 108 13 272 72 394 101 646 362 264
14 667 423 488 656 497 534 562 541 240 327 239 274 449 664
13 82 661 526 206 519 589 564 8 170 562 529 115 451
9 309 382 412 614 101 47 542 595 681
8 436 358 408 591 192 606 176 279
14 321 698 251 539 5 98 255 393 477 655 448 91 197 420
11 475 289 252 638 409 507 611 5 424 204 354
14 97 271 34 336 306 90 111 683 257 275 18 196 422 542
10 659 597 462 619 296 131 426 362 280 491
9 391 320 350 366 546 50 380 348 441
7 19 231 298 434 32 129 24
7 62 410 384 239 499 307 341
7 443 537 144 315 533 116 652
8 479 515 304 474 381 242 592 215
9 133 2 200 11 252 473 510 328 137
8 211 606 693 496 540 12 514 8
15 40 52 509 333 589 45 400 197 95 674 364 625 336 166 443
9 417 50 280 597 579 636 391 217 425
10 514 374 268 3 324 253 360 70 566 4
7 690 21 199 131 529 663 193
11 21 682 286 388 600 107 257 231 150 279 623
14 97 106 498 564 301 643 153 439 174 80 151 642 632 290
9 472 629 157 62 364 334 292 153 256
12 283 48 424 214 212 446 695 209 357 649 657 354
11 454 585 648 567 411 256 140 4 186 315 156
17 584 193 160 249 408 643 197 287 328 696 19 475 612 71 122 470 119
10 37 317 515 73 445 74 469 559 293 189
9 205 436 336 588 417 351 590 287 35
14 60 212 563 107 268 660 15 195 356 163 400 426 113 440
12 471 75 2 613 464 523 437 607 493 268 595 335
15 106 307 696 48 555 271 126 423 310 95 93 382 251 299 11
7 602 207 21 58 420 73 499
7 206 311 569 549 343 391 632
7 112 256 20 600 332 132 254
7 52 559 644 595 296 475 642
10 178 420 169 131 395 481 168 313 512 60
16 244 652 498 273 60 481 458 514 84 605 640 201 658 632 206 561
9 48 448 170 109 336 649 391 510 694
11 197 321 652 142 37 487 521 305 184 543 656
10 302 401 538 533 325 232 398 689 275 551
8 303 300 292 421 289 593 234 229
7 513 438 677 118 572 404 521
10 398 462 348 323 491 639 621 309 176 482
12 635 490 261 61 619 100 455 569 468 403 656 294
13 598 610 64 435 375 631 412 310 295 114 510 401 108
11 567 562 582 490 635 597 53 415 271 8 361
9 200 437 491 97 516 469 295 45 253
14 595 576 358 110 295 114 494 65 469 208 435 212 40 604
9 663 203 600 414 259 148 57 590 613
9 202 87 85 22 471 452 310 573 276
13 172 517 20 622 465 10 402 689 515 190 449 547 663
8 625 375 92 19 616 673 458 181
12 693 46 151 120 501 497 382 246 35 323 664 208
8 610 408 155 285 564 214 432 579
14 68 7 286 409 550 449 152 492 689 520 59 241 108 490
7 285 583 205 133 252 237 165
9 381 538 470 407 623 153 43 528 19
10 396 80 182 308 254 339 225 554 601 129
7 408 101 607 528 203 649 169
9 460 125 380 446 563 549 262 569 274
11 380 111 69 243 482 343 474 572 459 148 110
12 549 105 392 381 462 451 361 136 307 510 658 133
13 466 78 23 345 643 597 637 195 297 140 164 95 295
15 317 174 647 379 391 607 387 672 18 365 580 191 588 217 677
14 682 293 6 523 541 329 460 461 189 675 591 590 337 26
16 692 693 620 244 612 133 166 337 380 389 679 327 139 487 409 592
12 656 218 688 657 67 151 209 113 497 629 378 36
10 488 67 206 541 456 317 15 676 193 648
11 237 101 186 327 225 316 241 79 387 354 115
10 372 2 475 605 158 330 495 69 403 621
9 85 315 158 394 153 658 422 278 262
11 238 130 599 535 119 496 563 241 217 276 132
10 93 322 14 502 390 400 553 121 610 632
8 304 686 305 407 372 119 171 38
12 295 264 545 280 294 275 74 135 641 59 168 643
9 544 251 11 238 365 677 278 256 443
9 369 543 460 435 142 471 111 296 394
9 298 383 370 364 541 548 345 244 42
9 687 340 254 134 553 246 267 401 30
10 600 231 290 527 28 518 380 343 211 88
10 169 161 425 47 98 427 190 648 307 189
14 574 418 73 491 356 462 16 127 42 256 290 224 364 619
11 640 585 162 342 441 79 101 463 458 450 321
8 320 86 101 632 157 293 538 241
17 228 482 594 626 487 425 690 595 242 31 221 507 502 270 490 192 650
10 282 157 321 32 204 422 631 693 644 402
14 580 377 556 17 179 63 550 96 684 74 515 97 498 437
7 285 18 329 180 614 53 405
9 231 120 399 687 363 485 469 419 12
12 59 429 688 311 371 301 484 48 693 381 187 247
9 50 700 98 480 246 500 185 557 303
11 635 131 567 264 138 619 178 242 10 502 135
11 343 289 160 231 133 26 639 366 317 674 165
8 269 353 84 299 270 157 122 203
13 651 385 166 445 188 347 133 62 190 371 266 237 23
9 493 138 287 652 214 662 527 396 50
9 83 498 111 352 109 665 232 244 608
10 604 333 325 233 146 266 650 323 520 436
8 240 70 72 53 627 588 608 565
20 576 268 56 130 482 92 331 27 182 20 255 80 463 12 597 309 466 220 524 374
10 577 564 179 231 385 418 449 407 353 569
11 328 615 619 692 303 326 532 696 196 606 8
12 299 222 459 111 482 282 661 568 134 6 484 584
7 259 362 661 58 363 233 691
11 563 671 417 240 403 613 564 692 241 445 91
12 536 101 342 23 158 29 625 90 274 511 308 603
15 249 168 211 614 42 23 248 455 414 244 215 147 696 391 386
10 247 73 67 640 450 307 59 618 621 411
13 657 116 30 661 380 396 239 600 697 88 295 377 347
9 694 162 665 99 405 95 542 252 154
17 454 556 45 23 637 474 341 170 310 427 31 234 189 499 235 46 107
8 161 699 493 684 184 370 596 507
8 314 99 39 560 380 580 215 203
18 556 391 122 594 507 691 261 37 87 260 634 538 331 168 356 224 132 410
13 334 145 344 257 476 449 140 422 304 113 421 478 525
11 417 613 700 283 37 143 17 45 665 491 661
11 417 40 435 639 344 668 426 186 535 290 253
17 533 20 578 92 487 592 644 517 178 152 595 262 679 508 532 49 408
12 172 631 102 160 339 142 189 612 615 343 215 380
12 507 513 498 678 300 559 458 315 615 366 257 407
7 570 627 198 285 415 333 14
12 163 148 657 260 678 131 147 679 628 418 83 258
15 398 96 464 162 233 199 89 447 234 413 596 657 288 446 594
8 136 452 140 143 390 179 127 219
22 581 11 534 636 359 10 572 286 307 698 292 591 173 586 427 109 266 495 195 608 421 672
10 578 297 374 576 326 243 615 104 507 133
11 109 233 247 71 623 525 472 12 409 397 246
7 186 65 103 413 467 328 243
8 203 578 587 465 528 165 33 560
7 19 149 580 12 415 360 278
7 107 617 570 170 313 237 61
10 565 273 698 620 568 219 538 24 408 366
11 260 363 582 28 21 164 328 209 14 97 267
14 651 213 204 652 68 360 452 601 129 274 676 592 464 190
11 568 471 183 357 548 639 106 596 7 514 190
7 343 592 433 40 311 432 501
15 204 479 499 597 349 512 379 448 48 19 461 120 163 251 224
9 170 340 91 295 308 486 102 465 586
9 276 594 360 559 239 540 58 437 63
18 445 39 529 612 108 356 618 698 30 483 626 204 441 121 88 154 477 391
7 415 136 95 290 55 175 209
18 654 688 112 588 541 201 644 419 384 30 699 205 631 383 691 36 313 253
9 159 472 261 531 192 690 454 122 554
9 253 43 111 335 156 683 108 672 58
8 70 318 27 375 700 259 173 118
9 638 278 352 435 182 612 236 544 272
7 111 199 57 173 47 510 648
9 696 198 278 607 649 518 660 592 614
13 344 467 598 59 133 43 546 323 533 374 87 108 411
8 79 82 279 85 427 127 216 469
16 650 57 395 635 568 238 7 484 350 668 279 456 299 348 276 355
8 94 441 606 47 14 249 93 243
10 163 57 424 443 390 433 156 522 323 570
13 48 458 657 52 92 98 113 396 662 166 485 82 542
19 365 289 30 44 327 274 323 221 179 451 601 354 124 478 675 437 576 197 521
7 117 590 211 258 551 579 271
14 496 312 626 491 131 567 221 139 387 605 402 86 641 290
13 597 172 505 292 580 394 206 524 554 593 523 265 231
14 220 667 234 641 218 68 634 398 309 662 636 178 161 75
8 526 499 259 18 364 405 132 352
12 537 219 187 603 391 590 72 169 237 558 482 81
11 647 390 175 273 591 10 100 346 638 99 389
8 624 428 695 614 290 549 538 579
7 141 216 72 605 507 245 57
9 557 406 341 292 276 488 334 680 19
14 402 183 48 5 605 547 683 52 490 612 50 563 214 240
11 89 697 625 403 397 366 402 344 49 11 385
7 682 140 102 194 656 151 39
12 495 89 501 608 684 464 320 548 569 454 694 483
10 34 553 139 319 135 36 296 595 131 93
12 111 138 501 671 237 367 662 535 175 578 552 177
12 635 388 105 249 674 282 40 556 617 660 47 286
7 509 309 588 661 576 201 548
8 380 268 155 369 84 429 366 271
9 436 266 72 595 475 315 343 570 460
14 373 558 297 469 184 109 375 9 508 406 612 502 632 338
15 174 437 508 509 309 528 592 311 12 72 618 633 135 383 203
11 324 81 541 659 118 369 650 679 164 217 43
8 328 101 612 82 296 664 251 300
11 217 112 353 289 250 6 87 482 110 133 312
11 197 73 14 371 563 176 24 153 664 341 399
7 287 69 154 242 462 76 522
12 556 164 390 536 13 434 152 223 550 132 414 589
7 353 275 291 308 40 449 222
11 85 555 92 578 214 91 549 192 590 468 416
11 146 270 427 528 676 494 691 428 153 43 48
11 75 362 18 661 570 138 234 174 306 13 698
12 61 194 221 92 378 469 358 70 320 417 448 423
11 300 262 106 181 548 35 673 425 614 378 74
15 81 565 555 54 243 680 516 91 207 122 581 660 662 539 109
11 477 215 157 103 211 691 101 464 465 64 406
12 127 649 687 520 264 207 190 147 122 638 390 201
8 166 438 119 451 358 101 40 615
12 26 605 473 672 124 93 235 70 488 72 620 278
8 252 363 72 623 129 667 425 62
9 540 112 81 416 157 699 315 142 186
12 303 487 296 441 266 421 309 307 92 139 240 627
16 444 258 634 129 613 522 97 390 91 515 272 59 664 294 195 31
9 559 380 164 480 591 296 50 289 112
9 311 571 43 551 597 640 365 321 162
7 388 627 606 155 349 140 107
7 470 29 519 221 339 594 315
12 366 629 252 313 262 513 295 373 576 499 199 566
8 491 676 39 575 542 109 684 231
7 526 231 111 567 160 497 506
11 211 267 319 289 7 521 254 471 6 568 494
7 261 129 519 571 167 239 535
7 232 564 12 557 498 624 65
14 256 532 221 140 623 424 534 403 302 531 440 645 271 615
11 324 177 137 314 98 603 19 270 653 457 414
8 171 451 78 267 630 366 262 557
11 472 42 588 188 470 256 416 244 460 539 499
7 292 605 250 59 370 673 549
11 172 547 358 476 651 500 252 459 545 418 128
16 607 626 236 434 131 531 534 46 47 11 69 380 77 574 7 277
9 553 98 106 512 559 357 242 351 414
11 548 190 566 450 401 169 672 297 568 660 194
7 11 215 260 304 662 38 566
13 119 87 2 449 9 109 297 230 285 391 74 540 179
7 622 412 384 320 51 555 615
8 626 444 227 495 69 164 132 403
13 294 652 651 342 50 661 473 566 201 40 105 179 168
10 518 202 486 233 89 381 18 596 409 598
16 245 307 580 645 444 669 464 167 631 529 203 540 348 447 266 264
11 561 183 595 389 658 326 588 371 149 226 417
11 575 371 237 399 311 611 215 15 398 66 264
7 616 281 53 469 378 520 267
10 450 102 292 280 353 124 112 670 700 34
10 691 541 474 683 190 579 692 639 83 280
7 525 643 505 138 261 419 585
8 623 108 402 641 119 514 31 366
14 655 271 24 138 83 220 378 37 581 456 267 428 215 278
8 341 606 50 527 572 268 36 623
19 135 361 700 78 258 679 673 538 656 214 473 43 649 524 170 26 246 625 587
8 388 517 634 306 204 98 620 170
9 73 124 114 178 697 482 345 211 582
8 524 494 347 546 89 303 127 476
14 280 255 409 415 425 320 41 71 104 253 277 545 435 617
13 503 18 193 104 352 610 616 71 95 309 322 96 141
14 205 125 314 419 82 601 458 112 692 109 310 630 655 24
10 176 173 533 210 493 160 338 451 421 65
8 173 608 454 407 665 612 237 365
10 111 283 101 491 84 568 497 602 418 131
12 491 408 488 437 686 137 62 33 269 101 334 628
11 602 294 507 123 65 196 429 151 335 254 508
9 542 402 326 646 352 576 231 668 426
12 498 312 153 417 599 27 641 346 177 339 422 464
23 636 497 175 114 23 577 73 595 352 308 209 518 563 445 344 280 486 5 79 523 685 403 109
8 379 537 16 192 659 238 255 235
8 642 22 152 397 288 236 84 440
8 131 474 649 29 505 172 343 320
8 398 473 354 406 218 458 152 549
8 423 394 351 635 148 308 503 528
10 468 61 144 627 201 3 239 644 394 454
12 108 519 279 650 19 247 496 226 644 630 537 132
11 376 44 635 561 493 166 473 72 654 487 372
9 511 623 514 50 574 510 413 696 607
12 484 635 607 161 340 544 461 595 121 142 379 612
13 470 111 435 620 682 353 275 159 462 310 417 527 387
11 617 625 510 512 373 365 42 37 257 503 374
11 289 121 246 505 273 303 272 171 75 622 238
8 190 523 9 147 588 200 538 477
9 199 495 108 322 177 151 231 405 532
11 250 595 198 95 293 388 420 255 684 46 113
11 468 526 269 163 525 508 191 345 653 493 332
7 547 239 45 667 570 297 534
11 531 324 425 5 107 182 280 161 565 574 169
10 503 650 682 377 160 333 66 428 325 98
9 298 614 633 51 501 425 315 75 220
10 468 3 313 415 302 95 112 641 38 378
7 483 263 464 531 641 404 36
8 216 189 569 598 243 140 654 553
11 87 44 608 294 550 217 612 314 492 698 539
14 547 608 30 187 192 353 437 644 294 459 284 137 247 95
16 381 168 620 58 523 2 139 299 135 15 512 16 673 203 24 295
7 357 672 344 138 398 425 322
9 353 666 567 401 181 37 664 165 296
8 464 654 477 115 570 508 518 295
10 382 288 185 668 35 473 128 623 73 189
14 449 291 252 474 398 213 378 244 410 211 471 461 392 54
12 87 34 184 214 315 462 266 204 132 1 20 356
13 330 525 14 8 114 154 455 104 112 278 181 90 287
10 610 432 323 107 219 97 254 93 179 327
15 562 509 43 667 116 626 629 172 79 676 612 469 324 332 410
11 217 645 73 576 671 447 485 278 587 686 395
8 14 432 552 338 193 17 483 288
7 691 318 19 593 621 122 319
8 107 194 334 605 165 528 443 545
12 474 642 290 477 649 418 187 292 52 414 575 486
18 90 549 596 280 39 294 341 303 510 124 399 545 132 355 641 302 50 135
9 105 374 99 224 189 241 127 595 113
11 676 659 668 683 34 225 204 4 196 107 238
12 247 305 404 658 128 394 588 224 279 452 423 490
8 500 117 541 416 340 268 573 144
10 38 681 155 506 193 95 215 383 499 142
9 141 441 279 161 92 30 72 87 537
15 173 528 326 523 68 380 244 149 467 47 568 639 567 505 507
13 77 551 28 680 55 350 246 362 532 309 323 412 371
10 544 558 31 462 6 535 381 405 529 646
17 359 540 474 43 48 47 422 328 11 148 210 216 602 103 310 164 694
10 36 170 523 114 158 53 127 234 45 440
8 600 303 94 640 232 291 92 407
11 406 518 484 547 276 53 289 573 151 619 667
15 190 259 166 198 622 39 421 443 426 74 526 511 84 257 612
14 276 112 17 290 351 289 258 334 453 505 202 352 585 55
13 185 163 454 456 479 533 262 313 427 395 18 166 642
10 534 211 622 681 613 680 99 329 140 453
7 369 685 55 686 19 378 409
9 430 193 683 529 397 160 293 172 379
7 119 50 448 570 310 680 432
13 262 533 136 289 548 418 450 673 507 369 700 622 134
8 591 103 684 508 664 221 539 431
13 74 666 616 587 636 410 637 631 467 576 547 312 338
16 466 263 67 591 627 467 87 352 582 663 567 341 479 634 187 618
11 208 127 583 446 211 88 464 159 28 169 82
8 430 240 104 158 420 363 136 77
10 64 111 179 526 585 474 569 513 206 286
11 645 321 455 300 104 433 246 196 6 142 653
7 513 670 258 481 231 111 402
9 329 425 529 1 247 600 576 645 198
8 109 484 135 219 563 526 578 196
7 462 312 369 301 589 474 629
17 488 389 513 285 575 439 43 483 662 347 122 135 82 383 237 109 60
10 361 142 503 671 197 377 608 232 192 316
15 278 164 312 617 537 440 601 646 589 543 329 53 291 663 17
9 61 542 564 163 429 416 282 553 391
14 239 341 591 215 4 677 216 640 460 392 439 304 261 67
12 318 230 361 642 216 168 369 501 406 176 58 36
11 63 226 101 434 697 17 665 333 416 379 213
9 636 440 479 573 249 408 459 371 192
11 603 267 373 45 184 581 378 233 655 682 654
8 52 215 218 210 29 370 414 139
8 20 129 88 70 380 416 86 172
7 249 262 295 261 77 601 47
10 246 262 658 319 107 240 268 203 285 388
12 170 263 367 566 598 62 142 42 236 220 473 590
9 154 13 310 306 94 542 592 469 642
9 628 262 418 303 197 215 189 235 250
9 84 376 197 686 604 665 465 654 649
12 677 240 525 6 424 548 120 89 58 619 460 656
11 590 232 345 597 143 97 534 315 671 591 398
9 62 27 504 474 156 63 665 143 662
11 172 480 544 66 154 194 591 484 414 265 325
11 360 429 466 436 66 315 174 208 520 642 567
10 585 17 442 545 287 119 160 563 108 510
9 340 580 658 149 382 160 83 301 367
12 476 297 143 610 636 414 249 179 514 188 145 131
9 436 112 52 508 547 432 345 70 635
16 245 467 338 408 609 135 677 430 697 482 18 512 511 253 12 642
7 298 517 591 470 75 666 84
9 438 104 157 471 332 426 184 227 525
10 503 92 594 550 641 698 610 329 488 642
10 335 10 631 693 344 663 648 532 76 554
9 211 538 21 589 262 20 251 102 504
13 390 458 96 215 426 125 473 658 317 290 24 466 165
14 390 434 658 405 157 282 387 439 133 509 365 418 73 117
7 117 517 647 693 193 651 538
10 354 123 250 671 77 144 424 268 311 466
11 122 351 4 424 428 216 258 90 235 221 290
11 405 317 420 581 402 145 495 644 91 677 56
9 592 164 479 362 532 517 444 498 28
10 642 21 156 252 274 507 244 332 591 324
13 13 543 330 505 700 228 660 83 124 214 392 249 240
13 436 635 306 699 602 117 546 10 534 456 535 451 347
9 259 411 556 505 398 364 566 81 319
12 498 165 134 250 207 623 419 679 342 686 560 673
14 143 108 107 616 56 655 649 199 223 398 77 555 216 527
10 553 291 96 581 555 558 76 494 99 517
8 458 581 616 258 607 284 511 192
10 293 461 199 43 376 320 373 555 435 383
14 120 29 478 219 218 106 353 176 164 162 423 100 635 142
8 342 169 209 596 190 434 365 505
11 651 264 399 69 466 626 645 15 511 168 233
10 573 43 657 486 518 290 513 120 448 58
8 544 84 431 379 513 205 416 453
17 356 261 668 79 359 66 438 585 574 343 551 154 401 103 89 536 286
7 263 401 585 14 584 150 328
12 270 284 500 80 562 435 473 655 453 382 563 356
11 387 656 584 173 320 495 381 550 373 518 260
10 278 506 161 21 193 595 177 9 297 431
9 137 462 502 692 303 33 17 226 621
11 570 29 7 190 284 655 318 235 615 591 208
10 566 685 299 479 338 176 611 98 5 244
12 560 605 671 582 362 412 60 399 515 413 94 590
15 286 30 615 613 696 627 306 249 678 12 327 679 654 80 389
8 519 109 469 581 53 264 661 575
10 243 598 15 611 151 110 204 180 329 433
8 213 27 356 607 549 668 516 143
9 356 37 214 462 423 389 582 146 227
15 333 545 667 257 48 329 263 394 476 442 460 381 443 496 146
12 166 552 561 315 654 580 55 145 533 351 199 445
8 548 160 426 59 303 441 650 138
15 253 689 303 213 473 285 313 42 580 233 486 172 178 103 621
12 495 124 84 167 329 514 123 334 455 650 389 581
9 147 662 118 12 272 695 250 572 664
9 410 60 546 439 90 589 337 83 310
13 351 556 615 151 218 532 263 616 153 582 89 594 110
16 672 660 59 30 394 569 553 200 588 272 505 485 180 498 354 28
14 4 623 230 442 191 529 47 204 112 55 368 290 289 27
7 291 363 274 455 98 179 91
7 695 634 516 552 192 24 302
16 63 274 409 307 673 508 278 672 461 98 238 527 410 488 244 291
9 515 260 241 329 301 686 46 624 110
18 543 89 371 37 257 493 360 584 275 515 642 194 222 647 617 221 572 130
11 167 510 436 197 451 345 627 9 326 686 101
9 512 480 196 114 258 324 84 573 40
7 104 406 162 267 591 680 355
14 605 621 588 687 551 152 157 362 52 688 6 19 693 668
10 9 112 534 317 320 162 429 584 622 129
8 628 207 343 15 525 91 472 398
11 684 256 2 447 544 242 500 104 504 357 268
10 111 212 697 41 477 260 669 631 428 115
11 208 29 286 363 341 407 483 83 377 356 63
9 314 141 68 108 82 125 281 319 409
11 658 240 4 131 479 177 310 478 579 573 243
8 666 634 660 661 420 679 510 297
14 117 179 651 186 112 662 103 32 431 349 591 418 699 421
11 561 219 182 312 167 440 159 582 586 677 73
14 244 106 401 576 521 616 694 251 680 1 99 13 305 246
8 644 325 436 531 37 321 618 46
8 1 385 67 630 44 301 695 132
9 89 40 132 4 590 197 378 229 595
7 103 687 24 644 473 462 186
8 34 647 594 184 672 86 370 360
8 558 189 207 423 115 650 370 615
7 169 292 82 445 376 286 406
7 427 50 516 93 264 648 624
12 173 686 125 316 579 456 593 390 695 415 391 430
9 573 97 274 2 119 242 340 107 383
11 344 351 677 505 561 539 649 696 675 534 159
10 77 531 489 266 379 52 150 310 471 295
7 470 284 612 188 181 420 285
9 269 569 400 333 272 143 571 377 312
14 370 690 309 53 8 24 600 77 544 23 244 16 678 512
18 619 661 309 475 194 88 318 489 200 678 283 157 121 491 155 119 418 196
12 212 386 76 269 280 218 207 268 466 416 34 632
15 167 19 439 481 311 216 291 252 362 456 542 264 360 172 273
8 231 157 541 558 164 419 401 683
11 389 251 235 160 432 111 425 581 439 395 576
14 596 294 576 373 508 204 117 522 166 261 72 155 577 680
8 186 65 693 567 123 34 15 42
11 662 424 196 492 144 579 154 281 371 73 76
14 420 52 357 691 576 379 84 260 451 561 47 547 23 255
10 271 350 553 211 611 188 209 161 305 142
11 371 90 62 51 342 181 102 17 237 677 407
9 519 334 245 97 168 232 693 251 387
12 619 312 42 226 23 409 146 142 625 489 683 274
10 452 697 516 436 396 397 312 36 285 375
8 6 417 93 115 650 251 208 163
9 561 267 419 555 369 663 665 537 24
8 345 502 503 604 535 121 639 634
11 143 298 131 569 318 191 587 620 427 514 117
11 241 86 125 402 294 130 617 351 25 170 179
12 225 666 282 524 279 63 132 521 78 312 254 72
8 107 363 130 400 457 348 300 460
14 561 142 645 548 272 280 458 29 197 54 402 610 156 363
11 406 689 669 440 216 494 414 71 420 356 264
10 77 386 455 330 3 656 29 396 315 217
10 56 65 683 317 546 143 422 478 539 158
11 523 669 217 554 524 377 191 145 417 327 99
16 136 526 382 699 381 148 696 159 473 298 245 27 423 533 146 269
10 465 40 392 448 651 169 127 144 624 519
10 678 22 563 156 47 43 109 222 123 684
12 390 228 150 417 16 117 245 177 450 419 152 78
9 325 352 373 505 11 379 524 423 644
8 314 477 640 35 387 103 562 582
14 473 262 243 430 2 559 117 385 357 273 311 695 237 622
12 331 362 406 459 2 584 69 577 405 558 7 603
7 277 437 688 693 375 499 617
9 379 108 460 581 689 213 14 290 547
17 489 25 133 667 450 664 461 656 177 279 244 451 80 365 470 540 72
14 240 219 350 330 109 249 170 571 532 297 397 313 161 81
10 64 466 80 129 583 84 452 273 669 134
10 539 511 47 659 306 452 606 230 299 114
11 392 572 193 439 583 498 123 401 331 230 51
15 127 610 588 269 640 218 22 468 651 669 697 609 521 267 543
10 308 452 176 419 412 634 478 694 233 51
12 415 316 646 512 258 304 214 342 118 688 39 627
11 374 609 477 208 606 231 346 73 296 266 102
7 502 146 292 180 113 383 467
9 49 197 300 620 321 19 668 258 10
9 277 633 396 324 475 129 605 597 575
9 459 405 542 254 60 287 238 1 607
7 679 691 280 51 606 511 328
14 595 354 532 312 397 416 236 152 678 636 247 681 374 302
18 51 356 636 212 321 307 485 275 13 199 222 198 322 238 24 663 644 438
12 434 364 303 192 138 171 584 371 167 395 360 525
11 359 685 392 191 439 576 643 28 438 184 700
13 492 197 446 681 172 420 208 39 521 321 524 596 551
11 238 295 205 75 233 166 697 429 570 658 399
9 578 256 263 178 657 436 437 376 463
14 479 394 654 476 309 581 199 81 574 669 37 514 388 41
8 433 199 594 648 307 466 606 305
8 192 103 107 200 121 461 582 335
13 607 19 579 378 545 270 247 411 215 109 67 111 235
11 243 510 178 478 459 181 372 390 667 7 348
12 353 654 294 139 290 9 695 176 349 77 405 17
9 53 337 31 123 558 536 398 96 10
9 630 126 13 114 436 276 389 282 360
9 184 7 22 53 639 579 307 28 26
10 351 63 148 357 94 473 308 683 136 215
9 623 257 6 678 105 547 290 19 689
11 77 271 570 265 695 36 266 181 340 628 161
11 369 355 344 268 84 494 361 56 410 403 699
7 180 103 285 252 675 617 45
7 529 427 249 231 236 681 666
13 550 476 237 247 64 357 577 162 408 254 81 552 390
16 511 593 369 92 378 381 405 67 71 65 118 483 537 137 557 289
11 638 532 72 690 81 210 366 70 235 507 160
13 641 453 360 530 516 133 82 656 181 537 614 440 162
10 408 190 621 111 544 162 451 681 279 380
11 605 463 92 323 567 78 76 291 69 52 150
12 157 283 502 677 611 53 403 161 286 277 390 618
8 547 549 673 340 5 138 184 410
9 460 601 652 273 442 340 24 684 568
12 316 164 341 546 455 538 560 198 75 52 223 62
12 243 79 591 168 586 137 212 510 565 260 199 544
9 219 445 356 324 648 48 526 513 375
10 450 127 176 328 600 646 550 61 490 342
13 398 543 499 173 688 660 648 469 442 429 275 333 486
12 107 149 405 587 585 176 259 615 101 452 69 321
10 333 503 626 51 643 44 459 208 233 384
16 493 363 245 644 383 28 37 247 129 250 38 85 640 381 310 610
10 277 680 183 343 200 626 496 520 342 129
7 366 178 570 449 537 538 119
14 676 106 506 624 16 97 370 196 671 253 629 263 672 597
10 344 137 279 636 94 246 421 629 14 196
7 251 68 384 265 65 247 202
17 557 583 181 687 65 48 304 11 624 560 96 79 328 36 245 385 366
12 616 107 273 682 265 549 543 99 620 113 57 612
12 23 441 46 226 158 567 279 618 413 610 360 338
12 451 569 614 364 682 11 290 666 294 409 44 40
7 423 37 672 225 119 596 274
