1000 100 5
17 39 100 43 32 20 97 84 69 24 99 17 60 75 42 58 91 35
17 95 16 27 18 78 41 47 5 4 84 26 87 17 93 45 98 28
13 78 64 57 98 3 46 88 89 83 6 36 5 66
25 5 79 58 49 70 20 51 71 88 68 96 21 46 100 75 6 24 64 74 44 99 87 86 18 45
19 29 97 85 73 47 57 28 6 21 75 54 38 17 72 44 98 26 58 49
15 80 3 14 69 32 83 61 52 67 74 57 34 8 46 4
17 14 10 52 95 50 84 24 59 51 42 45 99 53 44 87 92 54
19 15 40 47 17 52 16 80 59 22 43 66 26 87 51 82 55 2 3 9
16 47 55 99 88 17 95 49 36 11 18 14 59 100 78 41 67
21 10 64 72 50 100 84 52 3 99 36 16 22 74 67 33 4 42 65 73 13 1
17 5 27 30 16 86 87 75 37 54 3 53 15 41 2 9 35 60
17 94 18 25 51 23 88 85 67 47 20 80 10 2 69 46 96 89
17 45 26 62 30 24 89 65 47 83 97 55 49 68 96 8 1 3
22 71 38 24 39 60 97 86 59 69 4 64 53 44 100 92 63 33 55 58 99 81 23
17 25 46 2 30 51 81 42 96 43 92 35 60 29 13 14 3 53
20 20 7 32 30 73 51 43 2 8 87 1 29 72 41 3 23 13 12 37 98
24 85 84 35 78 64 30 5 73 16 29 61 8 28 13 93 45 96 10 42 21 47 2 22 94
23 35 34 86 14 46 91 44 53 17 49 22 23 5 45 97 92 58 2 56 79 69 61 59
21 31 36 86 72 47 13 63 14 76 75 50 17 42 56 16 52 73 46 27 84 61
22 41 72 6 33 19 84 65 97 86 39 75 76 91 4 45 59 66 15 89 32 21 7
25 59 18 44 6 90 92 89 22 80 19 24 67 97 11 87 72 12 82 49 68 38 20 7 23 77
18 14 99 21 49 13 31 88 19 12 7 15 36 62 17 55 4 42 34
17 16 82 47 61 86 22 18 44 12 37 78 6 66 54 84 8 62
17 6 50 59 41 51 17 48 25 43 11 8 94 55 4 57 38 31
25 1 40 15 51 79 53 43 64 22 100 38 45 6 99 91 83 18 34 76 94 92 61 88 56 19
19 8 32 20 36 12 7 69 87 97 4 93 38 13 19 53 100 10 42 62
23 41 44 62 75 99 42 92 46 51 91 54 24 14 55 45 15 39 85 67 12 71 86 17
9 75 48 60 23 17 4 49 42 100
20 54 45 30 95 50 92 78 36 74 88 10 98 73 42 56 17 100 63 19 53
17 59 43 37 81 55 5 2 9 29 75 11 72 100 31 74 77 62
18 51 57 100 56 95 2 30 15 73 94 68 58 50 86 88 65 13 71
25 75 53 31 34 32 91 1 47 23 11 10 57 37 96 33 79 85 90 15 67 71 48 13 69 61
16 37 7 8 87 28 51 39 97 100 64 4 36 71 89 99 95
24 7 32 41 68 42 95 1 22 84 90 8 80 12 79 39 64 76 74 91 82 56 16 50 98
14 22 63 49 4 73 55 53 78 12 52 94 27 45 6
19 31 15 6 97 25 42 86 82 72 96 100 60 41 16 22 9 44 10 40
18 94 25 75 47 17 24 63 85 33 58 40 50 68 44 51 29 66 69
19 96 2 66 25 57 22 27 12 45 70 14 50 3 53 100 79 5 16 85
9 31 28 89 14 21 8 92 48 83
16 28 85 1 25 7 6 59 65 77 89 57 46 69 47 17 74
16 50 56 74 73 100 24 90 36 10 12 96 61 26 94 57 47
19 73 51 79 84 88 42 27 99 59 63 43 12 81 32 7 16 50 67 4
18 77 65 24 84 18 48 99 19 38 79 9 94 36 5 51 64 70 80
19 97 60 70 87 41 36 17 46 67 94 92 80 64 11 73 26 53 2 68
18 63 58 28 25 6 60 94 1 76 30 79 55 4 66 96 80 16 37
25 28 73 53 88 18 46 81 65 98 100 3 52 74 59 38 95 50 64 41 97 14 94 7 70 63
21 39 38 33 91 52 6 23 93 83 21 41 34 35 64 98 62 30 2 28 29 71
25 49 90 25 13 100 72 24 74 87 75 81 23 52 26 92 76 32 28 50 82 73 61 21 51 3
18 32 38 15 97 73 85 63 71 26 7 23 99 70 54 67 20 89 13
16 78 61 42 96 27 51 38 91 87 9 49 93 74 11 63 89
20 68 57 18 40 91 84 27 77 45 70 24 60 76 4 12 8 44 59 23 63
20 71 2 77 57 86 14 58 49 3 42 62 21 23 39 72 9 63 60 81 22
22 16 9 65 5 47 44 29 41 23 89 38 90 39 57 1 37 74 7 3 92 60 95
15 91 43 92 77 84 61 3 72 54 83 66 71 52 24 38
23 1 37 81 80 86 87 16 84 61 68 99 28 40 53 2 57 98 72 83 31 13 58 92
23 25 94 16 3 58 96 79 9 7 99 93 46 13 24 22 70 41 87 67 81 30 29 74
21 80 54 36 17 72 57 12 62 46 79 47 38 74 76 6 41 2 88 15 96 10
20 56 22 78 61 82 75 3 28 18 21 38 94 51 31 60 55 6 19 14 40
24 28 8 27 94 71 47 4 73 100 91 41 61 34 69 31 90 40 33 86 59 37 45 26 14
21 84 37 13 16 34 95 40 61 3 100 60 96 85 49 79 92 14 20 80 82 15
22 70 63 83 97 68 67 4 17 31 37 6 92 50 79 60 1 30 80 3 11 85 24
21 15 67 33 11 46 77 55 17 70 9 62 37 8 94 78 61 20 5 53 38 81
19 38 95 57 80 85 30 64 7 79 2 94 81 14 43 60 84 31 9 70
21 76 100 58 49 31 13 86 45 57 50 14 95 1 29 82 18 64 74 70 12 72
24 22 56 92 61 32 31 37 76 40 99 41 65 14 8 59 4 58 47 11 46 100 26 88 94
13 23 69 65 68 38 83 73 35 81 94 32 100 71
17 47 23 92 26 13 58 96 54 67 39 94 56 17 65 49 11 85
20 25 87 78 66 92 1 30 13 54 43 12 73 79 67 83 31 26 40 11 61
17 53 63 64 61 58 24 96 54 81 30 57 94 38 90 46 72 39
24 76 43 41 51 95 13 62 54 5 97 9 75 39 58 63 15 56 67 94 64 14 32 34 11
22 55 6 50 69 83 62 81 10 80 72 43 67 100 19 91 4 87 92 93 25 3 30
17 25 13 31 84 54 71 88 14 95 97 61 6 67 12 8 76 16
22 6 17 30 59 1 78 52 58 31 60 50 62 48 21 100 9 79 80 75 73 81 28
19 100 48 19 76 52 37 47 99 42 40 87 41 28 91 75 81 86 9 84
23 57 88 89 42 94 30 27 56 11 78 34 50 63 25 36 17 61 8 16 71 28 51 64
24 51 8 97 88 94 54 15 25 36 46 86 4 50 28 93 48 91 11 10 53 79 3 40 39
25 99 6 48 53 77 20 70 59 74 35 73 62 66 91 19 86 45 22 34 64 32 90 94 41 36
15 51 28 82 38 71 92 19 43 68 95 91 87 72 45 89
12 56 67 68 28 31 64 71 38 3 8 86 46
24 94 28 62 1 54 60 56 75 73 19 92 2 7 63 83 96 70 88 87 4 22 79 5 6
20 41 13 10 21 28 63 31 19 34 39 76 15 49 97 37 67 71 68 78 36
19 25 89 56 21 91 79 75 33 16 32 62 1 99 78 51 66 18 63 52
19 89 13 68 32 55 51 12 90 28 56 48 100 2 4 91 66 57 38 29
23 4 82 77 83 100 7 26 76 95 64 22 15 75 93 28 49 13 80 56 6 52 44 71
19 66 63 45 18 94 73 41 53 52 15 48 93 4 1 72 64 14 84 85
23 96 85 39 75 26 66 76 8 90 57 52 84 6 79 29 42 22 25 40 23 30 1 64
23 56 11 98 49 4 33 3 80 20 100 10 41 8 32 62 69 57 28 47 18 13 55 63
18 47 81 20 2 32 34 46 16 38 77 33 50 6 66 51 18 15 28
20 36 73 63 17 49 20 84 31 86 70 16 10 78 72 67 43 75 29 89 56
22 93 38 17 6 10 69 22 50 65 27 18 80 85 47 39 26 19 49 3 59 16 90
20 3 34 35 20 100 16 1 86 49 2 13 74 72 4 76 71 17 78 28 36
14 93 3 53 1 61 85 62 10 56 13 73 91 64 65
21 21 67 31 70 20 88 50 23 2 1 29 34 100 36 82 63 93 44 72 86 59
14 1 92 10 60 30 84 97 17 29 25 65 87 47 50
19 95 99 83 93 90 23 16 66 52 39 36 57 91 65 35 82 60 41 1
22 86 20 99 39 45 41 17 97 24 73 82 2 1 4 49 53 10 64 83 65 69 46
15 67 96 84 46 40 100 86 22 25 48 2 50 38 55 80
17 25 76 30 20 100 19 89 84 74 60 98 46 66 52 56 15 7
20 54 79 9 70 12 77 68 93 4 97 29 80 41 65 74 71 19 8 37 50
24 21 55 17 98 88 23 9 7 32 87 86 36 46 97 45 80 18 85 79 62 40 93 6 91
20 50 16 36 83 98 22 89 21 85 31 52 69 74 82 33 68 17 94 65 61
22 78 60 1 58 97 18 52 23 67 56 89 69 32 46 64 12 84 28 75 62 86 13
10 79 92 95 18 19 91 43 61 50 48
22 34 40 20 6 84 63 75 82 32 83 86 18 41 71 39 78 73 81 24 50 15 25
21 85 79 34 29 1 62 33 73 50 18 48 46 4 15 84 19 86 82 68 17 97
22 20 39 74 3 98 5 55 83 19 9 47 24 35 8 62 69 46 90 7 38 43 42
24 87 63 85 8 81 80 29 98 3 24 71 43 65 47 100 69 84 99 89 90 79 96 37 5
25 39 20 69 8 88 89 73 7 13 30 48 81 33 57 5 1 25 11 71 61 17 53 75 23 46
22 39 8 46 6 17 88 93 81 40 25 38 67 71 78 22 5 90 64 47 28 72 30
15 40 20 3 73 15 7 29 1 80 98 47 81 32 69 35
17 65 46 53 98 22 31 11 41 35 27 96 40 51 54 12 28 92
19 92 40 78 41 72 87 98 33 56 67 94 66 96 68 93 62 97 83 75
8 94 27 18 86 1 88 100 62
24 6 97 69 42 49 43 56 17 16 45 22 78 8 63 38 62 29 91 34 74 2 28 94 27
19 67 6 94 20 65 61 79 88 92 57 58 35 13 24 90 60 64 78 42
19 67 46 36 43 40 14 41 47 91 88 9 80 18 64 90 5 97 48 19
14 12 56 66 47 33 81 18 37 85 86 83 2 68 48
20 1 38 49 16 75 60 85 32 87 19 12 84 63 94 41 25 42 53 62 67
17 93 58 75 6 50 66 4 69 34 18 62 46 15 72 59 85 29
14 92 48 73 86 49 25 90 22 4 14 82 78 23 76
23 49 13 1 5 69 41 93 81 85 31 96 72 25 11 98 80 84 36 44 8 75 63 73
17 15 93 3 66 53 84 51 75 47 63 37 33 87 96 46 86 26
19 100 52 97 7 84 57 19 35 68 43 79 62 61 83 91 17 89 92 15
18 66 78 12 91 48 45 97 22 90 49 23 38 98 28 37 67 85 74
21 38 56 62 43 99 54 22 46 48 10 20 58 82 41 52 78 57 74 12 30 88
24 57 30 60 46 66 2 49 70 34 65 72 99 37 86 62 33 54 52 8 80 26 29 14 20
23 44 92 16 74 67 66 18 86 35 17 8 1 9 55 46 36 82 76 100 3 83 45 33
12 47 31 36 96 51 45 23 83 84 73 2 94
16 51 55 69 4 57 35 73 31 86 77 40 89 25 91 71 53
18 59 77 61 41 35 18 13 100 10 27 79 24 88 49 5 16 6 72
20 29 52 81 1 5 13 91 37 92 4 77 76 63 82 19 2 68 9 42 32
20 100 83 24 58 98 71 90 12 62 4 40 10 32 65 54 16 28 35 91 89
22 8 67 56 58 27 84 62 23 46 97 29 74 26 19 7 13 77 1 10 87 65 100
18 26 76 5 43 81 42 71 87 64 37 20 56 62 94 82 79 85 96
22 54 21 44 76 25 87 89 47 86 31 66 1 24 34 56 22 15 95 79 46 94 48
21 38 47 70 41 37 44 9 92 58 42 77 74 52 46 62 65 30 6 15 64 28
17 43 88 27 9 30 62 92 97 24 5 40 16 65 87 86 21 50
23 1 7 12 27 82 50 6 4 20 45 11 31 9 54 74 91 76 81 67 28 51 41 2
20 78 47 93 44 14 62 54 36 48 67 74 4 83 35 66 7 84 97 89 20
16 35 90 93 54 64 55 68 83 30 66 89 2 32 39 57 21
15 3 77 46 5 60 39 43 84 42 80 62 69 51 61 53
21 80 19 3 79 5 64 98 60 23 93 69 34 68 57 61 96 15 1 90 24 40
21 80 43 59 65 53 83 5 70 23 28 46 73 36 12 66 95 27 71 63 100 2
17 76 92 26 66 12 94 34 78 54 68 91 83 74 63 56 29 3
20 80 30 74 58 98 87 69 28 43 16 11 47 95 38 5 90 83 31 39 10
14 19 77 39 70 31 54 85 38 65 9 10 1 56 99
17 57 84 9 34 5 41 29 64 80 25 18 90 91 26 98 3 33
23 1 54 98 47 96 48 3 53 27 39 87 14 33 94 78 49 9 68 21 32 40 61 44
17 2 90 82 72 41 92 71 75 30 56 54 13 91 9 60 70 3
19 97 46 22 49 16 24 78 29 76 40 66 96 56 11 98 55 70 7 9
24 92 41 30 33 87 94 61 75 46 72 11 60 71 15 39 26 65 99 69 89 56 44 3 9
25 88 43 37 53 12 64 11 92 17 5 76 14 73 50 84 96 25 16 42 95 54 74 83 45 79
15 42 58 98 59 64 78 15 40 17 55 72 71 76 8 52
25 20 23 84 48 55 27 7 78 17 88 28 6 2 97 80 32 73 3 94 13 1 81 95 37 93
25 100 80 93 6 34 72 88 71 2 75 3 66 1 36 59 77 45 54 28 79 67 65 68 33 81
22 46 65 35 78 21 3 90 34 11 41 99 4 77 2 8 66 74 22 88 59 9 71
16 49 35 19 25 4 50 16 10 93 86 40 64 38 60 26 24
16 23 89 10 8 58 26 95 53 21 17 78 92 90 47 48 80
22 80 63 27 39 6 2 75 60 73 51 48 28 55 14 33 91 74 43 7 45 49 16
21 43 15 57 47 25 30 1 27 98 69 53 6 67 78 61 10 38 42 84 4 50
13 2 39 12 37 88 65 63 40 4 26 79 8 28
18 55 92 53 12 30 71 47 100 52 77 91 80 66 99 2 16 13 78
21 94 96 54 67 15 55 99 21 35 10 77 6 49 66 4 12 85 46 83 20 11
23 93 5 100 33 73 56 1 26 75 20 59 13 28 11 71 76 87 67 89 8 21 61 46
24 96 80 54 83 47 26 44 16 25 87 33 55 14 32 79 69 60 50 77 13 18 40 95 57
25 64 72 19 33 52 91 43 12 35 39 56 69 55 81 87 100 42 21 74 17 24 44 96 54 48
22 27 18 59 60 23 4 48 7 93 22 10 83 68 97 72 45 15 75 76 53 20 88
25 14 16 76 9 59 66 51 95 72 44 43 77 62 67 58 23 86 60 99 6 100 55 61 94 37
23 85 57 3 40 19 50 64 4 61 35 76 29 24 46 38 11 87 88 48 41 66 75 67
11 64 87 29 35 99 39 6 83 2 94 54
17 13 97 51 52 2 11 83 99 8 75 58 46 73 14 36 67 71
17 74 75 73 50 38 8 4 7 36 33 88 53 68 63 26 17 58
15 79 19 61 31 22 34 27 14 74 54 72 7 92 12 91
16 32 84 16 31 26 70 35 59 60 58 29 9 15 37 14 61
16 23 69 95 96 54 94 46 3 74 18 11 47 48 41 75 57
12 68 78 49 26 52 82 92 35 11 41 4 33
19 95 76 53 78 80 37 94 38 15 92 4 48 28 82 36 11 68 69 59
16 68 1 84 41 24 85 10 61 93 19 96 20 14 53 39 66
15 24 87 71 37 91 7 19 42 56 65 76 39 74 67 44
23 28 9 35 64 77 80 26 45 79 89 53 4 19 18 63 47 70 10 39 59 82 88 91
24 71 72 93 39 29 17 69 15 12 6 94 3 63 54 68 16 91 7 62 27 83 20 45 75
17 19 74 36 50 76 8 88 24 13 26 9 75 62 48 64 59 95
24 97 20 57 24 49 61 48 10 14 69 23 66 30 64 77 13 76 70 32 75 60 7 6 88
23 69 38 18 79 83 81 86 30 1 47 50 94 87 75 6 71 17 85 57 92 15 53 40
18 77 51 59 21 32 24 8 92 49 81 78 30 62 31 5 27 56 98
14 83 44 51 87 4 3 64 57 7 91 38 97 89 13
16 85 90 36 38 33 37 77 39 61 67 98 34 56 29 86 68
21 77 71 62 24 88 75 34 84 56 76 10 2 27 89 4 43 47 85 21 73 100
12 20 35 28 91 40 88 47 68 52 3 81 31
25 12 84 58 25 8 82 3 92 30 7 64 10 43 21 37 96 23 42 83 86 66 59 65 19 2
25 93 46 13 26 18 19 65 48 73 53 62 11 67 36 16 12 92 6 85 28 80 45 68 1 30
18 36 10 25 69 51 38 52 91 11 16 78 23 83 79 3 5 61 31
12 9 61 35 78 69 97 46 16 90 6 3 26
18 22 60 17 84 59 70 81 15 72 68 27 77 91 86 51 45 2 57
19 88 68 55 47 91 64 57 93 2 41 51 38 34 61 94 81 9 69 66
22 77 66 79 70 42 91 67 19 47 4 69 75 92 8 96 52 1 80 65 72 100 14
24 51 62 36 80 59 46 39 19 35 15 18 53 90 63 17 33 81 95 61 49 48 65 1 69
21 98 85 47 69 79 42 64 89 6 22 88 44 35 5 14 23 96 15 11 51 17
22 24 78 82 16 36 15 99 95 3 62 10 38 35 49 33 25 72 17 91 57 58 71
17 5 49 99 65 87 45 41 100 10 15 29 71 47 97 21 12 79
17 32 96 72 18 83 29 62 95 39 38 7 63 73 88 44 48 53
18 24 75 36 69 61 100 82 77 93 5 89 20 6 48 39 54 96 90
22 4 52 35 44 97 57 72 63 92 21 46 24 13 25 16 15 96 99 56 42 41 26
24 52 96 88 15 11 72 51 1 87 19 13 73 61 34 69 49 65 48 62 99 30 31 29 20
24 81 25 69 59 44 18 56 60 78 12 76 19 65 88 64 7 54 8 9 94 97 50 70 82
23 32 83 13 55 95 75 67 6 15 43 90 87 54 47 60 94 65 33 72 41 53 97 34
24 84 45 54 67 56 55 47 88 12 64 4 15 70 95 39 19 16 98 35 48 37 13 75 22
23 74 53 96 14 12 47 25 50 59 68 81 79 93 34 99 72 33 60 30 76 6 89 28
13 53 91 66 21 59 80 34 98 57 87 52 96 23
21 74 77 55 21 86 43 12 82 23 49 71 36 61 31 100 13 56 81 66 80 94
15 17 7 92 12 35 93 96 13 32 20 36 23 72 69 62
18 60 81 23 9 68 5 37 39 96 2 13 79 72 3 49 61 38 21
17 97 64 58 62 87 8 25 23 80 12 75 81 31 32 18 13 68
17 80 66 72 13 75 9 26 86 23 39 50 97 62 98 68 36 60
12 65 59 79 67 48 27 94 3 2 56 50 5
22 5 94 11 49 3 29 53 41 76 87 10 45 77 36 8 82 12 32 100 7 13 95
19 47 98 30 62 19 21 64 81 60 11 18 99 68 66 15 69 36 73 84
20 74 89 54 44 22 6 98 91 33 46 39 45 57 27 8 90 95 70 94 16
16 11 85 20 26 6 15 13 63 23 61 58 50 30 33 1 22
18 72 54 4 6 58 55 3 37 59 84 24 30 50 95 56 49 83 9
14 24 53 89 88 29 91 86 33 17 67 76 54 44 75
23 74 46 68 4 33 27 67 63 71 56 100 69 11 13 70 48 47 55 61 26 53 77 62
24 26 19 85 44 45 71 59 38 69 50 4 14 25 99 7 46 3 41 57 96 60 16 82 2
18 9 54 64 78 96 5 14 66 30 56 98 91 22 68 90 89 33 46
20 1 60 78 6 66 63 29 91 68 14 21 37 82 2 39 25 18 32 52 3
16 46 7 18 23 16 64 89 91 87 21 47 2 20 32 65 5
22 71 96 41 4 55 19 13 42 84 58 69 62 50 65 11 43 33 1 97 81 63 49
19 12 98 61 49 38 83 7 9 65 22 47 66 36 67 79 58 19 81 97
23 3 58 46 100 27 73 10 49 26 84 86 2 43 45 38 24 32 82 61 91 69 41 57
15 13 26 76 82 1 25 5 39 22 21 14 93 2 94 15
21 22 81 90 91 49 51 24 6 65 14 34 69 40 39 50 84 57 29 7 25 68
25 5 31 82 18 46 12 93 40 77 53 88 38 30 78 29 37 10 49 81 79 41 92 59 94 7
25 60 21 86 3 93 15 78 26 97 40 30 29 57 48 28 33 81 100 14 66 61 65 51 50 83
25 68 26 55 56 12 76 64 42 25 20 49 71 84 39 43 91 95 16 8 60 14 1 40 74 79
17 50 93 17 100 85 4 55 9 19 13 1 3 33 5 88 36 95
21 9 60 52 2 59 55 30 19 14 50 93 77 78 40 67 49 63 87 84 23 13
19 26 33 85 21 77 51 69 65 42 15 87 96 14 88 71 98 27 41 54
22 83 2 57 45 71 81 95 44 74 5 50 92 66 26 17 55 12 35 28 8 82 19
14 91 66 79 72 60 20 50 93 83 14 74 13 88 84
19 68 3 21 93 97 69 79 66 95 54 11 58 57 52 44 26 16 82 80
13 43 44 19 54 33 20 25 69 68 100 23 30 78
19 83 74 23 58 82 98 10 69 30 5 17 64 54 78 92 87 93 2 57
9 19 81 20 57 61 68 42 79 73
19 20 32 55 45 59 58 76 96 77 29 42 5 11 70 79 72 89 49 7
23 18 28 21 51 39 34 25 8 81 32 17 5 78 22 69 47 36 20 6 96 29 62 67
23 55 7 90 29 93 71 69 48 98 79 39 30 25 34 17 6 95 38 89 50 45 44 23
20 45 3 38 35 51 5 15 41 97 23 13 89 10 44 26 36 54 4 49 25
24 74 34 72 2 57 30 39 44 86 59 33 52 51 83 98 92 14 75 64 40 28 62 46 7
17 51 27 29 22 3 97 13 32 19 66 18 36 48 49 21 34 80
19 9 45 69 36 27 78 35 63 65 26 40 48 79 68 2 58 15 11 16
18 98 50 43 19 7 77 100 64 31 62 45 47 24 23 11 16 83 93
23 38 20 2 25 70 74 4 27 87 7 64 46 5 22 65 35 61 13 36 15 1 88 42
19 10 97 49 36 17 30 58 86 20 61 31 83 96 37 15 84 16 72 94
22 2 39 25 47 18 63 46 23 17 94 4 44 35 97 78 57 58 62 16 45 67 77
24 27 95 58 22 87 93 62 52 26 25 65 43 44 4 47 33 10 14 66 30 50 84 2 73
18 42 44 49 8 23 71 1 18 48 100 81 59 89 98 10 85 83 57
19 59 29 58 21 3 4 50 9 95 61 83 53 40 94 84 48 14 36 81
15 54 56 73 77 7 100 75 83 45 31 13 74 81 82 4
21 55 2 63 29 31 26 17 60 78 25 68 11 79 49 85 90 28 54 42 41 12
13 63 87 18 60 26 80 52 57 91 93 85 71 83
25 30 77 51 63 34 85 29 55 6 10 95 15 19 48 54 78 61 5 46 14 100 92 13 68 69
19 76 91 23 63 53 45 69 79 17 38 7 40 60 56 100 6 88 33 10
22 1 28 26 60 51 34 25 42 89 70 22 4 50 31 77 30 48 21 43 13 56 40
20 49 18 45 5 11 79 80 56 71 93 24 1 68 52 37 99 61 47 98 43
21 76 98 40 91 36 64 9 13 82 74 88 96 19 72 97 83 1 60 31 30 53
17 62 25 45 42 21 99 11 55 33 86 61 60 12 20 71 83 5
18 49 93 92 46 13 67 53 25 99 26 96 39 82 52 59 29 72 4
24 97 3 56 21 59 8 89 40 84 72 14 6 90 60 30 50 91 7 33 47 24 43 95 34
21 32 59 85 39 97 66 5 22 36 77 11 9 54 21 82 37 65 10 56 28 64
16 7 66 5 100 69 52 34 21 48 70 29 86 58 32 1 76
14 86 79 4 62 72 94 57 15 65 39 43 92 41 71
23 56 40 65 13 16 46 86 2 89 48 33 97 8 60 20 9 34 23 62 52 93 57 77
10 80 38 7 76 17 3 15 58 75 86
24 92 65 19 1 21 72 49 44 34 47 2 76 54 12 87 86 14 56 3 38 30 20 31 96
17 18 69 2 95 77 26 39 81 41 61 28 86 11 38 97 14 44
18 35 85 86 13 17 78 39 8 89 68 70 40 82 32 27 80 77 2
19 12 57 45 85 61 69 35 38 53 20 49 22 32 92 73 50 46 93 72
25 22 92 20 64 81 90 9 34 27 88 35 24 74 7 98 25 91 82 16 10 71 26 77 66 86
18 43 75 54 57 56 100 51 4 34 98 42 78 58 14 38 82 96 53
20 69 36 10 86 50 25 62 58 100 27 78 57 23 85 8 89 93 81 75 79
11 12 74 39 18 13 36 99 31 25 28 26
19 74 54 20 87 25 28 46 47 23 49 73 29 72 18 33 7 50 22 34
17 58 70 31 84 73 90 27 29 24 67 64 45 98 48 5 72 32
17 50 91 42 57 1 39 68 59 65 54 11 81 25 44 29 56 76
16 19 21 91 44 96 86 92 76 29 25 51 18 4 98 79 100
13 70 83 58 24 38 67 6 25 33 71 54 47 4
19 50 82 24 91 30 48 90 22 94 11 60 13 92 28 8 86 18 1 67
12 69 33 38 54 45 70 41 43 17 6 4 85
20 73 1 92 99 88 71 47 58 17 9 72 62 52 64 98 94 74 24 36 48
20 71 75 49 23 43 77 36 94 90 58 39 99 40 69 28 52 42 72 88 27
18 63 51 50 25 81 95 96 1 60 3 74 68 55 72 84 38 59 7
22 78 26 72 28 36 4 92 99 15 84 24 46 9 70 71 85 74 93 64 66 25 62
17 88 13 10 98 33 43 14 46 57 86 53 77 80 58 90 65 47
16 84 28 62 80 25 8 39 71 48 3 40 72 91 70 86 16
20 67 56 35 52 43 93 69 73 17 3 6 88 16 61 99 74 75 80 68 97
21 81 74 62 54 4 90 15 17 69 60 24 23 36 44 89 30 46 99 73 97 22
22 76 53 16 6 11 4 64 15 78 85 51 91 23 90 39 34 22 3 19 57 54 36
22 44 67 55 97 84 73 3 14 91 32 29 93 15 72 70 27 5 41 31 74 35 30
25 44 48 96 56 58 73 33 21 59 18 91 86 16 65 77 94 83 4 36 23 90 11 32 95 99
18 35 56 45 81 49 67 12 65 16 76 15 39 38 8 64 46 53 34
17 2 18 26 19 49 44 83 13 40 63 76 4 47 90 54 95 7
22 23 71 9 91 92 40 87 32 93 64 100 70 65 85 20 46 98 8 55 25 78 12
15 52 26 53 30 20 1 94 93 46 72 86 17 58 100 79
25 83 50 43 21 90 91 69 97 62 9 93 77 48 19 56 45 70 82 68 6 38 85 4 51 29
19 26 48 82 44 79 47 8 35 91 19 22 94 14 59 39 88 67 52 37
22 60 64 39 88 35 40 94 13 45 19 29 68 93 41 55 83 18 32 59 4 74 79
22 88 42 25 8 40 35 87 70 36 20 58 30 1 100 33 55 92 46 83 52 56 59
25 63 87 31 52 29 60 85 58 53 94 48 54 37 28 43 76 19 9 91 7 70 96 40 11 17
20 59 44 100 28 43 92 56 10 78 93 91 85 20 96 54 88 12 38 50 6
19 62 45 97 94 28 54 21 42 29 1 53 87 33 14 7 48 26 10 75
12 60 78 57 7 4 68 6 50 96 41 66 89
16 57 49 64 66 77 52 7 72 29 33 62 51 3 8 74 73
24 55 27 62 68 54 51 67 21 38 52 31 11 56 59 24 97 72 34 93 10 95 47 58 22
21 23 73 20 57 39 75 71 87 13 22 96 81 1 91 84 46 11 90 26 79 65
15 78 41 65 59 24 68 95 92 42 94 12 30 74 75 48
22 70 52 66 24 20 9 67 97 18 3 71 45 100 73 60 68 93 36 8 87 6 37
19 27 92 28 87 99 97 25 84 1 17 68 42 45 65 11 51 32 96 66
25 5 9 49 6 16 81 4 21 77 15 86 67 76 28 88 70 7 80 92 27 71 85 50 48 24
21 89 50 34 99 82 17 91 6 77 31 65 20 42 74 61 48 58 84 12 10 23
16 34 23 36 29 22 67 1 60 40 7 45 5 89 96 83 99
20 24 95 90 34 97 7 63 59 46 43 75 35 37 100 39 14 74 79 23 10
23 66 13 14 80 1 9 23 92 87 15 21 46 34 56 6 60 70 74 24 51 63 27 96
15 83 15 17 47 36 23 88 79 39 100 71 30 1 7 84
15 24 75 4 19 49 91 2 43 72 42 23 45 87 1 77
22 50 27 60 38 61 68 46 77 20 10 67 30 53 2 47 99 98 91 6 56 11 87
25 52 59 37 14 90 74 32 92 33 11 93 19 50 29 23 67 16 55 65 49 7 17 53 1 70
22 87 76 44 84 64 33 10 19 11 13 45 74 18 31 66 92 55 51 40 82 34 99
20 34 95 26 80 12 45 68 7 79 51 21 48 57 90 11 64 27 78 5 8
24 69 82 3 97 53 95 14 45 85 42 47 25 52 87 59 44 39 96 92 70 35 62 20 74
25 48 66 89 86 18 39 90 40 43 99 73 11 35 8 67 100 74 46 47 94 12 4 80 69 75
17 65 59 10 70 72 35 20 64 78 97 57 56 89 3 67 95 86
25 68 39 66 53 72 4 16 70 91 10 85 26 20 45 11 42 33 88 86 15 62 77 17 64 56
17 98 18 41 21 56 74 4 12 11 31 93 84 53 97 96 72 95
23 60 92 42 22 30 55 96 23 24 29 68 100 34 6 98 16 80 54 62 46 4 99 58
19 53 43 46 62 1 99 81 55 48 25 8 30 94 7 22 56 83 44 68
22 78 34 26 61 82 37 7 67 57 5 90 91 23 6 48 12 25 92 24 85 44 36
21 9 18 90 73 64 28 10 89 72 42 11 62 78 91 80 33 38 13 71 47 99
23 49 90 33 15 10 11 34 65 98 100 21 5 73 8 42 36 84 28 30 52 93 67 89
10 82 57 100 37 78 14 61 51 74 7
23 73 12 97 88 55 84 57 36 17 42 33 76 83 99 66 13 29 96 98 60 31 18 53
22 47 33 62 67 28 94 82 87 60 63 77 46 91 80 4 92 69 21 42 44 22 23
20 36 35 15 62 29 3 50 4 92 22 57 71 43 47 20 60 31 16 28 44
25 46 53 100 89 66 6 18 20 60 78 82 80 38 41 13 68 83 97 26 72 69 42 76 14 36
17 27 76 99 42 67 28 52 49 88 73 69 95 33 20 7 6 85
18 37 67 100 40 39 75 57 62 5 41 97 81 10 20 32 56 24 21
22 1 6 79 39 20 30 62 27 54 45 2 77 46 59 22 11 42 12 19 4 25 65
23 16 70 66 11 32 28 98 4 19 76 100 24 1 40 93 26 78 50 95 90 10 36 91
23 54 79 82 78 62 53 74 22 29 33 90 23 48 56 19 88 60 69 63 61 58 66 93
22 54 61 81 41 74 34 80 45 55 30 9 71 35 3 43 57 25 52 40 84 98 78
21 59 96 39 17 90 41 53 87 89 28 25 10 34 13 75 80 20 43 72 2 74
21 66 43 33 59 89 90 39 45 77 58 2 24 48 16 87 83 79 38 71 72 40
23 45 7 1 6 57 63 62 75 12 73 33 96 85 98 77 15 55 88 58 69 21 43 31
21 43 17 91 15 35 30 12 42 37 56 16 24 90 100 69 34 99 64 52 50 74
20 95 30 36 54 25 55 14 69 6 80 89 52 96 15 77 35 5 56 84 1
22 11 8 66 31 46 82 53 45 98 64 19 54 85 88 100 15 17 59 99 29 65 97
21 67 59 8 17 98 27 52 66 85 72 2 32 54 84 99 33 42 36 61 81 29
22 95 42 11 18 84 28 40 9 1 80 85 62 31 29 63 33 61 94 13 35 88 91
16 31 90 86 98 54 77 33 67 34 50 53 68 25 63 92 28
24 45 94 65 34 24 95 59 92 33 78 60 30 72 100 5 35 75 91 21 20 57 74 86 87
24 2 16 100 72 99 50 95 75 54 35 18 15 98 10 76 19 46 83 69 64 52 65 67 71
14 93 3 42 100 51 57 37 40 72 26 4 17 53 60
21 85 78 93 83 34 51 1 26 79 2 20 3 57 6 12 96 7 15 27 31 18
13 40 14 97 32 38 54 69 3 44 98 74 43 93
20 45 9 73 74 78 17 88 39 1 58 51 7 40 48 15 61 86 50 37 66
16 12 2 51 94 80 96 81 61 16 23 40 58 48 90 53 35
20 91 72 86 32 67 36 53 11 38 84 23 64 49 94 65 2 33 60 30 70
24 25 46 53 16 29 2 76 81 51 56 41 49 61 22 18 71 17 58 79 21 32 5 52 27
13 67 9 26 34 45 58 31 38 50 95 75 77 37
18 86 15 58 71 63 9 76 35 4 79 90 97 73 46 20 8 75 50
20 83 67 88 17 61 50 95 71 84 74 4 6 18 82 39 59 63 75 52 11
24 82 5 20 45 17 26 16 73 72 94 74 56 47 35 46 97 70 15 59 12 43 9 52 32
25 45 16 95 77 7 81 71 10 56 25 74 21 54 80 52 46 36 37 48 68 1 78 86 94 20
11 18 71 5 78 14 52 2 68 27 96 81
17 4 77 5 80 53 16 97 99 37 36 74 83 73 56 93 17 58
18 70 89 69 32 77 36 44 61 20 76 96 95 40 7 5 84 93 56
21 18 33 30 89 17 48 62 52 78 99 90 66 8 84 2 59 15 50 40 77 21
19 53 16 21 82 60 94 83 38 64 75 73 17 100 46 9 51 48 72 34
19 76 95 66 4 92 47 50 94 82 91 43 19 35 63 87 6 65 3 25
15 96 18 85 22 88 69 33 39 94 25 1 17 78 52 84
23 4 93 82 43 76 28 24 10 81 78 53 51 80 84 41 96 74 85 31 52 44 29 95
24 81 83 20 96 78 17 64 87 31 42 12 25 84 35 76 30 93 15 50 8 40 71 34 57
19 2 55 29 100 56 21 43 8 86 75 36 92 84 3 76 6 44 85 63
20 87 73 30 56 51 88 67 86 71 36 8 40 53 21 7 72 3 18 77 20
17 83 59 42 68 40 79 33 44 31 95 35 2 53 54 34 98 25
18 14 5 79 55 8 93 67 37 51 84 24 89 1 96 59 29 56 64
22 36 48 80 98 59 77 22 97 1 45 66 4 100 11 9 88 53 74 7 81 55 64
22 58 66 55 100 56 86 90 74 77 29 31 68 94 10 41 28 23 85 46 43 89 84
25 30 70 80 61 72 62 6 37 67 24 59 52 40 71 87 69 39 96 74 73 31 12 88 98 54
23 88 60 51 90 46 40 94 32 56 38 9 80 69 12 95 54 21 45 70 84 48 78 61
9 95 74 57 38 10 58 61 79 83
16 26 16 74 80 72 71 54 14 46 40 70 20 47 66 49 34
13 56 35 70 59 84 94 4 39 52 36 26 65 54
20 41 84 98 22 76 39 26 88 17 95 68 8 72 56 38 64 81 47 99 19
24 72 71 50 76 52 97 34 12 81 8 89 16 48 31 6 51 74 58 79 90 77 73 41 37
23 49 100 39 91 65 30 59 71 79 43 55 78 51 48 62 9 15 64 76 31 77 89 58
16 21 54 47 2 14 18 81 79 87 51 49 53 15 50 10 95
18 50 3 81 29 44 74 62 68 4 33 18 100 49 87 59 98 16 80
25 100 28 33 42 37 5 48 45 38 23 18 95 47 99 43 53 65 64 96 62 57 20 69 12 52
21 69 79 59 62 21 66 60 82 89 55 3 98 50 75 38 20 73 34 41 80 36
21 70 56 82 47 9 100 23 12 18 93 1 4 80 25 58 92 77 38 72 14 20
20 92 43 5 34 9 70 44 24 89 15 63 68 3 28 85 30 80 84 12 75
19 18 69 86 60 49 92 53 41 80 24 68 58 22 13 62 72 46 16 27
24 5 34 66 20 23 21 80 97 94 24 35 14 11 47 74 63 31 82 79 15 91 22 26 59
23 36 72 20 7 12 3 22 89 98 8 13 49 62 1 37 83 24 69 97 19 59 68 56
21 90 98 94 71 89 11 22 46 49 40 96 8 65 51 38 62 45 67 53 63 35
14 51 98 48 86 33 59 93 6 28 43 17 90 80 40
13 43 35 56 38 27 21 69 94 9 19 42 48 46
23 89 100 67 55 12 46 60 21 99 73 77 76 70 57 39 64 11 28 85 36 17 33 66
16 6 42 44 36 70 48 46 89 91 55 58 85 57 16 37 80
17 84 98 34 28 18 76 13 35 77 31 57 90 66 23 14 3 87
16 53 18 56 35 29 8 96 39 63 92 5 100 84 94 87 13
21 79 98 84 61 46 71 80 70 28 57 68 55 78 59 62 45 6 60 77 49 37
11 89 55 86 97 38 57 30 22 70 62 61
25 79 50 35 64 8 16 66 29 13 6 1 43 27 75 49 74 48 38 51 11 10 3 80 65 58
22 36 26 35 88 62 67 43 46 44 55 71 16 98 21 89 78 79 56 95 90 17 32
19 53 21 25 40 47 49 45 98 87 81 57 19 12 13 70 11 36 1 64
19 26 68 84 43 90 66 37 21 52 7 94 73 29 56 57 51 42 18 65
19 40 6 94 49 34 9 24 60 29 3 10 66 65 98 41 38 55 81 51
24 46 12 48 83 65 45 7 84 25 6 77 90 21 53 13 68 93 88 9 92 1 91 33 98
21 20 55 54 98 43 77 7 79 36 24 33 92 88 44 100 25 78 40 37 68 26
19 72 73 87 84 93 47 75 29 13 50 6 69 53 80 62 39 41 40 30
13 5 17 31 94 91 92 57 87 1 21 71 52 8
17 57 12 96 89 21 2 36 14 80 78 15 17 84 32 79 25 56
15 7 98 19 68 8 96 33 16 21 89 82 54 93 46 26
24 2 77 92 5 89 29 7 78 18 17 76 9 65 30 72 91 8 63 6 24 41 62 83 66
24 79 95 38 65 55 80 30 42 2 48 13 94 41 61 4 59 97 93 22 33 46 75 58 45
20 60 79 97 99 44 6 91 52 77 71 89 61 78 18 7 75 29 4 28 96
22 4 89 21 58 35 63 10 94 70 66 75 45 81 9 56 73 46 52 23 30 37 39
18 90 88 58 60 82 67 54 81 45 89 34 83 49 94 50 44 40 41
21 70 26 12 23 47 18 11 93 62 9 64 89 30 61 58 17 87 25 32 2 85
19 87 43 68 72 61 57 35 63 15 96 97 58 42 41 93 19 31 75 65
22 93 22 51 91 100 59 95 71 63 2 79 83 33 70 12 26 57 36 4 50 75 7
16 57 67 96 85 97 58 92 90 63 24 32 68 14 4 31 34
24 11 76 97 46 41 80 87 86 84 42 3 73 2 94 57 71 5 7 13 59 67 77 98 53
18 10 11 72 57 36 5 91 34 38 90 43 4 39 51 29 66 26 89
17 99 74 84 54 21 28 38 45 100 76 43 4 67 13 22 95 3
24 72 86 19 30 39 84 21 2 95 67 13 62 73 23 9 99 27 49 5 63 88 74 15 100
20 92 2 66 16 95 85 60 65 35 18 4 53 19 99 33 36 54 97 40 82
20 89 90 73 95 94 3 100 23 30 96 33 60 62 15 81 57 46 98 59 70
22 10 56 42 61 97 4 83 16 8 99 79 68 55 17 19 84 37 35 24 7 59 47
11 24 11 28 95 63 2 69 72 14 73 40
16 34 39 69 87 85 70 73 50 100 3 8 19 44 22 67 31
16 62 80 8 58 33 28 15 20 95 71 40 73 47 25 50 69
23 24 48 70 90 16 55 62 3 63 58 81 2 26 44 22 69 72 53 42 34 1 83 30
21 19 90 14 35 70 87 9 53 44 40 92 63 48 60 30 65 43 76 93 74 82
13 86 29 48 50 49 71 7 32 23 2 18 70 96
17 78 71 88 48 84 43 2 50 22 52 56 74 65 86 76 5 18
17 74 34 27 96 48 90 3 5 15 1 23 49 57 56 84 41 91
22 32 71 67 1 8 61 55 44 19 73 14 26 46 82 43 83 90 85 77 80 87 2
23 35 76 2 50 90 94 28 51 22 86 57 48 75 6 89 7 58 64 29 46 5 99 63
17 73 8 67 20 21 42 83 1 57 25 76 66 27 12 11 6 55
13 45 75 89 17 4 84 40 7 28 39 80 90 33
23 26 75 100 9 21 49 52 36 71 33 85 56 22 12 41 39 64 17 37 80 76 24 57
18 91 21 67 68 90 1 31 7 13 38 28 24 99 76 46 79 18 98
18 94 60 26 35 36 28 54 88 20 51 4 14 81 37 19 23 69 76
25 17 10 65 53 13 46 72 49 100 48 22 25 18 51 68 8 80 91 82 96 57 5 37 59 60
17 5 46 78 88 64 63 97 89 32 7 6 38 43 23 77 99 75
13 47 97 79 65 28 43 77 69 67 64 84 22 13
11 23 76 91 44 41 28 100 43 14 25 21
25 4 75 92 61 65 68 69 63 44 88 78 57 22 21 93 90 83 7 50 26 31 70 13 30 27
25 27 10 32 59 69 35 42 17 14 39 34 74 58 86 22 40 11 45 24 1 8 20 47 44 64
21 20 49 22 48 100 42 1 76 91 38 9 46 16 61 98 53 34 83 39 43 37
17 87 78 64 70 48 36 97 55 21 73 25 91 34 82 4 62 59
22 84 97 95 3 89 44 58 21 66 20 75 1 22 9 83 42 86 65 79 2 28 10
24 70 15 60 12 62 27 91 64 61 44 66 34 63 96 42 83 72 39 10 43 8 17 28 35
25 79 19 63 61 47 64 78 21 65 50 54 88 12 26 30 52 16 38 3 60 58 29 24 10 84
19 11 42 16 58 75 49 23 98 74 22 13 44 56 8 50 31 29 20 9
22 30 69 45 39 64 92 5 96 32 63 57 46 23 11 4 28 59 40 34 20 70 6
21 38 41 50 27 74 29 52 10 68 64 22 82 73 55 7 47 46 11 15 37 98
14 48 57 62 84 9 15 82 5 96 45 7 6 1 17
24 100 46 11 24 83 43 47 84 32 51 17 1 14 54 56 2 40 38 79 10 34 92 48 76
17 72 91 46 49 31 47 60 79 43 44 8 59 69 30 71 68 48
20 100 45 23 82 14 72 97 22 36 69 81 94 9 13 83 12 78 7 61 29
18 56 34 49 65 27 55 63 67 100 54 89 84 23 82 45 68 97 85
22 67 61 83 80 2 39 76 10 44 95 34 55 3 92 69 70 42 40 77 93 58 71
24 29 33 47 82 43 57 74 45 34 18 96 52 89 10 1 38 76 60 3 31 83 48 6 66
20 23 69 3 71 22 99 14 63 75 18 95 49 41 66 87 96 32 11 88 80
20 63 89 55 97 44 78 18 77 38 67 45 27 9 57 15 41 25 19 76 29
17 10 16 21 32 45 100 20 30 68 24 34 27 41 86 90 92 79
24 89 39 74 1 95 34 11 30 97 31 9 75 55 16 96 90 35 47 53 22 59 71 10 13
15 42 74 95 14 37 5 39 82 13 57 19 4 69 7 88
24 10 66 59 89 26 75 19 61 2 63 87 74 86 31 83 55 56 21 35 45 97 85 94 77
20 85 84 75 57 13 76 86 26 28 35 62 34 45 1 66 92 51 18 22 21
21 90 79 96 3 74 2 89 21 60 29 92 69 70 40 30 34 26 15 47 56 62
15 96 31 100 3 73 15 66 74 22 58 97 4 16 79 34
19 25 49 85 68 83 29 2 95 84 92 4 88 22 76 62 65 46 72 47
22 76 28 95 99 77 1 51 11 46 6 30 35 97 74 78 96 41 60 23 71 86 98
16 10 81 38 65 45 63 66 96 99 17 2 86 67 53 72 82
18 38 92 18 95 23 59 29 76 28 99 65 85 20 40 37 35 6 55
20 92 14 78 39 49 60 4 73 89 66 55 45 36 13 20 30 9 100 75 71
22 4 71 46 82 54 38 55 22 16 83 95 74 36 8 100 1 77 25 85 31 62 9
15 74 56 19 63 80 27 62 91 81 53 28 76 35 79 84
23 67 89 59 46 82 54 47 12 23 86 7 95 71 96 52 13 78 8 15 60 18 49 93
21 16 40 97 57 61 99 92 22 13 23 54 33 72 12 89 75 96 77 73 18 36
16 5 22 42 63 27 37 82 7 28 9 60 57 39 89 29 24
17 45 8 79 13 57 96 92 51 38 63 58 5 32 55 59 62 56
19 65 42 24 47 70 12 2 82 25 76 73 46 4 34 87 66 14 64 63
17 46 56 44 57 17 80 25 15 59 72 19 94 92 63 60 93 79
22 4 10 90 93 6 33 79 34 40 30 69 57 71 46 96 53 64 17 66 32 5 50
19 36 8 25 46 99 91 5 78 13 94 53 75 41 89 24 84 54 11 67
20 47 70 25 24 63 100 42 48 20 35 22 57 66 59 5 83 74 72 88 97
22 5 35 57 65 69 28 58 25 30 23 84 67 100 41 18 19 60 4 93 80 92 14
17 71 43 7 40 58 89 99 88 9 59 31 2 12 48 69 20 35
18 37 29 74 27 98 2 50 71 72 69 40 5 10 35 59 34 94 24
25 45 99 72 42 31 78 68 6 92 26 28 25 64 59 65 71 1 44 34 98 62 77 2 38 10
23 100 88 22 40 13 67 53 44 20 85 41 32 48 70 46 62 47 98 77 90 56 29 19
17 68 29 91 15 52 72 39 20 84 79 87 38 95 24 80 34 22
18 79 88 86 18 3 30 80 64 62 58 31 42 66 21 20 59 44 81
25 66 3 21 97 20 52 5 44 61 68 12 1 46 74 58 90 62 93 24 40 18 51 48 30 50
22 37 56 26 20 90 2 63 17 18 72 76 35 75 54 85 24 61 94 29 69 1 93
20 53 70 49 85 27 59 78 92 86 41 65 76 51 83 50 64 36 81 90 37
19 99 53 38 92 1 56 43 55 67 3 54 87 17 10 33 80 70 84 8
19 30 81 61 87 68 3 69 43 5 14 85 80 12 37 90 26 29 74 18
24 63 92 5 61 13 77 39 12 50 25 76 94 24 19 58 49 74 67 81 51 71 27 93 8
20 14 100 26 49 59 74 7 97 90 91 30 51 67 44 11 5 99 22 21 42
21 100 75 93 70 87 42 73 67 56 41 11 72 81 31 91 13 49 17 71 82 76
22 78 19 8 4 12 9 90 30 1 40 56 23 75 59 82 45 17 51 97 48 77 34
20 29 42 96 10 20 46 11 64 89 62 17 81 45 99 92 14 13 61 41 63
23 92 84 53 39 91 52 86 94 15 28 10 33 80 17 29 2 23 60 4 3 42 27 26
18 63 70 74 6 26 18 91 75 21 72 37 86 79 36 83 8 96 3
17 1 22 46 78 11 57 60 37 36 20 5 23 38 8 92 47 58
18 45 35 39 62 58 26 7 57 65 54 25 71 20 2 60 89 14 49
22 38 35 73 42 58 59 56 78 93 65 18 46 10 15 66 40 100 54 81 41 87 37
17 36 43 2 38 97 33 10 39 58 53 100 85 87 50 69 64 26
18 72 96 39 37 16 63 33 44 5 88 90 77 49 58 21 100 57 89
23 39 71 55 15 76 70 54 59 95 94 82 60 90 34 11 42 56 98 91 25 66 83 97
18 61 57 41 7 53 82 38 67 17 87 100 79 16 71 81 46 77 8
18 94 41 99 32 52 60 85 30 25 77 36 62 66 12 97 83 9 15
15 79 5 56 86 25 89 14 70 75 55 18 10 33 84 8
17 69 100 92 39 96 3 9 71 50 46 19 42 97 5 93 45 55
21 81 92 58 23 39 53 73 63 25 90 24 85 9 26 76 45 89 56 57 61 72
16 19 42 93 12 13 8 1 20 75 45 17 24 41 9 46 52
18 100 93 12 67 63 55 91 34 6 54 32 53 96 30 74 2 78 11
22 21 40 62 39 90 4 41 8 82 99 84 31 94 24 69 48 44 53 75 15 54 29
15 47 41 76 21 27 81 53 61 6 52 7 3 90 96 15
23 58 75 13 63 52 91 88 46 69 11 66 67 37 35 86 85 38 57 24 68 78 70 3
14 30 73 37 10 21 15 57 11 86 22 39 66 51 19
23 9 56 44 61 92 67 36 5 21 32 27 17 77 82 19 51 39 43 45 41 49 30 40
22 10 21 100 27 36 51 74 95 50 42 78 64 11 98 30 57 26 79 43 31 22 52
10 94 99 23 73 48 53 90 75 26 21
25 15 89 77 23 60 72 98 30 48 3 58 13 90 20 94 2 34 47 45 81 51 70 52 16 84
21 91 1 64 7 75 79 11 21 49 23 15 61 2 32 99 20 52 3 65 18 71
24 12 15 78 72 9 26 82 44 8 3 11 68 21 7 92 31 71 74 94 56 66 70 10 53
24 34 7 95 72 84 16 90 86 46 40 32 91 45 29 11 25 59 89 51 57 74 99 55 69
15 97 44 55 94 82 64 39 71 45 95 27 46 67 18 35
19 97 96 82 19 91 13 20 18 29 44 54 77 3 81 5 98 90 86 75
24 30 57 15 90 42 67 59 33 80 19 60 34 50 97 89 22 21 87 8 79 37 35 91 36
18 63 29 33 5 11 9 26 31 100 30 27 44 97 3 16 20 82 99
20 18 80 33 89 48 63 61 4 32 49 70 99 35 26 40 100 37 2 75 77
21 96 52 68 59 11 30 71 72 44 24 10 58 60 90 74 61 99 47 33 45 18
21 20 74 75 43 64 39 91 56 94 66 40 62 38 10 60 31 33 48 52 99 95
21 49 97 87 14 41 6 42 11 39 79 69 31 36 50 89 66 84 18 46 15 23
23 88 87 67 64 93 6 43 71 11 45 7 39 17 42 78 56 25 4 53 50 86 65 73
18 99 77 8 98 42 71 68 37 60 41 89 58 52 84 91 2 83 32
16 83 100 97 37 36 60 4 79 29 77 82 5 40 35 16 75
19 18 93 94 5 54 10 77 90 32 44 36 19 25 27 55 92 85 14 7
20 52 94 49 56 8 9 36 92 81 96 71 57 11 100 20 65 48 34 97 7
18 48 22 88 39 1 59 6 92 32 90 79 5 75 34 52 71 91 49
19 55 72 78 24 31 19 11 20 88 53 6 5 43 41 14 4 26 94 66
15 67 81 80 94 66 8 28 11 38 54 71 51 60 5 86
15 96 77 16 31 22 40 67 46 44 78 91 45 100 10 87
9 80 30 91 13 2 54 39 9 65
15 4 6 78 89 35 34 41 77 59 66 27 46 1 76 22
21 48 88 40 74 22 38 58 84 100 97 2 79 99 37 68 3 29 21 62 67 31
24 82 11 39 23 97 18 3 42 92 87 24 49 94 73 25 44 16 69 48 21 26 32 79 96
18 55 41 70 33 88 29 65 43 54 62 11 19 45 98 27 6 35 10
18 21 44 17 81 85 91 64 47 15 57 54 4 2 31 90 18 26 55
21 33 71 20 12 18 11 54 98 80 1 95 61 85 50 15 96 55 63 39 34 43
19 13 37 93 14 44 79 73 77 1 36 21 53 61 89 63 18 43 84 32
22 64 3 16 14 97 91 81 62 74 56 1 22 43 80 60 34 82 11 53 87 65 15
22 31 64 94 90 45 80 9 73 13 60 48 46 83 52 2 30 77 91 87 33 89 25
17 27 52 60 12 20 93 3 32 89 74 69 82 81 17 68 98 59
16 29 45 6 56 89 85 16 36 74 84 96 64 14 25 33 18
22 14 12 17 9 94 29 72 36 79 70 62 4 83 27 77 16 48 86 31 98 24 69
21 82 5 13 2 25 95 67 17 24 98 59 88 23 35 29 72 62 75 32 76 84
14 60 12 68 74 91 94 32 45 14 95 44 97 27 76
23 100 30 60 14 93 92 10 81 99 50 47 9 15 16 5 75 89 72 11 71 18 19 12
24 63 9 76 20 18 2 64 81 71 88 85 12 17 67 100 49 86 31 24 44 39 52 37 72
23 21 24 56 78 10 32 34 39 86 49 91 2 68 54 25 50 92 6 30 33 29 14 5
17 26 73 62 59 15 61 25 41 65 36 64 94 89 80 51 60 17
20 70 77 29 19 25 2 79 34 20 89 85 3 36 62 44 39 88 45 50 35
19 51 98 41 85 73 8 56 84 25 93 99 87 90 17 22 78 45 38 28
25 72 58 66 54 75 42 25 80 34 4 26 10 64 28 81 51 31 30 95 55 23 40 11 3 53
25 44 23 45 18 77 25 1 56 15 29 70 19 10 42 60 95 14 43 67 12 24 66 38 53 49
23 75 56 37 48 50 94 1 86 99 43 45 60 10 98 9 33 97 23 90 35 61 13 46
13 98 42 81 78 80 56 36 46 24 82 30 38 22
18 24 30 41 79 93 58 99 77 97 14 35 94 82 40 21 19 91 7
20 90 30 25 62 7 10 95 50 32 2 99 82 70 1 40 11 65 69 15 97
17 68 45 37 62 31 86 28 15 91 82 4 9 63 23 16 76 32
22 64 93 9 50 58 54 4 1 72 16 74 51 35 77 87 5 53 10 94 89 65 12
19 39 65 60 25 84 78 41 67 2 37 17 11 48 82 73 45 64 79 100
13 46 13 16 31 10 26 90 97 99 69 55 12 53
16 87 35 88 78 11 71 52 38 82 99 41 15 56 54 55 75
18 90 11 9 80 51 23 84 41 45 52 7 78 37 74 34 68 86 14
20 9 38 52 40 23 33 79 26 93 81 69 47 16 90 76 84 22 10 59 48
15 41 67 83 64 55 9 39 72 12 50 18 98 84 22 94
20 51 60 29 96 58 9 90 64 6 14 54 67 43 16 88 17 25 91 7 83
21 56 2 9 39 98 1 69 44 12 8 41 50 85 100 76 19 52 53 13 10 91
22 91 99 61 95 45 54 5 27 1 46 73 77 52 55 7 35 26 59 84 8 20 47
20 21 2 39 73 58 49 6 84 70 15 77 71 31 51 99 74 76 14 83 67
25 31 4 95 77 39 94 67 26 34 9 7 40 22 17 61 33 23 66 76 18 35 56 44 70 71
24 42 15 66 29 62 78 27 47 3 19 10 50 32 94 75 43 48 69 9 8 71 59 89 40
20 36 43 57 97 41 4 28 58 80 73 35 68 46 51 56 5 88 40 81 23
25 15 51 55 84 65 31 8 32 13 50 16 82 89 10 35 22 41 85 56 86 27 80 48 92 3
14 99 18 62 97 12 38 25 6 84 7 70 64 9 32
22 81 8 13 90 43 4 73 77 14 76 82 47 59 34 2 80 87 40 36 69 49 79
23 12 1 80 23 69 67 40 43 57 42 32 87 95 89 73 5 19 7 2 49 14 45 50
16 22 73 72 70 50 20 1 12 59 100 36 90 51 67 34 58
23 49 11 93 87 13 81 20 55 83 31 69 75 51 30 90 15 32 97 3 77 52 44 76
18 96 26 92 45 11 78 46 39 38 57 7 82 35 3 72 15 68 44
13 28 89 4 79 88 10 8 78 6 52 61 100 47
11 6 86 11 20 89 29 98 74 90 42 32
18 68 54 7 59 20 83 27 2 73 97 39 90 98 56 44 57 46 3
22 63 57 22 43 70 94 98 74 65 56 6 62 90 47 60 11 16 38 66 64 72 9
23 57 39 94 95 16 47 49 72 1 71 26 24 5 19 92 55 35 23 9 42 62 100 29
22 32 55 3 28 13 85 37 42 10 35 34 26 33 67 49 9 87 48 18 4 23 11
16 63 17 1 81 58 27 87 35 20 3 29 4 25 47 54 8
18 56 3 6 40 46 71 12 16 48 5 24 52 58 2 67 41 9 57
12 40 62 14 5 97 68 6 91 26 24 37 43
23 19 24 59 90 16 67 75 14 69 45 55 6 20 40 65 33 66 34 82 13 89 80 94
14 31 10 100 11 61 9 93 2 66 94 25 20 82 13
13 71 63 73 100 1 50 84 83 25 13 92 98 97
16 36 4 71 13 30 90 11 38 80 57 19 83 17 43 100 28
18 71 86 70 79 97 23 81 2 44 26 8 62 9 40 90 83 1 36
21 89 85 28 27 74 16 26 65 24 87 53 10 22 73 99 62 31 43 41 8 78
21 44 47 62 79 43 32 28 31 55 71 85 49 33 37 84 9 56 63 5 80 72
20 76 80 79 97 8 30 37 34 94 54 70 27 92 43 1 18 26 83 52 35
19 68 60 7 87 42 55 73 63 52 86 1 94 35 27 23 98 33 54 45
22 37 89 5 57 35 34 1 47 14 50 45 96 15 18 48 25 67 95 30 66 76 29
25 74 95 80 36 66 89 83 31 39 82 85 38 76 60 43 56 68 16 51 41 26 10 54 47 48
23 78 77 84 82 65 1 39 85 48 98 76 99 3 30 14 4 20 79 27 11 43 94 34
22 81 11 26 96 3 58 13 82 57 52 72 15 23 68 64 19 41 93 17 70 48 80
19 8 17 54 18 44 80 72 20 57 96 65 82 10 35 52 81 62 51 13
23 47 78 89 37 33 96 39 38 90 28 75 73 94 48 57 20 52 41 31 2 99 60 29
22 17 65 87 20 88 15 29 49 33 91 18 43 39 42 40 45 83 66 38 76 100 80
18 63 91 22 97 87 78 84 12 11 46 29 69 72 30 77 62 41 36
19 91 62 4 70 30 89 41 75 16 99 81 66 83 21 15 69 42 97 86
20 33 5 98 92 69 35 34 59 55 19 91 18 80 97 38 72 54 20 28 76
24 69 75 52 26 32 20 1 72 22 59 46 31 93 79 16 41 87 6 34 60 92 68 2 33
15 79 87 55 33 25 13 63 58 88 27 8 80 48 19 36
15 69 85 60 61 16 89 13 44 23 88 68 47 56 40 26
24 96 58 45 29 79 68 75 32 30 42 43 78 16 70 71 10 90 52 50 65 86 95 100 24
16 68 23 65 36 81 4 19 92 62 94 24 57 49 90 35 17
16 11 96 66 88 24 14 90 86 25 28 1 75 37 70 94 39
24 57 100 74 92 20 82 60 31 37 52 66 40 3 94 25 55 30 19 53 41 5 98 71 80
24 86 7 47 53 76 4 62 42 30 45 10 74 6 83 24 68 22 69 19 82 91 97 67 15
20 89 10 92 16 44 7 96 1 41 6 71 83 99 79 14 11 97 60 3 59
19 18 60 15 38 87 53 4 8 69 31 97 61 93 34 33 85 49 67 82
21 59 47 43 37 91 62 6 11 34 70 96 49 63 65 51 33 20 85 55 38 83
18 59 24 19 54 91 71 80 63 95 64 4 45 55 3 85 34 5 25
20 35 2 61 17 75 8 28 58 56 59 66 46 78 23 96 80 13 22 38 99
13 66 83 7 70 34 1 81 31 93 48 26 92 40
16 30 79 39 7 13 10 50 56 97 87 21 46 51 28 44 3
18 19 1 36 70 86 5 84 31 39 29 45 42 85 13 38 43 81 21
25 15 93 27 73 99 22 20 28 83 66 100 21 85 50 29 12 52 91 56 30 43 19 63 90 77
21 57 73 75 32 35 82 59 40 64 58 26 8 39 87 7 22 10 33 50 74 46
17 92 62 94 55 63 40 15 72 12 95 10 85 16 56 4 76 27
23 19 6 56 32 84 66 65 59 68 14 2 62 70 63 60 25 74 76 53 50 69 1 7
16 25 14 24 82 71 40 74 46 65 5 20 6 88 94 93 37
18 29 88 66 63 13 98 69 94 39 77 18 38 3 53 100 36 91 5
24 19 72 33 70 75 51 73 56 25 34 40 16 96 31 29 69 61 63 46 90 64 85 6 83
14 11 62 59 83 8 54 64 48 65 15 39 51 80 68
17 75 1 17 47 77 87 53 34 97 22 98 41 58 68 71 92 31
25 2 31 91 12 67 30 63 23 22 89 51 85 84 43 38 74 58 44 42 8 97 77 36 86 59
18 4 30 39 91 52 38 3 27 69 8 70 75 16 12 65 76 66 6
25 49 77 81 6 42 52 35 13 9 38 22 100 71 65 8 84 25 33 29 2 17 85 44 10 23
18 48 33 24 14 69 44 84 30 28 78 56 76 49 57 42 98 54 92
22 69 100 22 51 54 30 14 77 1 17 88 45 3 43 87 40 47 76 34 6 90 25
17 83 74 39 20 32 2 25 58 93 12 96 6 54 15 21 11 81
14 12 92 53 37 51 64 58 10 21 28 68 42 39 63
19 9 48 79 74 51 23 53 36 66 8 3 47 92 99 41 32 39 21 1
18 23 27 93 79 10 59 94 6 38 17 32 8 1 74 89 86 37 41
25 97 31 83 35 40 67 91 86 76 12 3 51 50 66 80 6 73 61 75 30 99 79 17 45 27
12 10 19 71 91 35 68 77 83 87 13 62 81
19 69 65 30 91 6 99 19 24 16 17 61 96 33 95 59 9 3 45 75
17 44 58 11 93 75 90 54 45 60 53 9 73 22 80 81 17 1
24 50 24 84 6 23 63 99 92 34 90 76 95 14 32 4 97 69 13 68 82 12 57 55 35
18 73 91 52 72 100 76 7 43 57 18 54 75 31 60 92 70 44 29
21 38 68 84 77 16 30 97 17 89 12 42 62 80 64 5 22 14 45 63 90 79
22 3 93 57 19 96 22 58 67 4 34 35 89 41 71 78 33 53 64 70 51 2 16
24 30 11 63 25 39 12 61 73 55 38 90 79 87 22 24 81 33 71 10 66 80 16 86 100
22 92 63 55 1 83 58 38 69 6 19 39 71 51 94 5 50 81 64 60 2 53 10
23 35 43 91 49 41 53 92 66 34 52 5 50 56 64 29 69 31 58 88 67 26 8 87
20 6 71 35 49 41 27 83 11 1 64 73 52 48 87 23 56 28 19 59 97
24 65 48 32 2 63 54 60 9 49 6 62 21 92 64 47 20 72 7 36 25 26 8 89 29
24 45 78 28 40 66 72 85 16 36 27 1 34 23 38 97 73 70 98 95 99 21 100 58 46
21 37 92 91 100 33 85 52 76 7 5 16 73 59 78 81 93 55 84 50 87 22
23 75 69 4 7 81 32 92 86 20 60 84 70 59 99 40 45 83 91 71 95 46 58 43
17 31 38 26 52 64 17 65 71 1 36 8 19 87 3 73 9 6
21 60 27 82 38 31 6 78 66 26 13 9 76 57 32 83 5 84 64 4 2 59
24 40 62 33 22 88 53 100 9 28 52 17 19 76 51 95 37 41 56 75 32 35 38 97 25
19 5 71 34 90 100 95 98 39 61 26 11 24 49 74 97 87 57 67 20
20 83 52 31 47 13 25 17 63 12 28 55 64 70 40 48 80 73 8 34 37
20 76 15 5 41 50 30 36 87 26 100 92 84 99 16 93 9 74 19 61 89
24 65 26 4 91 28 7 27 60 45 14 99 87 82 30 41 9 89 100 54 77 8 33 58 93
21 61 41 37 34 64 27 7 83 71 13 57 33 52 11 24 47 82 42 68 50 40
14 14 96 77 58 83 15 38 84 32 46 3 35 95 54
20 5 93 77 81 45 3 96 23 86 42 84 14 92 1 73 31 100 6 49 51
25 34 9 58 95 3 19 84 45 42 64 100 33 23 55 75 69 11 31 1 25 17 96 36 37 2
23 16 45 81 93 83 13 76 54 51 78 33 68 32 97 98 39 63 59 50 47 74 52 15
16 36 18 90 29 69 19 10 3 62 5 91 98 13 15 84 35
12 89 97 43 26 15 70 33 14 59 2 95 80
20 90 78 96 32 39 56 11 7 1 18 61 36 8 73 100 17 63 30 34 55
19 84 66 45 82 92 21 96 85 1 22 18 37 57 70 90 25 58 19 89
19 35 2 19 87 34 6 3 24 23 74 64 14 40 7 41 36 12 44 13
24 3 43 82 48 9 31 68 83 81 58 69 10 73 57 20 7 14 55 100 95 22 49 11 40
23 7 8 74 96 45 42 35 32 99 36 6 29 25 5 59 94 95 9 13 18 22 85 41
19 52 14 74 99 80 8 43 34 64 86 54 38 3 90 56 35 10 97 27
18 66 17 95 91 73 30 89 49 97 81 43 84 60 40 78 20 58 33
20 87 75 55 79 29 6 83 63 73 92 53 8 39 56 21 48 5 32 93 64
25 1 7 3 16 14 74 51 18 88 13 98 92 21 20 46 99 64 28 23 34 58 70 5 93 35
24 12 64 28 11 5 54 70 69 14 82 3 85 38 4 93 15 24 100 41 77 72 22 43 45
9 96 68 39 21 89 92 27 19 75
21 90 68 29 38 32 48 97 86 94 79 23 54 100 6 20 13 9 7 76 35 10
22 13 14 26 17 39 24 34 40 75 94 92 95 61 18 62 27 82 72 77 83 89 10
25 98 71 14 73 18 46 62 29 85 82 76 53 39 99 32 58 67 66 86 55 50 27 92 47 28
21 79 90 98 75 7 81 12 65 100 40 1 27 69 45 63 70 24 48 17 30 74
15 2 41 16 93 59 49 39 22 33 6 13 96 3 35 8
21 2 5 65 44 45 42 35 77 88 80 34 97 87 94 68 20 69 81 67 90 61
18 27 34 51 54 16 20 11 92 68 75 26 66 14 30 43 81 28 98
24 54 98 88 96 87 61 7 36 77 84 60 71 10 74 16 22 91 50 27 68 82 85 1 46
22 23 57 65 85 22 50 19 76 28 37 40 39 56 34 96 89 54 18 3 48 53 100
21 66 14 26 97 88 59 44 51 67 92 24 81 19 64 10 89 84 57 21 5 47
17 74 99 14 67 10 58 31 18 39 63 72 15 81 93 92 75 73
13 19 45 53 78 83 5 85 38 37 18 54 84 76
17 95 32 79 10 58 36 33 21 11 15 30 53 31 89 80 35 2
19 54 1 47 37 78 64 59 14 93 60 30 16 10 99 28 51 87 72 90
12 27 74 61 97 62 5 28 36 10 81 57 32
24 24 67 88 29 97 46 45 93 76 16 66 33 31 20 77 55 37 14 3 40 90 69 83 32
23 3 22 97 71 47 51 73 89 76 54 46 1 26 18 60 37 88 4 31 53 79 64 78
16 6 58 42 11 93 25 41 89 66 18 19 96 57 64 47 91
20 25 81 69 48 15 62 3 76 6 7 2 47 97 31 54 19 49 30 41 8
21 45 42 48 19 20 63 28 87 12 35 29 57 81 70 73 31 83 76 24 79 93
23 78 8 10 90 87 1 77 38 74 81 66 48 43 82 25 47 55 15 45 51 42 37 86
24 80 51 92 35 11 47 49 43 74 36 58 57 50 95 98 52 44 46 22 24 39 30 33 79
21 14 75 45 6 34 10 53 33 78 90 4 88 49 56 84 98 89 13 9 26 80
22 45 88 69 39 89 75 57 94 28 27 25 66 84 67 43 80 86 58 12 20 42 1
11 82 15 57 80 12 90 31 68 14 27 61
24 42 1 81 36 25 87 84 2 47 27 76 33 96 67 88 82 97 94 21 34 44 54 28 31
20 78 34 45 83 86 65 39 95 66 63 8 64 33 29 17 89 59 67 13 72
21 98 89 61 41 96 25 3 62 48 80 17 79 82 27 74 30 55 18 86 68 66
23 54 13 30 34 73 53 86 82 33 29 50 27 80 15 41 72 87 10 9 16 46 39 90
19 88 87 98 25 18 42 61 41 92 2 48 73 59 51 60 58 49 83 90
18 29 68 20 90 52 33 26 73 75 58 31 61 22 24 15 6 65 10
19 55 42 79 94 39 62 25 17 54 32 45 60 80 90 27 29 74 52 93
22 3 60 76 43 30 26 22 97 12 19 28 75 39 1 40 46 72 45 7 77 34 49
22 68 28 36 77 25 34 97 74 99 55 56 83 88 89 78 96 95 50 65 81 73 93
13 71 4 57 45 29 5 92 8 20 79 21 95 80
20 5 37 42 86 26 75 52 59 94 44 88 30 34 85 90 25 46 20 14 66
20 81 41 74 12 85 59 73 93 90 23 95 69 26 38 79 13 32 11 86 34
19 7 9 28 69 78 3 52 56 82 79 98 76 33 95 30 47 71 18 29
21 71 16 44 87 12 81 21 91 64 62 89 85 34 22 52 75 70 20 77 72 68
17 46 39 2 21 23 40 45 1 94 24 18 83 10 30 32 52 13
25 31 95 2 72 93 11 35 3 44 33 26 65 70 14 9 1 78 91 90 22 96 34 66 73 42
20 75 96 66 6 81 94 24 33 17 21 88 13 4 45 22 82 34 20 52 54
17 53 7 99 16 51 30 36 37 100 29 32 69 39 58 68 84 77
21 74 42 45 46 49 57 10 9 23 94 19 41 52 96 48 65 68 4 82 60 29
19 92 61 85 47 19 7 38 18 9 25 91 22 2 49 72 93 62 100 90
16 84 80 81 41 15 43 62 76 79 10 77 42 3 82 22 45
19 11 59 93 23 32 98 97 84 31 38 13 62 65 77 61 45 89 28 16
13 19 37 12 42 13 75 29 95 66 35 81 22 2
23 23 83 99 13 33 63 24 94 91 44 35 42 38 22 12 92 37 75 27 77 40 28 66
21 6 65 70 13 22 27 64 41 7 37 85 68 17 40 36 26 51 82 98 92 63
23 54 70 65 51 80 24 49 7 84 4 47 15 81 46 67 85 38 39 25 48 41 89 57
21 3 79 62 71 23 61 76 92 77 70 11 30 60 96 59 24 73 47 18 10 20
19 40 32 69 17 5 80 71 27 74 10 13 81 79 12 1 95 21 100 97
19 16 30 55 26 33 51 21 65 96 75 52 71 77 25 41 80 31 39 98
17 89 66 2 78 55 43 45 44 95 26 20 5 39 92 71 84 29
22 80 15 36 78 79 40 16 38 71 99 4 81 51 29 58 64 11 32 91 94 62 74
19 72 51 22 82 3 21 43 6 19 41 81 7 10 58 50 75 61 68 98
17 41 26 94 22 20 12 78 2 61 48 46 72 96 34 79 56 54
20 76 17 4 43 45 49 1 79 36 30 38 32 8 75 93 57 74 51 87 98
23 36 69 93 51 63 65 34 29 30 86 35 46 44 13 47 64 43 59 79 39 56 80 81
19 55 96 37 9 16 88 11 67 80 48 31 33 93 77 7 53 17 99 89
19 20 33 75 60 23 6 61 89 2 52 26 1 83 51 18 56 35 3 66
18 26 8 97 24 4 71 39 3 45 27 82 84 43 32 51 1 65 90
21 45 38 30 31 2 7 57 63 70 33 69 88 61 12 50 68 99 17 56 60 59
20 3 63 65 67 43 4 30 27 19 44 83 14 23 26 98 75 49 89 62 64
10 7 92 44 53 25 1 35 86 27 56
16 75 14 29 86 82 20 24 57 49 77 81 47 6 21 67 18
18 84 54 99 48 47 100 80 25 85 37 75 71 28 36 98 22 70 58
13 93 27 80 18 10 83 50 92 61 3 34 89 14
23 61 36 16 41 63 80 76 7 27 92 35 49 18 71 82 21 30 3 32 69 68 13 34
24 14 64 30 4 52 11 17 27 6 34 78 21 88 12 100 44 74 61 29 8 70 45 10 98
24 92 38 93 54 98 39 5 14 35 18 56 95 60 45 32 37 87 59 64 67 49 61 31 17
16 50 43 82 71 37 35 26 33 78 7 14 10 75 18 4 99
24 79 57 20 40 93 90 2 24 12 5 65 38 7 54 87 47 74 43 72 53 61 60 4 27
12 37 79 20 31 1 21 10 69 12 58 30 5
19 35 63 73 14 48 13 58 70 38 56 30 86 81 45 24 62 6 7 15
20 42 47 36 80 52 2 83 20 9 6 62 15 77 60 11 22 27 3 74 92
15 35 96 49 67 41 68 90 50 75 38 36 34 64 95 72
25 2 7 10 78 40 65 29 88 95 90 81 36 77 73 72 59 45 37 87 57 27 56 22 86 53
25 51 26 82 41 20 28 78 10 38 33 72 5 89 86 18 13 16 31 73 64 60 93 12 66 9
20 4 59 37 3 20 93 31 54 38 65 18 13 70 94 90 14 40 45 63 99
11 26 24 69 1 9 63 25 76 30 7 42
19 84 38 73 36 4 49 92 59 14 75 15 89 52 44 80 11 29 50 77
20 57 13 42 85 37 2 62 38 31 10 26 22 6 55 1 77 92 16 41 45
25 50 55 29 33 16 23 97 46 78 1 12 51 83 62 99 76 70 54 63 45 57 65 74 72 44
21 3 62 39 30 55 98 86 27 75 65 82 80 44 94 37 66 24 85 70 48 4
20 92 91 69 44 98 70 74 17 18 23 22 52 42 29 9 79 4 54 37 2
22 25 94 60 72 32 11 82 28 100 96 29 44 71 49 76 2 36 42 52 19 84 86
22 2 55 28 63 34 7 88 32 47 87 33 82 30 73 58 23 62 46 99 48 79 25
22 95 86 97 51 88 42 34 7 38 69 87 49 79 68 40 60 59 23 90 76 32 52
13 57 54 81 22 69 9 92 52 23 4 99 30 87
17 80 97 71 85 52 38 93 19 83 88 68 99 87 59 66 12 77
16 96 21 2 70 76 84 77 69 55 46 71 23 83 4 18 92
18 10 84 43 11 32 70 14 8 99 24 71 61 19 12 48 55 15 93
24 18 83 58 30 28 40 19 16 1 73 5 81 31 34 99 14 84 68 27 74 57 43 66 15
18 36 51 91 57 83 40 23 90 44 27 53 33 25 77 30 35 89 15
22 8 15 50 34 5 9 17 27 72 54 24 78 88 39 33 100 45 63 48 77 1 80
21 2 12 61 55 32 34 89 86 7 83 74 48 78 52 66 60 1 68 62 87 38
19 68 10 98 3 67 26 34 83 8 70 41 11 55 81 99 74 17 53 47
21 79 40 33 72 16 38 96 73 92 59 66 14 51 61 17 28 71 46 9 50 94
21 98 93 23 92 54 12 9 6 41 5 25 60 42 36 34 20 74 32 31 86 14
17 77 60 7 11 9 57 14 54 44 72 89 20 61 42 71 66 12
22 96 54 20 45 66 10 36 74 72 33 32 80 92 39 53 7 68 17 38 25 55 88
22 7 96 87 4 71 8 70 58 81 33 27 94 62 5 49 28 24 25 1 66 56 38
22 97 31 42 85 90 50 53 70 11 12 89 51 8 60 16 65 32 23 43 93 38 82
18 20 25 88 96 95 90 77 32 63 11 61 27 80 97 4 52 92 82
16 73 89 71 17 60 31 42 3 83 32 45 4 22 87 12 49
23 12 61 93 52 2 5 27 43 48 86 95 96 79 41 91 100 83 62 32 8 90 44 84
15 3 47 41 81 15 7 57 1 13 96 72 84 48 2 83
19 49 28 51 89 50 40 22 62 66 39 78 100 44 3 83 21 92 14 59
25 35 91 98 56 44 38 29 15 48 30 2 49 5 100 3 68 39 60 8 62 26 53 94 85 32
22 14 89 70 38 21 66 87 36 56 74 54 77 41 25 61 29 40 23 27 75 98 39
24 87 1 99 16 48 63 15 47 80 44 12 55 34 14 7 50 70 65 66 30 92 74 24 69
21 61 36 26 84 96 3 81 19 55 54 2 15 7 17 10 4 16 99 77 33 100
16 36 5 45 18 51 72 30 41 44 21 64 38 75 74 48 98
19 51 69 93 92 63 71 78 48 68 41 82 5 40 46 44 81 33 72 58
24 96 51 1 60 10 49 36 3 75 12 47 20 67 59 58 19 61 34 73 14 27 22 29 28
21 12 8 28 44 24 82 23 32 2 63 45 13 53 46 18 52 27 11 57 43 77
21 43 45 48 72 39 91 1 55 53 6 71 44 79 84 37 18 58 76 83 11 98
19 2 90 98 33 19 65 17 44 32 47 5 9 14 43 59 92 73 63 18
20 32 55 6 12 5 81 43 92 46 64 70 87 91 30 76 59 63 66 13 99
24 51 87 30 31 33 25 61 57 50 21 72 37 58 78 2 99 74 71 98 23 29 86 93 43
15 86 70 22 17 54 18 75 32 8 30 47 55 26 13 73
19 63 28 74 64 45 9 50 44 81 93 25 38 31 18 73 87 17 10 1
18 73 84 96 100 47 58 11 50 81 59 13 93 76 20 25 37 79 52
20 93 47 33 67 16 22 66 54 8 98 39 23 14 43 92 64 82 24 63 70
19 75 19 88 55 28 18 33 74 69 48 68 34 29 36 6 97 92 96 35
12 64 52 87 67 51 73 27 75 22 95 55 29
14 17 57 77 19 91 48 51 93 49 16 64 26 81 38
21 40 3 7 31 51 46 77 85 69 17 75 27 86 94 99 47 54 58 82 28 26
17 57 73 20 6 14 95 58 93 60 49 37 1 76 25 100 41 97
22 73 87 79 33 40 30 67 36 57 8 56 59 68 89 12 83 82 39 70 20 52 32
14 61 94 14 20 42 39 84 25 30 96 77 15 34 2
16 30 36 88 31 70 34 15 83 53 37 79 14 3 98 1 78
20 31 51 94 22 26 1 56 52 81 32 54 17 34 62 85 73 42 53 44 83
23 36 14 39 95 80 41 57 34 7 8 69 98 5 35 79 20 72 54 73 40 17 28 43
22 78 32 75 40 88 36 18 80 5 50 23 13 93 48 63 30 100 56 1 27 76 81
23 24 93 31 83 77 68 21 23 17 81 10 14 65 80 90 4 9 13 62 44 69 5 47
17 20 10 42 40 6 37 34 44 75 14 46 38 85 73 27 32 45
18 20 16 32 27 91 76 66 30 42 10 70 67 24 64 8 19 81 83
15 66 56 31 40 34 54 38 19 9 23 84 10 39 67 51
20 57 77 6 95 40 46 49 86 45 36 30 64 92 33 37 85 74 70 18 26
21 36 92 15 87 64 66 60 63 34 22 99 31 47 23 52 1 65 77 13 32 83
22 76 50 11 26 60 21 33 4 10 68 74 79 18 32 88 12 42 2 81 95 14 80
19 61 69 75 83 27 55 89 79 37 34 5 93 31 73 26 45 32 58 88
18 78 93 85 50 41 3 22 52 28 14 91 12 81 24 6 26 90 79
23 61 91 11 76 92 40 73 95 50 39 71 57 63 86 22 69 13 8 84 20 99 81 96
20 92 15 48 68 21 98 74 71 90 56 62 49 80 77 85 87 51 34 81 18
21 41 60 47 29 64 38 84 50 46 32 42 61 75 54 72 14 66 73 2 85 69
14 7 74 5 34 25 54 8 65 37 19 22 12 61 78
18 95 30 17 75 74 66 94 60 13 22 32 7 79 71 77 51 70 40
18 35 46 19 8 55 80 26 82 89 64 20 86 70 59 94 54 12 85
19 13 16 63 74 41 50 55 64 57 37 35 97 32 14 44 22 60 70 95
17 77 5 44 2 28 10 23 17 63 76 42 43 18 87 56 7 59
23 15 39 74 97 95 61 10 27 9 70 16 65 92 25 55 66 11 1 7 2 76 23 59
16 92 43 100 36 17 55 49 18 24 97 11 87 72 7 10 30
16 85 54 84 64 44 95 59 17 33 2 66 74 79 51 65 78
18 100 39 49 36 3 79 38 30 17 51 2 75 47 33 77 69 97 72
23 62 50 98 47 38 29 48 83 19 74 5 85 94 89 23 18 57 21 81 37 8 14 61
23 60 15 7 36 89 99 37 73 94 87 27 74 90 4 46 98 29 67 44 75 68 19 86
24 72 87 29 25 14 16 32 7 98 76 40 74 4 43 8 91 82 48 66 37 55 94 34 33
19 14 27 82 57 50 93 10 100 35 16 66 54 44 61 70 29 88 45 46
21 80 33 74 32 97 71 60 70 16 44 46 31 50 95 51 39 57 99 13 75 92
19 54 89 57 58 56 84 29 3 9 86 1 47 15 21 41 97 25 45 74
20 62 48 47 97 33 41 5 10 24 34 21 57 1 46 80 7 95 85 76 9
20 81 28 34 27 16 99 18 8 39 36 37 53 5 94 3 85 35 55 14 12
23 1 28 90 71 65 5 66 34 11 32 45 86 91 21 9 89 46 41 33 36 84 64 93
23 68 8 82 89 56 81 25 59 42 61 29 69 62 43 23 2 33 40 16 96 52 78 36
19 29 46 92 96 44 69 72 10 4 90 81 66 71 27 2 28 79 60 68
23 10 73 95 66 48 55 4 29 33 80 65 30 64 68 21 97 71 26 39 89 36 93 19
19 23 67 48 26 41 6 87 55 45 83 12 97 69 20 44 88 22 85 70
17 66 41 79 72 50 78 65 5 52 45 80 57 68 90 13 70 43
18 77 6 69 52 48 16 96 94 78 91 44 93 80 56 97 47 17 54
23 93 41 37 95 23 14 90 74 86 52 3 6 11 46 87 98 19 92 84 75 58 8 94
21 70 72 1 81 38 94 82 86 87 21 36 14 30 40 85 47 43 66 55 13 16
18 100 55 80 7 62 67 59 15 48 38 41 53 84 16 24 49 95 58
21 62 21 48 71 97 10 12 31 84 96 72 39 53 37 91 28 4 22 54 100 7
24 58 89 15 57 85 7 2 84 27 100 40 37 80 65 87 47 34 53 11 98 81 86 17 59
24 15 1 39 27 21 43 57 40 94 28 72 14 25 58 82 81 63 48 78 75 2 93 29 90
15 65 25 56 26 5 80 16 32 82 78 8 95 74 39 13
16 51 30 66 98 32 37 2 41 62 93 27 42 22 17 83 8
22 31 12 96 89 50 48 52 73 91 70 53 22 72 84 41 25 58 64 24 77 81 85
18 40 60 32 42 72 68 39 15 79 30 24 3 97 29 78 21 7 88
19 32 98 100 60 88 83 30 61 97 26 70 43 55 82 20 48 15 33 87
19 35 40 3 97 55 59 60 80 54 44 98 2 6 26 96 78 7 11 21
19 96 11 43 92 35 83 5 16 6 80 64 75 52 95 34 69 13 46 25
23 25 71 12 51 7 4 16 10 11 20 52 64 57 86 84 73 58 23 82 67 93 30 37
25 9 90 39 28 27 20 85 78 48 63 37 73 94 30 62 65 83 67 88 36 55 5 70 57 44
24 78 16 27 59 53 79 85 35 42 63 6 31 36 48 98 95 3 47 76 33 77 82 43 15
23 72 56 99 23 44 85 10 96 73 46 86 18 80 74 62 11 61 93 4 55 76 43 57
23 90 87 60 25 98 57 72 18 99 4 91 79 5 75 45 58 68 30 34 70 73 100 92
18 72 76 67 45 80 44 36 37 22 64 68 92 85 23 84 26 14 62
23 5 38 13 61 53 19 91 27 84 59 29 8 42 83 89 45 98 28 1 39 55 52 24
18 10 6 47 38 40 91 42 33 70 48 22 34 89 19 74 69 26 50
17 62 4 63 94 10 18 17 98 39 19 82 25 70 31 88 20 2
23 14 28 56 68 11 50 26 42 10 69 18 88 7 98 90 25 38 100 15 12 43 97 63
25 44 9 79 27 82 69 89 23 19 50 18 2 56 58 6 46 76 43 33 75 32 70 42 87 40
18 10 69 81 11 22 57 65 55 6 8 97 48 42 83 67 54 30 47
22 24 53 82 75 13 62 95 88 7 35 63 64 30 83 44 27 15 58 68 90 11 49
16 45 87 48 75 100 43 86 71 97 84 10 77 46 34 58 72
22 32 90 7 82 63 48 25 94 53 35 97 93 47 42 60 71 68 95 51 11 59 55
22 84 2 56 3 89 48 41 54 85 43 69 77 33 39 16 93 13 75 11 86 38 35
25 25 36 91 18 87 88 20 83 33 77 43 94 9 97 47 84 99 73 27 96 100 90 22 57 5
18 40 48 64 16 42 19 47 32 61 52 97 2 22 3 79 7 70 89
19 5 67 52 47 42 69 91 16 36 6 100 61 81 56 54 92 89 73 27
21 66 98 55 86 95 20 47 28 74 51 44 73 49 14 21 99 10 53 71 45 42
13 42 1 28 96 49 62 37 6 33 46 81 34 56
21 66 57 54 59 4 51 99 56 3 35 71 11 22 76 38 93 75 42 18 89 14
13 34 30 45 22 25 67 92 90 98 94 70 55 14
15 52 96 20 43 32 38 2 81 45 64 44 37 22 47 75
14 62 94 26 11 86 98 90 3 63 2 8 82 80 31
24 49 17 81 31 47 86 96 23 61 34 58 94 67 79 78 54 89 65 13 28 4 3 1 30
18 57 100 94 70 17 54 4 90 56 32 64 38 87 48 96 55 82 67
20 64 21 14 56 26 89 10 7 69 36 54 41 51 9 67 90 52 76 81 25
23 26 22 72 53 91 9 48 30 69 81 44 87 7 59 97 47 4 61 94 12 68 42 71
19 42 25 98 72 26 4 43 69 54 63 79 12 46 24 100 60 80 9 73
22 2 20 33 15 35 23 99 58 80 34 97 42 81 73 19 48 63 72 16 46 36 32
23 24 100 90 13 16 62 50 4 57 29 60 26 91 48 63 71 95 11 81 43 61 47 54
16 48 60 75 90 3 51 23 94 96 63 70 81 83 10 25 42
23 46 15 11 3 24 29 25 27 47 68 49 84 58 81 61 35 57 92 96 76 8 67 93
22 21 3 15 97 5 20 28 60 45 49 83 69 88 50 66 7 37 2 57 94 30 10
22 94 43 73 91 68 71 62 51 69 33 36 87 38 85 66 100 42 25 57 70 30 31
19 33 63 31 20 27 9 29 49 14 72 43 16 69 93 96 50 70 64 26
19 45 63 97 10 69 8 92 12 17 59 31 84 1 49 64 6 28 94 61
20 41 12 53 52 20 81 6 77 86 74 40 85 39 1 9 65 72 95 22 61
18 76 100 16 41 28 4 15 98 55 67 24 51 99 57 47 61 71 58
18 49 87 84 89 10 67 9 13 12 63 91 41 83 65 29 100 77 85
19 11 59 43 21 5 22 9 83 81 76 40 18 46 8 93 78 77 62 65
18 15 17 24 39 76 94 74 37 71 63 75 46 56 91 79 97 1 59
15 24 29 41 61 69 58 67 73 57 82 34 54 52 53 94
22 63 93 17 25 77 14 26 52 46 13 32 35 5 59 56 44 43 69 88 4 39 89
24 66 17 18 92 98 12 93 59 36 86 38 6 9 35 10 51 3 15 91 1 76 57 16 29
20 86 2 34 52 11 38 81 62 43 8 67 88 12 32 36 49 30 100 16 26
17 71 64 18 49 89 62 13 75 35 98 68 45 65 9 8 12 47
25 18 46 58 79 42 66 74 11 61 68 40 20 14 44 27 99 89 100 35 52 60 50 94 90 93
15 23 93 48 10 89 20 19 18 28 98 38 74 86 21 36
19 48 75 71 42 79 84 74 61 88 25 100 64 66 91 14 39 54 12 72
23 53 5 98 39 50 58 27 26 32 6 63 73 100 33 10 24 93 90 56 9 4 87 35
17 9 51 36 16 12 54 3 40 74 68 67 4 72 42 26 13 81
22 17 13 28 18 2 19 46 86 68 25 84 35 71 39 33 34 69 91 63 93 27 65
18 67 20 4 28 97 57 43 19 29 36 87 7 46 79 9 52 23 89
21 43 35 58 34 29 93 30 7 94 8 2 10 25 36 42 12 38 74 90 41 71
18 75 35 34 91 63 39 82 89 96 2 7 88 10 68 95 16 13 48
22 10 3 19 20 23 96 9 22 1 21 31 65 79 33 15 50 54 91 53 43 12 83
15 58 25 40 78 69 24 60 10 47 23 42 17 92 99 81
22 90 34 86 29 64 80 68 100 22 26 7 56 67 96 49 94 44 13 84 62 46 20
21 23 38 68 81 87 7 96 43 33 14 82 66 59 52 100 22 5 44 16 56 40
16 59 28 10 29 93 86 7 41 88 63 56 97 26 44 12 20
22 94 49 11 76 66 82 39 70 40 98 41 52 71 91 83 74 86 51 57 28 61 59
22 13 82 60 62 45 50 76 72 43 36 94 58 24 79 89 31 98 25 26 42 96 80
20 62 56 66 27 74 88 26 67 4 98 53 94 91 80 13 95 90 100 21 85
20 15 41 65 17 96 28 22 18 56 98 40 3 73 10 64 85 86 100 77 93
19 46 5 67 32 10 60 65 99 29 37 45 24 26 96 40 27 3 44 97
15 12 20 32 6 74 43 96 68 27 49 23 2 4 76 13
25 91 69 52 86 64 47 85 25 24 90 94 43 32 28 68 65 4 53 23 8 77 15 81 89 57
19 34 95 93 37 24 40 86 33 99 76 22 46 17 45 96 89 47 10 90
18 57 80 51 73 25 81 44 12 33 61 35 98 67 13 95 54 47 20
16 26 50 93 75 41 64 83 72 36 23 86 49 76 4 98 91
21 4 92 55 76 95 57 46 84 17 82 29 15 54 21 31 97 48 98 72 61 74
21 20 13 42 1 26 3 16 88 19 15 22 14 76 72 41 49 82 68 55 97 60
16 34 85 92 75 20 8 86 44 96 57 12 16 6 100 59 7
22 1 23 6 47 42 35 66 19 36 59 86 79 84 92 87 67 5 2 62 60 89 91
18 52 26 71 93 65 58 35 39 78 46 66 33 85 42 97 75 32 91
20 80 4 97 64 60 67 83 15 49 79 13 72 37 98 57 47 44 32 12 73
20 83 28 52 84 4 68 72 5 13 49 100 47 33 9 30 37 31 93 50 19
20 16 80 52 34 11 63 17 26 1 22 77 28 67 20 85 60 42 79 51 45
23 23 91 27 21 12 77 96 29 30 95 44 57 67 69 86 14 32 61 75 22 24 20 60
14 96 39 28 36 67 56 63 84 33 77 58 37 97 32
21 83 58 34 88 3 25 48 56 85 35 95 18 79 29 28 77 69 54 78 75 76
23 82 23 97 45 63 20 22 99 40 76 24 50 64 21 55 35 28 70 6 48 12 7 43
23 83 30 5 29 47 96 65 27 15 10 51 54 20 70 44 48 33 74 89 1 50 9 28
18 62 30 99 54 81 59 34 55 1 41 89 84 14 9 73 96 10 78
21 69 53 34 89 98 31 7 11 100 19 12 60 59 85 79 65 6 61 50 4 17
17 2 98 76 58 84 62 94 7 38 6 10 52 59 26 33 22 74
19 51 55 65 24 31 77 39 62 92 37 52 30 10 49 57 2 1 48 74
23 23 81 63 27 51 4 77 46 98 18 29 84 86 6 43 9 47 76 1 16 45 32 36
20 70 39 35 5 2 72 27 98 30 12 71 83 82 94 15 89 22 56 84 1
22 32 61 54 86 43 98 10 94 77 75 41 70 28 93 52 4 33 35 40 56 6 63
19 89 14 66 50 20 92 99 80 47 72 16 28 19 31 39 59 75 58 21
19 43 14 8 67 100 65 85 96 36 60 73 54 39 64 97 28 35 32 71
15 99 91 53 4 32 48 14 9 83 26 45 8 31 86 51
24 71 9 41 63 64 46 33 28 48 91 77 59 42 23 75 73 11 86 24 54 66 8 84 1
18 89 21 47 79 93 45 20 11 16 55 36 70 95 86 58 88 60 41
22 6 13 19 47 43 2 7 94 67 39 24 92 18 63 57 37 81 45 5 85 88 98
15 9 37 10 85 5 56 26 97 83 51 36 92 91 47 95
21 76 47 80 56 58 28 12 68 67 14 46 20 79 15 4 26 96 2 8 60 93
20 39 46 17 56 43 96 72 55 44 24 12 89 85 29 70 76 65 34 83 81
