500 350 4
6 78 68 249 300 46 334
24 339 281 283 119 12 216 250 63 311 80 79 278 218 247 214 120 165 245 297 236 74 233 179 158
9 326 26 143 224 70 6 319 84 282
24 90 122 307 231 297 202 174 201 111 156 291 281 28 264 191 194 31 13 172 58 246 198 230 271
23 18 156 187 74 161 31 223 335 127 139 15 128 337 38 152 68 212 232 228 229 76 214 181
24 329 210 275 308 217 320 299 157 242 54 302 326 101 15 344 4 190 315 27 284 193 6 318 234
7 119 163 17 310 76 70 52
22 24 259 117 209 312 272 204 102 145 125 7 332 161 330 220 146 152 303 191 53 298 138
21 345 234 18 159 314 347 181 158 278 297 212 263 191 270 205 35 140 323 306 202 272
22 83 80 344 317 44 73 319 175 63 123 232 328 158 288 142 187 247 280 265 152 111 184
16 182 21 151 100 124 211 123 214 19 45 13 168 296 59 88 339
21 242 290 47 22 212 49 147 126 172 161 325 134 111 122 235 327 268 69 110 184 218
11 312 84 175 109 31 341 162 166 30 10 204
8 42 7 314 9 117 71 65 98
11 206 31 18 47 87 148 122 32 51 350 29
7 195 282 173 342 113 306 332
22 215 142 208 39 187 131 229 12 349 53 133 31 41 59 184 238 94 228 223 216 205 55
6 350 206 106 32 316 167
17 42 143 255 127 284 140 220 144 311 34 10 248 322 315 138 304 30
24 277 154 295 7 166 177 172 114 317 67 23 89 5 50 98 249 167 20 206 129 86 130 111 150
9 124 145 194 242 211 337 93 42 216
17 77 283 178 349 187 130 63 28 92 86 228 125 241 258 11 109 53
17 12 124 260 98 43 76 190 5 336 196 278 152 237 227 16 80 140
22 234 196 96 223 341 217 13 268 211 343 182 7 283 308 59 31 206 285 284 10 6 263
16 110 151 237 18 180 91 308 345 329 310 185 154 65 247 241 224
16 115 201 68 222 211 119 331 208 45 61 310 22 279 199 283 104
19 257 181 125 240 68 5 204 135 174 321 314 341 218 31 93 76 113 270 159
15 258 34 259 109 325 140 253 46 157 241 169 181 78 203 142
21 95 147 211 172 41 3 281 270 102 324 317 176 330 103 17 43 74 328 215 224 121
19 325 137 319 199 20 106 189 13 307 316 123 62 153 201 232 157 268 128 6
14 325 224 173 218 127 100 262 269 117 119 146 265 104 67
10 89 185 204 78 206 259 145 93 14 166
9 43 260 265 193 278 194 129 133 283
20 187 80 182 210 117 150 342 105 86 147 49 161 228 103 231 259 297 344 121 280
22 219 33 145 97 198 187 333 285 79 171 155 278 247 77 27 37 292 225 345 20 337 269
19 289 12 67 89 33 116 167 112 111 346 234 202 100 129 222 299 283 104 14
18 34 290 236 1 241 231 80 48 289 107 226 234 314 50 198 150 228 192
14 10 204 256 167 73 105 4 190 92 257 193 222 18 160
18 339 103 161 177 191 204 143 290 119 198 219 262 164 159 237 117 48 173
20 149 157 340 258 46 215 264 265 125 188 73 257 349 317 81 108 295 18 165 106
17 16 203 215 155 189 101 13 60 18 42 137 300 38 24 185 293 266
11 285 80 118 341 4 61 45 62 107 154 201
12 14 147 148 54 341 303 307 253 290 259 133 167
8 346 144 303 220 300 158 78 51
22 71 293 271 127 224 179 99 278 114 14 55 260 205 279 265 349 183 315 130 263 73 262
12 300 224 118 178 299 141 46 203 77 17 276 63
12 81 306 57 162 254 330 85 335 299 281 41 153
21 310 135 291 228 235 214 206 39 68 165 80 125 199 288 133 335 183 70 215 345 277
20 53 11 279 108 280 161 149 230 265 96 312 271 100 119 183 263 325 179 196 228
22 283 172 114 274 285 10 50 305 264 333 240 319 205 26 86 192 252 111 68 59 224 195
14 266 32 270 92 208 57 293 203 182 234 50 328 205 260
14 217 59 178 91 10 6 340 93 192 315 11 216 228 155
12 214 154 165 223 333 77 197 78 75 26 198 324
21 295 88 277 317 269 215 8 69 235 109 297 105 336 192 346 94 307 284 164 10 223
16 227 269 52 83 106 181 238 103 264 312 30 229 57 282 205 58
22 107 12 122 223 110 191 231 151 70 222 23 154 53 88 198 187 335 116 197 217 54 142
7 300 240 201 33 280 157 28
17 273 188 61 108 328 237 64 149 28 119 267 174 269 168 167 27 19
22 174 49 337 165 232 310 219 103 34 46 300 58 281 259 144 308 261 155 35 12 105 323
24 40 60 20 134 245 268 137 312 243 235 25 170 248 138 37 306 142 238 240 350 78 191 285 122
11 185 243 236 305 303 180 257 169 324 167 184
8 184 223 115 65 129 270 318 44
15 135 41 132 50 114 145 307 259 323 27 167 238 98 3 297
17 162 111 333 98 283 60 4 106 152 36 187 311 223 180 99 319 54
8 319 258 245 191 192 309 220 32
9 44 185 232 251 302 105 319 204 162
18 288 149 48 113 66 47 17 271 299 41 29 293 50 266 86 250 333 193
16 241 52 79 283 86 256 56 124 135 140 190 279 260 74 200 219
6 270 115 209 211 266 72
10 226 116 234 332 122 220 168 310 287 4
14 213 66 254 69 61 341 16 86 92 101 279 208 204 318
23 54 326 63 234 164 182 79 15 296 320 155 34 142 36 107 250 344 237 279 332 206 151 293
11 261 224 172 131 299 186 31 48 335 250 147
16 210 253 232 209 141 57 104 53 184 116 147 69 26 50 51 331
21 201 200 157 30 169 42 242 239 120 14 85 263 105 243 18 214 154 64 287 115 340
10 307 186 317 232 245 266 330 250 105 14
18 48 74 111 197 350 339 94 14 69 31 236 131 264 336 286 284 163 263
9 328 16 10 34 133 122 209 327 81
11 11 50 328 250 66 345 62 327 73 242 335
14 236 176 300 156 285 230 48 316 27 47 253 334 3 58
23 85 171 298 168 222 254 111 245 148 202 109 180 239 126 113 336 192 39 123 147 251 139 14
12 212 89 174 125 131 192 228 270 194 186 127 187
15 66 217 319 131 305 261 62 223 110 151 170 157 331 135 101
18 43 253 250 286 263 271 188 73 63 293 198 345 166 30 308 94 323 322
20 265 61 143 91 138 301 298 292 93 96 331 102 82 159 21 310 58 170 79 77
24 216 300 346 73 56 217 343 127 202 57 340 79 101 310 177 332 91 197 268 315 3 132 225 189
17 309 181 60 300 78 283 150 114 193 183 118 33 339 216 266 48 190
9 104 51 76 240 185 103 257 88 176
18 225 171 154 325 220 8 4 317 292 159 114 237 177 35 81 288 17 249
23 341 225 344 97 154 37 102 227 69 340 196 288 135 105 272 144 274 332 197 85 311 4 99
10 343 176 230 241 100 112 75 190 273 245
12 57 33 117 97 276 87 324 218 44 271 333 66
21 81 93 274 275 10 305 330 228 22 39 114 283 122 24 320 127 300 298 215 230 52
16 206 174 180 193 89 192 20 98 129 64 325 131 22 182 32 92
10 71 211 218 142 144 109 29 168 335 303
22 32 235 207 15 298 62 271 221 49 92 10 105 95 303 199 237 79 67 171 302 292 321
14 123 296 48 340 30 71 313 343 178 238 301 278 298 191
15 195 115 2 148 61 194 129 349 253 344 145 3 49 109 281
9 121 218 78 56 337 328 255 90 42
13 276 162 8 24 268 133 2 230 259 279 293 96 59
14 287 22 97 136 346 110 146 244 207 104 100 27 38 238
23 273 323 212 110 105 114 62 300 131 89 283 180 38 275 172 203 304 63 120 215 4 305 188
17 120 17 138 153 16 217 233 39 247 188 82 111 131 264 171 148 78
14 160 24 79 107 192 185 342 282 76 283 60 296 348 86
15 138 141 279 222 258 72 244 78 294 323 5 92 63 7 202
19 88 138 296 229 181 24 31 57 65 63 16 255 286 233 170 261 28 218 147
21 106 16 23 117 42 248 220 188 113 334 217 67 72 182 14 120 155 77 73 80 185
6 140 49 33 261 292 283
16 139 252 286 242 4 217 202 118 268 201 313 219 249 229 137 74
15 169 125 167 68 137 213 228 159 303 199 27 165 30 25 322
17 214 138 16 7 240 239 288 24 219 22 235 77 194 274 331 9 199
7 270 198 301 320 168 12 308
17 327 128 32 245 330 191 178 208 114 15 328 72 192 117 119 148 266
21 198 206 35 45 105 289 235 70 50 283 328 295 260 7 177 169 36 159 300 97 306
13 316 146 169 43 291 53 167 94 34 340 192 76 45
21 73 217 168 291 201 294 36 239 267 306 68 57 75 159 167 146 103 137 200 311 270
18 2 323 322 251 340 260 56 138 344 302 162 228 43 317 298 250 154 334
6 46 42 143 228 114 178
7 229 83 63 294 309 162 302
24 333 51 303 39 286 260 63 192 183 136 261 119 71 42 292 196 133 22 59 18 58 305 195 315
22 197 161 303 30 225 64 235 164 36 137 23 245 125 299 142 231 290 187 93 252 154 190
20 243 278 186 135 87 318 283 131 32 91 119 130 286 107 114 145 6 294 125 57
7 332 183 64 244 229 343 48
22 102 273 324 115 54 66 126 290 85 117 296 336 100 203 243 192 148 260 222 52 68 197
22 290 68 336 165 174 238 111 285 112 195 269 25 313 251 271 330 192 301 331 76 97 171
7 131 143 186 218 313 208 72
14 276 57 101 191 60 350 170 241 292 243 99 171 50 302
7 38 54 336 7 113 227 33
21 54 339 158 65 128 147 132 196 297 270 11 76 165 296 172 32 105 241 107 318 267
22 167 21 164 267 22 172 270 301 47 245 178 156 10 82 51 89 84 122 53 332 324 105
14 327 341 8 297 28 118 53 194 189 60 136 288 141 197
6 18 139 239 104 115 258
24 72 224 71 297 95 13 136 121 345 239 73 199 164 203 277 291 325 28 78 214 229 7 303 215
22 269 256 168 237 191 37 40 165 104 83 84 251 217 227 69 142 180 159 39 99 85 183
14 70 256 252 161 18 293 38 64 81 316 98 8 94 44
17 136 187 134 180 59 244 129 140 84 26 37 89 75 316 280 95 332
9 262 183 291 239 24 234 201 128 259
7 24 187 245 294 347 40 78
11 236 252 117 163 154 256 149 98 28 66 42
21 59 162 200 236 326 188 87 349 6 9 304 69 85 105 211 57 7 113 235 278 309
23 311 203 22 154 4 314 184 239 94 345 305 343 273 344 279 227 225 161 201 272 285 54 197
23 287 9 68 204 104 262 162 157 106 19 26 210 199 326 236 277 187 273 233 224 91 122 11
11 315 13 73 322 161 248 276 242 20 204 49
21 136 59 214 254 328 125 288 158 151 168 239 106 334 311 12 67 217 65 88 48 99
20 248 197 79 111 95 322 38 49 90 345 268 108 312 58 102 304 208 211 16 251
20 32 167 171 330 161 311 139 300 48 131 7 58 44 346 153 343 283 43 163 278
10 253 130 61 260 20 49 93 225 188 117
23 71 67 225 66 255 166 248 81 135 5 21 218 185 160 226 9 316 51 33 119 110 6 213
7 147 285 30 48 106 32 157
16 247 139 32 310 63 12 210 147 178 219 287 288 81 74 241 126
10 48 216 112 263 245 329 94 194 40 199
9 111 238 67 6 135 20 141 148 336
23 227 122 289 34 201 103 243 23 190 162 252 304 121 6 116 218 145 299 18 238 315 275 269
16 256 165 69 197 169 198 109 335 128 116 55 239 145 199 317 99
6 112 104 245 131 342 99
6 204 284 77 108 72 213
16 125 170 7 30 173 208 104 179 28 133 271 158 324 2 198 247
22 347 156 147 108 180 257 49 127 71 100 153 244 158 140 260 183 235 325 77 220 233 144
12 66 61 207 239 244 57 299 129 187 23 338 264
8 174 97 141 112 145 119 157 340
24 345 295 319 15 231 4 263 162 81 146 55 282 180 11 257 198 98 266 54 268 32 308 195 166
10 69 138 315 134 3 118 27 201 204 257
11 106 68 28 83 101 218 23 210 155 165 331
12 91 264 316 42 315 115 329 233 5 311 141 187
15 262 35 284 147 249 3 311 271 83 349 309 342 194 9 91
9 242 240 225 124 76 226 62 279 148
13 339 232 315 349 5 157 227 249 295 255 248 218 348
7 9 211 324 312 84 21 156
23 231 330 102 237 148 69 262 105 163 349 127 11 331 94 318 265 110 183 269 56 201 28 266
23 169 302 194 318 217 19 249 175 226 140 147 114 87 78 171 157 279 238 333 343 276 241 166
22 165 59 71 167 125 22 193 36 238 198 144 309 264 215 241 63 261 307 222 259 33 317
12 118 98 73 264 349 309 183 212 344 76 53 246
9 233 149 38 87 241 165 256 157 170
11 268 149 179 183 81 162 166 213 345 199 231
20 163 189 254 208 31 176 115 257 324 350 133 88 270 210 236 256 265 195 341 294
21 223 346 263 294 21 153 191 128 55 155 185 214 72 164 333 274 260 15 161 61 337
17 109 168 93 330 217 240 6 223 300 184 202 310 273 335 151 350 194
18 316 331 30 166 107 13 256 239 291 50 276 271 117 91 287 328 320 294
13 103 95 93 303 144 4 76 320 152 57 233 130 99
20 262 108 17 83 197 116 259 338 322 236 51 324 147 20 252 326 158 342 95 186
9 150 280 329 257 179 77 283 49 160
22 123 174 18 80 314 141 295 344 259 230 35 146 233 236 139 238 156 67 157 127 237 350
12 230 25 265 342 152 88 201 347 69 224 9 161
9 281 196 158 260 142 303 161 39 188
16 57 23 336 225 254 162 96 187 196 235 295 34 105 142 186 79
6 96 31 47 69 19 189
7 130 331 5 68 230 219 282
16 239 185 206 336 46 191 327 309 42 123 254 45 67 288 326 343
13 340 28 206 64 175 138 44 259 202 102 328 89 22
20 212 293 288 174 323 113 262 307 228 180 241 301 218 3 126 229 189 264 283 322
10 286 232 121 59 250 167 199 47 321 340
21 317 293 225 188 74 75 242 277 154 245 250 221 257 261 112 20 236 70 201 302 68
21 337 297 56 28 42 222 188 159 208 64 106 267 302 300 273 306 245 295 172 291 262
11 68 181 218 125 202 7 166 308 51 41 347
12 246 319 151 138 2 200 194 67 64 237 325 179
21 241 277 298 341 278 257 135 212 92 52 1 302 211 172 124 29 336 282 143 133 65
15 101 225 243 198 203 39 236 153 322 222 29 19 317 214 123
7 34 136 180 134 102 197 175
8 295 198 12 231 10 207 178 35
16 19 231 168 301 171 235 257 57 35 349 167 260 66 289 197 323
10 289 223 73 203 189 253 251 326 249 255
18 261 212 162 202 180 243 148 146 217 290 192 37 287 49 232 289 181 39
18 126 132 289 33 241 310 178 233 158 330 16 260 117 180 11 112 73 60
6 73 290 85 264 156 230
8 229 11 324 264 18 181 133 151
10 42 120 169 316 124 236 15 265 93 242
11 231 129 77 106 165 14 321 274 27 147 130
20 152 276 285 192 260 292 188 151 45 346 209 258 40 236 159 167 196 34 184 149
6 168 116 212 89 323 188
20 307 289 198 17 347 116 88 117 57 135 191 161 26 249 59 47 202 260 276 283
17 283 164 44 107 215 254 36 87 340 119 253 262 173 247 21 162 307
6 328 153 185 210 50 129
7 18 46 160 274 147 319 88
12 274 19 159 94 169 92 227 103 272 324 130 91
17 17 5 89 154 166 11 331 58 206 295 72 213 55 280 52 312 195
6 70 37 179 225 254 75
14 330 134 298 34 64 321 253 236 80 327 301 265 335 302
22 143 188 287 222 348 322 10 173 221 31 290 196 316 150 337 159 6 280 142 113 301 179
17 237 6 65 233 128 250 277 302 236 192 193 307 333 124 191 267 209
20 327 120 161 68 294 101 23 162 64 46 245 218 204 126 153 228 36 181 75 298
8 313 210 261 264 132 60 93 57
19 349 278 5 258 260 137 301 246 328 22 7 198 17 167 114 105 274 94 90
18 118 285 80 294 34 110 75 115 1 276 134 328 180 260 270 175 136 275
17 65 124 67 60 40 254 26 189 237 246 146 23 209 103 56 157 87
15 285 104 344 218 3 145 259 210 66 135 282 286 265 91 56
20 89 21 187 116 250 115 7 158 173 134 193 101 73 335 243 88 334 29 345 274
18 81 191 299 27 187 58 330 73 253 48 92 221 250 309 116 148 25 83
16 319 94 152 158 292 5 4 55 329 28 297 256 107 164 104 196
11 54 37 294 18 55 121 295 244 207 245 113
6 31 49 213 123 185 101
9 342 77 312 180 16 136 54 209 276
24 45 241 94 50 269 137 329 3 202 254 314 151 246 333 298 25 251 33 155 345 312 222 38 186
14 337 163 46 166 153 273 333 341 329 127 287 292 117 119
23 153 11 127 139 7 73 173 103 71 157 105 344 186 204 80 120 30 258 85 66 269 12 17
17 91 107 154 183 171 123 67 199 283 114 330 324 176 96 197 125 279
23 273 304 328 125 101 233 262 345 74 28 89 284 47 238 122 67 30 289 69 112 167 157 194
14 185 195 120 154 105 16 161 190 341 169 31 144 263 7
9 225 169 261 304 218 320 175 110 266
10 286 259 226 75 90 332 79 72 229 345
19 228 337 56 221 206 147 241 197 77 130 36 54 7 165 48 152 292 63 143
8 105 187 281 132 30 331 20 276
11 30 215 331 285 312 125 35 57 58 8 113
18 162 297 212 23 62 14 13 268 34 138 169 112 147 344 152 88 100 251
12 34 315 55 183 149 11 2 342 122 7 129 320
16 99 7 126 306 115 196 184 106 310 98 272 24 141 93 89 199
22 174 2 163 281 218 179 65 116 251 61 100 188 67 51 190 9 228 287 122 26 274 90
15 268 174 217 98 42 127 240 93 285 21 23 89 28 319 308
22 221 343 48 183 249 308 150 78 328 144 300 192 266 171 261 315 191 257 179 19 345 227
13 249 94 200 14 83 49 250 206 89 346 114 255 183
10 343 256 16 307 76 123 229 342 50 19
12 299 159 197 7 226 161 122 205 104 151 163 251
12 231 85 1 214 129 29 242 345 259 193 339 66
20 301 206 259 283 278 11 306 324 109 90 233 96 39 337 332 179 219 93 296 2
7 344 246 85 32 334 82 65
17 142 223 278 340 322 167 189 21 109 266 284 75 311 91 215 321 155
24 323 266 180 162 338 175 310 322 228 155 348 142 343 79 182 298 109 185 230 328 156 178 163 252
8 221 144 239 150 348 23 246 312
23 183 182 251 128 112 176 12 55 28 8 234 297 252 156 290 190 74 93 277 114 314 271 192
11 289 206 157 347 325 329 154 309 201 307 333
24 334 171 190 280 299 340 296 135 85 25 196 330 181 283 286 317 96 210 182 42 194 97 102 141
16 336 298 42 63 274 164 344 255 181 73 74 232 21 326 337 235
22 292 171 74 33 84 200 323 58 328 187 189 179 52 319 185 190 262 65 92 46 138 123
17 236 33 128 44 340 103 240 195 324 317 286 54 203 176 133 309 2
16 7 245 226 261 11 207 160 149 194 298 67 73 293 287 162 9
23 75 24 190 28 327 60 152 121 178 172 302 237 312 119 82 151 262 267 73 247 143 103 296
6 116 144 18 231 251 75
22 306 39 210 245 150 334 317 159 107 192 260 349 217 89 288 32 70 156 84 16 57 148
17 136 70 176 134 189 153 82 150 268 347 264 308 222 287 9 171 310
19 156 138 25 154 211 136 216 32 234 282 250 74 52 59 19 300 17 213 176
10 179 201 137 214 311 96 11 14 224 208
8 12 241 98 248 169 268 54 242
19 194 153 350 57 71 19 114 309 287 280 297 126 198 248 189 137 217 151 327
8 233 25 300 284 241 260 306 171
22 313 288 220 44 48 113 205 227 204 305 40 175 177 235 60 234 299 36 335 295 94 202
9 311 285 310 271 181 67 91 61 318
10 79 125 219 236 62 323 184 262 172 258
16 235 191 78 316 24 226 180 62 122 115 249 240 181 319 342 119
10 64 71 79 18 107 170 279 213 269 168
19 12 96 268 152 330 44 74 288 141 21 4 222 227 201 279 230 280 262 11
15 175 263 212 244 249 10 301 241 225 286 77 9 256 102 81
10 303 299 323 79 346 335 294 280 125 309
19 98 343 236 6 139 104 102 312 276 215 272 114 217 12 178 257 50 284 11
15 284 102 228 172 98 168 261 182 204 162 296 87 332 96 7
24 350 338 308 288 27 155 313 4 258 269 332 164 292 98 48 307 149 129 200 270 196 276 284 207
10 118 132 139 32 154 146 252 99 163 34
7 128 71 291 267 151 170 56
23 38 50 174 97 239 86 213 250 198 90 152 294 14 241 164 181 32 64 262 23 21 314 84
10 57 68 115 152 15 71 37 110 188 300
20 240 190 73 216 70 28 67 167 179 147 124 342 1 212 8 202 102 10 91 238
23 82 135 335 240 180 288 2 89 57 305 6 163 262 103 42 243 67 40 154 72 237 138 80
20 230 241 186 346 37 121 184 51 296 11 9 272 189 61 168 157 264 100 163 326
13 237 136 29 295 58 76 236 158 197 127 96 146 125
6 81 38 20 16 335 331
15 208 87 203 73 122 270 145 265 90 166 1 16 194 240 284
22 51 23 32 108 74 196 198 212 117 257 11 178 277 86 37 111 126 292 225 279 135 347
12 253 40 239 14 285 20 311 114 45 294 347 222
14 5 321 227 37 80 56 349 108 304 267 196 30 115 72
7 6 304 229 184 249 180 297
21 205 304 79 171 204 254 126 184 339 40 161 110 317 148 133 103 348 278 310 99 137
24 199 136 200 118 122 185 343 337 125 70 299 59 234 349 147 47 161 213 93 308 188 98 218 295
6 94 51 285 5 245 20
19 241 323 91 7 247 262 214 279 138 151 188 20 174 189 243 19 290 303 100
7 189 100 171 228 309 232 42
19 327 214 310 87 97 19 293 344 283 335 14 248 219 329 65 136 139 213 8
14 111 32 350 243 54 14 145 62 268 265 236 259 89 24
8 259 272 142 178 225 140 202 105
12 204 94 252 11 32 285 345 287 123 261 265 200
12 187 334 39 16 125 321 43 261 117 232 259 309
6 49 95 197 230 61 249
11 180 131 83 214 289 122 348 211 24 112 239
7 150 221 334 309 203 119 287
16 74 212 258 308 161 255 295 309 341 12 290 108 56 67 202 174
15 209 241 250 85 145 343 13 188 139 136 325 256 108 323 117
9 72 81 240 216 292 136 226 134 181
17 53 179 214 75 287 256 177 81 344 70 272 167 57 336 168 329 118
16 165 261 130 16 161 75 264 301 95 226 104 78 265 147 210 251
7 251 208 86 3 224 135 9
11 300 46 199 251 343 57 155 172 28 255 346
10 12 116 89 93 86 347 7 104 168 316
21 340 157 67 140 221 322 87 7 323 15 296 159 66 16 73 90 212 273 128 210 80
21 176 203 309 195 204 90 115 241 337 327 47 262 102 143 183 350 273 182 78 144 212
8 132 263 196 252 34 84 239 257
17 108 59 145 87 124 247 120 196 132 342 29 139 325 274 114 282 201
13 344 172 341 20 195 11 271 135 50 273 107 206 304
20 83 33 313 126 214 317 346 68 116 1 283 199 182 9 111 97 32 321 279 158
20 162 27 182 296 320 190 161 326 103 18 46 74 40 121 56 68 307 23 160 235
22 326 73 104 198 208 199 263 20 54 338 202 90 151 239 177 137 166 182 309 215 52 330
6 44 168 71 297 202 2
6 242 279 336 105 57 250
17 335 279 212 111 3 140 192 314 195 293 275 208 189 348 278 50 240
21 159 161 111 250 101 289 35 276 140 148 108 36 224 259 149 256 82 34 272 112 163
11 215 153 135 292 115 333 149 154 78 93 139
20 23 5 282 184 103 89 29 278 299 249 297 276 121 212 207 135 145 140 175 87
24 319 296 286 301 81 315 189 32 225 304 31 76 140 250 70 230 260 176 126 268 337 22 55 127
17 137 124 91 218 345 161 8 276 210 349 226 15 244 40 229 110 179
16 47 115 76 298 211 289 331 330 279 82 329 97 304 305 155 56
17 199 20 46 187 16 38 19 239 51 66 313 231 228 266 321 124 283
8 112 190 307 28 31 337 37 155
14 107 86 237 315 313 288 192 45 209 200 104 253 268 179
14 98 262 57 222 43 39 266 177 319 210 202 196 93 142
17 294 297 8 160 220 217 56 192 157 188 187 337 234 292 89 16 197
16 198 239 338 109 234 69 94 56 68 112 44 247 160 95 188 295
16 169 311 9 336 148 111 265 260 126 266 310 241 255 124 165 242
18 49 53 82 132 107 329 290 202 31 34 226 30 106 87 231 332 77 285
19 199 180 229 207 175 74 240 36 118 190 26 212 92 35 147 25 302 286 330
7 210 130 327 96 164 133 70
21 263 334 129 91 29 183 165 205 350 223 73 341 241 86 36 292 122 144 187 344 147
8 188 68 52 117 93 285 64 17
7 265 100 64 42 58 240 237
19 254 165 202 167 308 332 102 17 112 259 130 177 69 313 307 74 159 328 70
14 42 246 146 284 132 80 37 293 36 295 46 307 250 221
14 62 282 158 131 75 331 223 36 329 123 13 206 187 89
20 345 269 244 215 284 137 208 150 307 293 325 38 71 313 258 46 113 196 193 15
16 204 155 262 227 225 163 320 4 59 121 52 255 283 35 307 7
12 88 160 195 54 2 242 48 248 211 191 214 186
22 312 205 229 309 316 325 161 208 16 2 231 45 334 277 157 287 304 72 270 84 252 290
12 85 296 272 2 145 3 238 271 167 254 324 162
15 194 56 136 289 150 51 321 57 209 132 264 35 212 47 200
19 324 219 292 87 270 348 106 167 203 169 57 20 171 155 123 215 182 29 273
8 29 41 10 61 92 49 198 241
21 189 104 281 19 56 2 152 35 199 109 28 179 3 6 348 288 173 275 149 192 8
6 257 129 326 13 20 318
10 302 128 75 313 298 69 22 137 244 307
15 117 297 331 252 33 293 175 138 236 322 251 145 296 290 317
20 134 117 340 151 231 23 113 189 182 266 329 291 341 28 107 270 170 4 178 295
22 38 212 321 110 104 193 98 349 136 310 338 96 147 78 48 201 131 21 315 84 55 333
6 5 23 347 112 133 46
15 71 266 156 174 252 248 70 151 249 194 213 180 141 303 132
16 183 350 245 196 213 54 321 296 316 108 211 253 37 72 138 263
8 95 48 105 238 77 222 7 348
19 282 212 139 157 70 109 6 35 234 276 141 53 289 105 221 230 117 99 208
11 70 125 328 288 16 101 46 256 129 79 131
10 184 311 188 280 61 341 9 249 325 179
24 253 282 120 91 143 218 104 317 86 102 128 37 215 168 329 26 171 28 225 262 295 65 326 285
6 52 334 125 344 117 341
14 314 76 206 137 70 221 93 341 49 33 176 128 177 322
24 19 185 193 276 282 256 287 75 82 162 212 298 112 226 190 296 309 153 11 215 85 295 311 248
23 108 300 233 292 50 289 81 261 53 118 195 258 178 298 239 197 80 216 318 286 306 207 280
15 236 201 261 179 275 204 21 320 194 280 219 129 32 188 256
20 304 6 219 84 243 77 53 124 345 131 87 178 112 67 210 215 50 196 145 257
7 59 337 133 211 113 302 201
6 7 271 64 133 66 162
20 86 108 221 89 54 270 340 26 183 179 209 11 47 275 213 127 317 322 150 39
11 84 62 88 168 34 23 38 269 183 165 303
23 266 52 89 232 112 130 254 158 39 59 349 260 93 85 139 261 224 236 49 237 190 247 203
22 190 115 139 307 104 161 66 55 30 41 326 238 246 121 206 322 12 199 155 29 133 260
11 277 310 35 182 108 133 184 262 248 58 80
24 303 58 348 243 185 62 19 334 202 41 224 127 46 207 291 129 194 25 138 18 116 235 78 343
19 61 275 15 182 319 9 10 180 201 42 309 40 279 159 58 191 350 92 28
22 35 158 6 168 201 278 108 348 271 232 89 48 335 54 106 225 135 223 112 163 151 162
12 262 11 5 139 305 53 134 18 105 100 256 229
7 10 300 251 142 184 312 282
21 109 242 173 46 94 160 66 74 181 306 238 136 149 349 264 291 137 347 234 237 179
13 150 320 44 133 46 324 2 266 84 81 210 332 336
24 101 84 285 218 204 17 295 2 335 103 117 203 38 43 33 139 329 310 164 343 325 129 200 344
11 346 31 129 151 189 202 327 252 172 247 197
8 262 187 240 294 132 340 101 17
20 185 189 34 176 313 146 202 20 195 87 31 238 253 117 200 126 171 141 229 63
8 237 97 94 84 42 253 176 211
7 305 226 345 99 77 29 294
9 173 65 340 150 21 63 40 36 116
22 211 335 124 40 293 26 171 343 312 278 203 167 280 120 111 215 252 225 149 29 177 2
6 282 295 50 58 96 46
11 298 337 288 171 87 238 33 329 112 222 243
10 9 68 277 121 230 195 110 73 102 45
8 198 108 144 171 52 274 296 259
23 259 130 322 15 211 279 230 206 269 303 239 275 140 330 84 245 24 312 251 106 332 260 10
7 123 171 84 90 247 145 70
14 302 344 26 83 198 47 290 44 314 331 1 304 250 55
21 219 51 342 14 271 24 124 179 340 201 98 216 133 163 36 23 305 107 18 202 74
19 148 228 56 285 298 107 272 4 136 305 335 28 282 138 43 180 216 215 45
9 178 334 188 72 121 339 75 345 142
17 181 261 23 102 285 144 121 60 65 249 9 247 318 49 267 132 328
22 42 68 195 339 103 256 232 263 172 31 41 73 146 253 254 308 185 325 58 306 258 273
6 189 302 100 39 222 209
24 270 80 225 194 139 27 301 29 261 244 162 332 213 89 204 68 203 102 206 69 199 164 274 5
7 244 50 131 99 325 62 301
17 105 338 136 301 309 213 192 28 53 280 101 281 323 109 27 82 122
21 79 271 141 46 106 306 343 57 224 32 204 303 314 112 259 186 327 170 74 319 346
15 310 231 256 275 326 87 305 43 59 227 260 20 31 24 184
20 334 178 315 164 241 58 76 40 42 133 94 349 13 11 102 232 284 322 111 88
16 35 58 13 194 176 209 124 50 277 12 242 294 42 165 206 177
20 296 207 260 254 127 3 98 147 21 126 307 316 267 65 40 301 83 70 330 114
14 52 2 322 161 72 189 198 130 77 236 87 328 204 136
16 111 153 262 123 242 341 55 297 231 145 172 332 37 185 30 163
22 234 56 214 169 14 182 52 329 265 134 117 269 256 92 217 179 24 338 287 58 281 330
16 344 242 29 325 147 62 169 19 320 6 267 280 42 47 117 226
24 101 130 38 188 182 142 126 134 204 189 137 90 298 109 141 234 237 10 323 35 179 157 316 249
24 224 55 287 20 338 293 102 87 49 184 266 308 267 187 79 198 197 220 261 325 273 143 279 203
12 86 183 218 238 44 195 152 36 273 94 309 97
18 262 172 47 196 48 85 298 286 110 37 214 78 156 92 250 212 20 17
18 271 108 263 168 153 313 276 235 170 267 264 138 246 196 62 177 42 100
23 344 27 333 251 100 264 186 10 286 31 193 192 170 56 53 191 69 215 201 115 101 137 82
12 209 163 266 213 93 115 232 345 101 25 147 21
22 288 290 130 230 207 96 4 279 281 294 97 232 309 67 333 278 311 30 340 32 299 308
21 106 68 166 71 135 283 137 232 291 178 45 95 50 228 56 202 153 33 63 276 184
15 205 322 90 48 104 249 125 255 53 154 267 231 147 308 83
15 111 234 112 62 155 298 147 255 346 16 136 321 187 11 87
7 293 286 67 274 87 329 59
18 253 325 254 85 140 17 223 205 216 286 94 22 95 66 109 57 167 112
14 127 3 32 330 44 236 312 29 101 138 4 246 91 339
13 93 130 294 325 218 341 244 136 124 202 274 316 101
10 68 75 258 272 153 274 231 322 110 177
9 301 71 312 240 333 141 79 57 282
6 310 330 179 111 237 24
15 67 294 161 44 18 302 230 24 275 126 237 89 278 151 6
6 276 61 173 164 278 143
22 285 64 153 200 193 304 162 238 80 42 288 290 10 61 116 149 144 44 18 59 216 292
14 164 231 334 253 53 227 262 5 219 182 308 73 165 350
18 248 15 319 195 260 82 344 198 285 258 340 177 55 174 63 79 170 45
9 79 51 285 127 302 81 190 92 187
13 113 253 139 19 149 337 56 339 221 46 279 230 2
16 348 57 201 181 112 168 241 83 269 322 198 53 48 194 126 289
8 186 51 142 200 176 101 2 300
18 156 36 144 238 104 322 302 65 311 282 107 229 176 30 286 265 239 215
16 150 111 219 338 129 306 70 313 328 105 209 173 83 290 128 198
18 138 163 19 125 74 53 316 49 341 47 246 346 245 119 14 46 124 227
12 271 307 181 7 50 61 72 60 238 203 319 298
7 40 172 64 206 204 163 238
14 129 87 337 3 279 111 275 322 174 1 334 276 200 171
12 220 161 115 292 290 141 164 335 348 203 199 242
22 46 267 173 151 70 147 171 52 295 275 285 199 99 246 238 90 41 317 193 304 214 48
8 121 274 92 286 327 47 193 243
16 104 134 221 112 114 345 308 185 106 178 53 208 187 157 196 171
19 175 84 24 101 292 333 22 102 230 109 272 259 67 139 37 119 343 214 46
22 204 283 166 7 230 327 232 259 1 6 83 149 106 191 122 201 80 111 304 35 24 238
10 151 274 295 50 131 149 336 155 349 147
8 39 259 337 343 305 194 193 267
10 281 138 286 241 145 229 103 140 221 184
16 10 46 111 178 278 173 295 141 308 123 79 8 13 297 34 184
19 16 34 300 313 212 162 36 258 196 147 155 165 338 112 181 143 118 12 244
6 246 93 337 328 236 80
12 310 225 174 203 99 3 286 263 331 144 324 83
21 109 268 45 46 270 297 340 269 103 328 143 307 251 19 173 34 191 303 89 224 267
23 188 237 15 314 4 113 255 85 348 29 84 218 350 126 146 346 163 247 276 257 268 62 211
15 67 103 143 18 196 144 252 54 34 331 198 271 346 77 47
11 31 105 223 300 181 113 15 43 128 205 314
10 213 91 95 33 74 258 105 87 106 284
19 331 127 342 130 252 73 101 152 32 208 77 329 65 254 37 197 333 71 249
23 248 266 69 28 59 147 203 35 208 39 182 255 307 305 237 277 261 124 269 19 310 241 187
13 185 14 85 105 343 52 26 202 254 299 210 136 58
9 282 16 102 94 41 338 212 64 133
23 301 216 134 36 341 28 200 83 172 190 269 271 316 85 187 274 210 319 123 66 38 156 313
20 190 185 334 50 9 237 206 146 196 187 151 214 8 17 27 20 145 321 317 67
13 317 7 318 191 139 231 160 207 344 335 290 13 136
7 206 320 118 323 98 283 294
10 90 181 246 173 19 179 26 307 233 299
6 76 127 231 104 205 18
13 63 144 18 8 282 152 21 147 25 327 155 323 65
8 278 349 44 15 91 333 307 201
15 93 205 178 18 163 260 127 82 347 143 160 309 289 67 164
6 190 339 115 240 140 147
18 103 251 71 115 181 79 77 268 150 252 123 54 114 278 53 217 75 151
21 165 140 143 265 20 225 213 326 219 169 323 182 289 228 69 22 202 342 100 124 340
19 239 144 266 348 125 116 210 86 88 41 142 303 16 75 190 104 234 162 90
11 225 46 142 331 18 237 186 57 68 53 163
6 329 66 290 207 57 16
17 255 344 289 19 343 141 349 200 45 313 232 213 39 192 220 217 33
18 230 169 74 315 79 252 340 236 36 333 178 55 271 159 108 289 124 224
22 140 236 183 217 102 257 25 279 36 8 196 227 106 42 341 12 313 323 346 234 117 55
