200 100 3
15 2 23 87 72 52 86 74 49 5 13 88 57 76 15 4
22 58 91 2 35 12 11 84 4 33 40 57 85 31 87 16 18 37 96 24 30 23 22
11 58 35 44 37 71 8 100 7 34 16 40
5 50 100 62 36 23
13 52 3 81 49 65 27 58 14 9 71 64 91 46
15 44 57 66 82 47 88 78 40 12 64 2 4 83 49 28
6 61 19 73 36 85 71
9 75 89 49 18 73 48 55 51 63
15 18 4 95 12 99 64 60 89 61 48 47 16 87 1 66
18 85 16 9 94 3 62 98 82 89 41 33 24 96 6 74 20 7 43
7 84 99 76 6 15 58 20
18 90 27 92 12 50 95 83 46 60 88 11 25 6 47 17 79 56 64
7 56 6 71 21 57 54 37
15 78 43 33 47 85 74 92 67 98 89 75 30 42 3 32
16 55 91 34 50 12 89 68 90 83 80 19 88 71 92 73 51
7 77 1 43 13 30 12 19
8 93 60 7 38 23 48 83 30
9 89 85 73 87 56 76 20 3 80
23 20 7 3 19 16 87 58 59 61 54 81 1 33 30 55 27 49 47 45 56 9 13 64
7 25 100 34 48 95 90 81
18 28 26 15 37 68 61 12 93 48 19 21 75 3 97 5 76 59 53
18 87 78 50 95 12 4 81 82 6 76 83 57 55 61 35 14 24 44
19 41 64 94 56 53 83 46 58 87 51 49 30 26 4 69 16 19 29 60
13 45 38 3 83 18 92 16 99 8 14 4 82 24
11 33 20 13 24 62 56 53 25 6 36 23
13 53 71 57 41 31 88 20 97 96 48 60 11 5
23 94 35 91 19 51 34 77 90 54 26 8 80 96 100 32 62 67 21 47 27 61 41 6
18 94 99 93 40 47 42 59 5 56 20 78 100 69 25 85 43 57 39
6 92 75 58 79 53 4
9 80 47 60 97 83 96 43 72 2
19 18 61 29 2 49 36 52 47 6 37 19 1 89 27 73 59 82 7 93
19 43 63 6 80 93 31 41 55 47 20 88 98 32 24 16 83 57 49 53
15 34 12 74 53 87 21 23 32 93 51 7 92 42 26 63
15 51 61 54 34 37 40 98 22 26 23 5 28 50 80 3
9 1 34 97 57 56 14 81 49 85
16 64 11 82 8 13 33 15 79 96 63 17 72 49 89 69 25
6 91 31 93 72 38 11
9 37 1 51 32 88 77 76 80 71
5 87 43 34 68 61
5 13 43 28 86 80
13 9 48 8 100 72 39 52 71 3 22 15 14 83
23 72 13 29 22 95 54 18 73 37 31 66 39 50 24 52 68 42 96 71 74 20 28 89
15 97 24 46 18 7 14 45 1 16 57 29 44 34 33 58
15 85 84 12 58 30 24 92 55 33 90 16 10 62 34 88
6 63 50 67 92 57 79
8 72 51 1 28 82 52 42 39
10 91 73 80 58 44 59 13 17 28 32
8 59 12 89 25 83 56 15 9
21 30 57 90 32 11 58 39 98 55 94 3 49 64 4 91 82 35 60 44 53 86
13 58 48 23 32 82 72 9 42 25 96 3 84 24
18 46 18 20 77 82 16 5 53 43 79 98 17 88 37 45 35 71 38
15 52 86 6 3 32 1 12 84 25 43 22 69 92 63 40
16 66 11 31 90 84 14 86 94 24 33 42 2 87 78 37 61
11 90 74 8 32 50 99 78 25 54 42 62
23 61 67 80 37 16 5 19 18 58 23 31 49 30 41 91 9 1 2 43 4 74 64 15
16 26 93 53 18 35 8 36 77 96 38 40 61 12 16 71 59
18 52 34 28 3 8 95 67 85 32 31 40 47 11 93 22 43 78 87
14 69 27 35 24 75 4 23 80 68 18 99 5 55 98
11 39 10 72 18 82 5 31 87 6 77 93
22 82 58 95 97 41 33 30 90 70 12 14 7 55 10 5 66 83 11 72 81 87 18
8 18 45 40 41 64 24 43 52
19 91 23 97 50 38 8 86 36 18 25 4 78 26 37 74 77 72 92 12
17 10 95 64 4 86 52 45 83 80 63 61 44 32 38 7 84 19
9 77 52 28 66 5 1 98 100 40
17 86 66 79 54 95 68 11 57 48 53 36 39 58 20 14 72 5
16 90 77 58 87 24 78 52 40 60 71 48 64 1 89 26 61
20 96 10 14 50 62 22 92 35 66 7 90 57 12 80 73 36 97 71 56 23
12 55 38 11 30 70 43 37 84 26 1 89 31
22 68 6 13 35 75 31 92 24 29 48 19 4 36 2 43 21 90 11 22 41 80 63
14 93 69 5 91 80 25 37 32 94 24 60 95 26 16
13 65 15 21 85 58 42 27 83 100 68 67 80 7
17 25 23 28 59 49 100 98 83 46 71 54 96 34 53 78 13 14
12 54 76 24 33 8 26 89 55 85 28 98 23
23 33 61 10 68 77 42 2 55 89 74 12 45 8 7 48 4 13 91 49 82 32 83 34
5 67 57 43 14 73
7 13 57 18 80 23 14 58
10 74 39 43 35 82 22 56 64 61 2
12 43 52 20 6 69 84 33 42 26 93 37 68
20 66 54 50 45 86 78 33 12 26 15 79 88 94 3 44 49 83 100 23 84
9 100 29 79 40 13 68 17 27 92
20 2 84 52 20 95 44 81 19 28 73 93 74 69 4 49 10 37 31 62 34
15 82 42 55 43 35 57 80 90 76 75 34 23 74 2 56
11 34 30 76 96 88 56 3 2 98 57 41
12 38 17 8 68 53 37 41 49 92 80 11 45
15 84 43 88 55 83 58 18 80 93 53 4 34 32 24 8
11 27 49 98 42 9 43 71 100 13 57 89
12 27 38 78 94 4 61 1 74 65 79 42 59
12 15 21 38 56 36 5 52 83 8 87 23 66
13 18 88 58 77 98 70 25 100 94 45 55 53 14
21 68 90 67 88 98 16 78 17 94 28 42 24 41 93 26 15 18 95 48 65 69
10 11 71 92 94 85 31 27 20 95 53
13 20 47 94 74 7 4 48 19 11 76 80 40 84
14 97 80 77 92 74 96 3 59 63 94 35 8 99 21
14 82 76 88 84 10 83 66 98 46 38 52 69 90 42
17 88 39 90 8 40 86 13 48 61 41 19 26 28 51 34 89 55
18 70 13 89 86 77 62 93 7 53 29 16 9 56 47 55 30 90 20
6 4 81 24 91 85 77
22 67 29 48 26 75 74 49 83 20 28 37 23 39 58 40 66 56 71 63 78 12 59
14 29 63 85 97 100 22 67 41 61 80 48 71 84 10
10 15 11 28 30 13 25 51 16 49 59
5 18 66 77 38 2
9 28 26 97 75 20 82 69 22 98
8 48 17 1 51 73 45 21 35
22 46 95 79 40 39 82 7 22 26 64 65 86 19 47 53 54 36 56 81 4 68 13
22 21 89 90 28 4 67 29 77 88 1 92 44 78 9 58 30 22 46 25 55 15 65
12 69 92 44 91 84 24 77 95 83 56 65 64
16 60 76 66 27 65 70 45 67 100 40 18 2 3 47 49 50
9 5 11 70 99 13 49 1 4 53
10 55 77 54 42 50 44 14 13 65 21
20 36 81 72 33 59 25 4 73 45 17 66 96 53 51 47 8 97 56 2 57
9 25 16 6 39 99 66 88 20 42
14 72 58 33 74 46 93 22 54 89 65 67 36 21 97
21 33 32 4 47 43 61 31 58 34 38 80 88 5 40 22 46 12 64 77 76 82
7 53 46 69 75 99 28 25
19 53 27 98 78 64 16 86 69 32 4 42 90 44 7 46 12 5 52 94
11 39 42 50 68 67 29 48 33 49 6 18
6 49 82 32 98 73 55
23 71 30 97 70 2 8 12 46 34 41 18 87 69 75 23 15 67 44 60 22 100 61 17
23 4 54 94 35 50 60 8 33 69 9 82 23 29 11 25 93 64 77 85 56 59 7 24
10 18 24 100 92 37 10 48 2 70 59
18 59 89 72 75 8 34 85 28 88 21 73 35 68 91 56 90 15 61
16 7 96 87 4 73 12 46 36 45 97 69 22 50 68 26 93
6 19 52 99 58 70 33
20 58 34 41 81 56 32 25 78 69 79 3 11 51 38 30 19 71 21 86 54
11 62 6 89 28 35 71 9 98 57 22 10
23 39 24 86 60 67 22 76 83 30 58 98 71 69 2 32 43 89 70 7 79 61 48 49
13 37 14 17 83 59 33 49 88 24 3 94 78 38
13 81 72 11 38 23 44 19 97 32 1 100 68 67
17 48 82 17 19 81 2 3 46 60 93 5 91 96 89 57 92 95
18 27 9 59 78 47 5 90 95 36 55 96 98 56 35 28 13 73 34
16 76 62 28 100 97 67 48 30 36 87 98 8 19 91 52 61
9 30 7 89 48 24 60 15 19 82
8 19 11 60 75 37 69 4 17
13 21 54 12 82 92 1 100 96 79 25 99 51 23
17 8 9 35 22 72 79 46 6 17 75 54 44 14 37 47 34 43
23 10 1 74 27 25 20 80 90 89 31 26 24 68 37 39 99 63 49 16 62 65 35 55
11 9 40 25 96 2 21 74 36 62 100 33
7 73 83 19 26 37 65 62
9 60 4 31 81 37 59 71 9 42
16 57 90 7 59 75 83 26 28 4 24 27 88 67 62 14 37
14 53 20 28 33 29 40 79 24 13 90 83 10 7 1
6 32 65 46 31 77 51
13 41 100 87 65 30 33 37 17 23 73 19 24 3
18 82 53 11 68 73 33 7 56 65 51 43 79 5 78 64 70 46 97
9 36 97 48 18 19 75 56 96 35
22 82 88 97 48 25 45 91 14 86 17 19 34 42 65 44 72 8 52 70 61 95 41
6 39 49 74 25 61 97
18 28 41 70 76 62 81 68 1 51 36 19 25 65 66 31 22 44 86
7 88 32 100 24 12 79 97
17 76 33 63 51 2 94 26 18 46 38 77 17 27 60 4 72 22
10 34 22 21 7 32 85 35 40 87 62
13 6 55 5 25 18 46 96 80 43 99 87 42 4
8 70 42 16 34 14 32 6 22
13 79 34 89 86 48 73 88 22 20 68 59 38 15
21 38 24 81 30 11 20 66 85 25 95 46 99 32 72 51 65 74 88 52 67 68
11 31 22 10 61 95 73 58 2 76 12 9
12 81 34 97 57 43 78 44 33 95 69 8 61
22 26 48 16 82 55 47 38 42 27 79 92 68 2 75 44 86 39 69 18 80 9 29
17 8 63 40 45 89 17 64 35 47 86 2 51 49 96 92 46 3
6 52 22 12 36 2 78
5 73 60 80 84 64
14 10 41 96 77 26 63 67 86 46 60 38 17 7 95
22 69 76 21 99 40 62 66 98 44 55 73 30 37 74 89 7 8 95 46 57 91 53
12 77 90 16 49 51 37 10 62 78 82 36 7
8 67 7 42 11 35 99 95 64
11 10 49 94 59 62 88 9 84 96 45 14
11 57 38 100 90 17 56 87 44 63 64 22
14 28 56 29 53 90 32 19 42 68 58 100 9 47 44
7 70 95 57 63 17 38 30
23 20 15 58 81 92 25 79 96 60 4 47 84 6 44 66 67 59 85 1 34 39 30 10
7 79 2 92 1 82 32 24
10 51 72 13 41 15 24 23 48 82 73
12 71 23 13 33 41 53 51 89 96 21 19 50
12 80 16 78 94 54 83 4 81 86 39 92 68
6 81 56 30 95 50 96
16 28 22 2 70 27 15 82 75 73 3 33 49 44 4 37 57
10 7 53 8 36 44 21 33 49 37 40
17 41 10 8 39 36 72 21 100 24 75 28 19 50 18 22 12 69
9 49 36 60 79 24 100 1 39 45
16 37 85 21 3 16 51 14 19 2 100 23 48 91 33 86 98
17 57 21 61 80 82 42 54 17 34 4 14 65 35 73 75 68 51
15 86 87 20 7 61 42 1 81 6 11 8 37 83 51 88
21 85 71 35 2 15 59 69 22 62 81 98 96 87 78 13 44 25 92 57 11 50
13 66 56 33 26 65 90 97 81 73 5 47 61 64
5 7 53 24 95 18
14 89 15 70 24 56 7 1 81 10 13 58 5 49 40
11 35 28 100 31 78 59 93 15 82 64 9
20 63 35 38 24 23 65 30 84 21 40 74 53 12 42 2 17 28 10 96 97
6 72 64 88 65 24 58
19 14 47 32 10 4 34 73 81 89 56 90 84 76 79 19 6 54 88 26
17 28 52 5 88 91 92 93 60 24 45 99 29 49 32 63 96 37
15 74 68 1 88 3 19 69 52 56 72 8 15 73 22 82
12 84 39 99 78 59 58 54 12 33 62 94 45
15 6 79 7 98 58 68 89 77 44 78 86 10 47 91 25
22 27 96 56 59 92 13 46 36 66 100 81 82 7 72 30 97 89 80 68 37 19 45
10 65 31 21 53 52 79 45 96 17 56
21 100 37 72 92 90 4 61 39 78 13 46 69 30 45 97 2 31 10 79 62 63
8 57 95 35 25 28 49 24 38
7 70 52 15 28 77 6 66
9 41 73 56 93 10 20 46 61 54
