50 20 2
4 3 20 5 7
5 2 6 3 19 7
6 6 18 9 13 19 4
4 10 7 5 14
6 14 18 20 12 17 10
5 11 6 14 3 4
4 6 16 12 1
7 1 18 16 9 15 11 13
4 20 13 1 3
6 16 13 4 14 20 1
5 18 5 11 6 1
7 18 14 12 16 3 9 4
7 19 3 13 12 8 17 9
6 8 13 14 5 15 2
6 18 15 12 17 13 5
5 1 17 6 9 18
7 10 7 16 4 11 1 18
7 6 15 9 1 4 8 14
6 7 12 4 10 19 3
4 13 15 11 19
4 3 13 11 1
7 12 8 18 14 4 11 17
6 8 1 16 2 17 11
7 12 6 16 19 13 4 10
4 5 17 18 20
6 3 9 7 15 14 8
7 11 12 19 20 15 13 10
4 17 7 16 10
5 15 13 11 8 17
5 4 14 3 19 8
5 9 3 16 19 11
7 18 12 5 10 16 1 20
6 4 3 19 13 16 1
6 11 12 15 7 14 9
7 7 3 6 14 2 13 4
4 5 18 7 14
7 14 5 10 2 9 8 1
4 19 4 17 18
6 15 3 11 9 5 6
6 16 9 4 11 12 17
7 7 5 6 1 9 4 20
5 10 6 20 14 19
5 2 12 10 4 19
7 15 7 10 9 1 17 6
6 18 3 15 11 4 2
6 2 11 13 4 19 12
5 9 18 15 12 2
5 9 4 6 5 14
7 17 15 20 11 3 19 9
4 15 7 10 17
