100 50 3
12 25 17 44 40 9 35 31 2 34 39 10 22
12 47 18 39 2 4 13 37 15 43 34 48 22
7 20 47 3 17 50 16 6
6 39 27 29 28 10 32
11 19 3 27 23 22 30 9 44 10 2 41
5 28 31 36 16 19
10 9 25 6 46 28 11 49 48 7 8
10 24 19 43 41 38 22 27 42 40 7
7 49 31 38 20 14 10 29
9 12 45 21 41 22 38 5 15 43
9 39 22 43 47 10 6 37 45 29
9 15 33 22 42 3 21 18 31 25
5 16 15 42 22 7
15 9 20 5 4 26 50 38 41 30 35 32 1 14 44 21
15 34 44 8 50 23 39 45 31 20 47 21 2 32 9 43
11 24 19 1 41 22 23 9 48 39 25 12
12 38 41 26 2 34 6 50 5 27 39 4 25
8 50 16 9 2 3 42 29 28
13 14 19 38 4 32 49 2 20 7 15 10 5 11
9 48 17 25 22 33 26 43 21 3
15 50 48 46 27 15 35 1 29 45 7 21 39 5 8 12
7 27 28 14 7 15 35 16
6 47 19 15 49 11 2
8 16 47 19 31 12 26 24 37
10 7 2 1 44 46 20 26 45 3 37
15 8 33 21 28 26 30 19 27 32 16 38 12 40 43 18
14 45 43 28 32 37 26 24 27 5 42 35 39 11 19
11 37 45 36 2 22 42 35 1 7 17 5
9 6 15 38 39 12 47 4 20 30
10 22 7 23 14 44 29 36 24 50 9
7 45 33 15 11 12 37 32
10 34 1 32 43 28 30 24 33 29 21
8 9 27 40 17 45 34 32 24
15 3 41 45 5 42 27 28 4 20 13 16 25 30 1 40
11 12 31 16 25 8 3 7 17 9 40 11
6 48 15 23 6 16 7
6 10 35 24 22 30 45
15 46 28 7 42 50 36 13 5 38 19 45 47 40 44 21
15 35 39 29 4 27 5 30 12 46 15 41 50 2 25 47
9 24 38 11 3 37 6 35 2 8
11 18 29 16 14 38 39 43 7 1 12 36
7 2 46 35 41 47 44 24
13 47 44 40 17 35 27 36 39 26 49 29 23 9
5 42 47 6 30 12
11 4 9 13 21 10 32 44 11 36 20 50
13 11 28 4 6 37 12 26 13 41 36 19 34 33
10 49 41 39 17 25 21 45 38 35 2
12 43 8 36 21 18 4 41 46 11 26 42 32
14 48 27 32 45 38 6 23 42 35 43 33 14 31 13
6 37 15 5 49 1 11
14 7 40 12 10 6 27 1 37 25 15 28 39 2 23
9 10 42 29 20 30 4 32 46 35
9 29 18 7 43 37 26 16 5 49
12 37 42 3 26 43 25 34 35 21 29 30 41
12 20 27 39 7 28 32 15 48 17 3 31 46
13 11 23 30 34 37 41 9 1 12 15 21 26 6
7 25 27 38 16 32 36 35
13 12 16 3 26 11 21 34 43 48 45 49 25 9
10 31 13 50 3 35 48 41 24 39 23
10 35 20 26 47 34 12 17 38 10 5
8 14 42 39 37 21 24 8 25
12 10 41 35 4 42 23 11 36 32 15 31 20
8 11 38 24 44 5 3 14 2
12 8 2 22 38 28 44 11 14 13 42 4 37
5 6 8 28 27 17
15 38 41 32 29 17 43 11 33 14 10 1 37 42 23 4
13 6 28 13 20 39 42 1 5 10 14 29 19 46
11 46 45 35 21 9 1 13 36 11 6 23
5 5 23 1 46 38
11 16 49 22 21 5 43 10 11 47 37 34
14 7 17 15 22 33 9 48 10 43 38 5 34 32 28
8 25 19 44 50 6 23 46 12
6 8 11 4 34 30 19
14 3 30 25 31 6 50 41 15 36 22 48 26 4 21
12 27 10 26 33 37 2 7 43 34 31 47 6
9 29 14 32 16 39 41 10 18 45
6 25 16 27 8 19 1
13 13 39 27 42 21 33 7 8 30 44 14 28 17
15 49 7 47 40 6 18 12 45 37 41 11 20 9 3 1
5 46 17 9 33 47
11 19 31 24 5 39 16 44 1 29 23 7
6 42 4 8 27 25 37
13 4 12 10 25 13 17 7 19 2 48 11 6 18
8 12 9 50 27 47 4 32 25
12 35 49 11 40 5 17 33 31 7 14 21 32
6 1 3 28 29 50 16
9 14 29 13 19 44 26 28 48 25
11 40 2 22 36 26 5 30 31 42 17 4
13 1 43 50 40 24 7 5 17 22 10 4 49 26
11 35 29 27 48 43 32 4 36 5 10 9
11 44 11 16 36 9 15 17 49 14 12 33
7 18 45 1 30 42 50 11
13 23 16 45 17 32 28 41 8 37 35 49 33 4
6 37 48 47 23 26 31
9 37 40 50 1 46 24 23 47 21
9 29 11 5 19 7 45 32 21 14
5 22 48 36 6 46
12 44 3 35 41 29 10 34 8 20 23 19 26
13 28 9 27 44 31 14 48 47 11 18 25 7 17
10 9 44 12 39 48 31 14 6 50 10
