1000 100 20
30 41 40 67 76 30 7 36 71 11 55 91 84 79 9 63 8 75 46 5 74 2 66 72 68 3 65 85 25 61 35
26 9 11 79 81 97 78 18 57 99 73 56 47 51 52 59 71 3 20 12 86 68 5 66 94 21 96
28 73 56 85 30 26 9 99 86 38 88 61 51 94 66 13 33 40 76 5 28 19 39 2 29 10 1 72 60
30 65 96 22 83 81 64 9 95 70 75 41 93 77 32 29 19 1 86 84 92 28 2 74 45 99 52 79 94 59 98
24 43 66 45 52 100 38 67 47 2 59 76 6 11 91 80 17 15 99 70 16 69 79 81 96
26 44 61 14 30 37 96 10 59 17 64 79 11 22 5 23 58 77 47 89 42 7 87 98 46 26 18
23 26 78 84 5 32 90 23 54 45 70 62 66 94 96 98 79 92 12 28 3 43 100 72
26 61 99 84 36 83 18 74 39 60 66 63 46 78 43 96 33 35 17 26 38 87 90 67 19 73 92
25 63 80 35 58 33 23 5 73 7 72 40 3 17 79 9 98 93 92 50 2 61 4 44 88 20
27 14 92 1 79 56 65 16 93 49 73 95 3 60 81 37 88 12 40 45 89 50 22 20 34 27 72 84
23 64 98 13 14 40 83 22 58 9 74 47 44 35 11 76 89 19 30 23 36 62 55 77
25 24 95 14 25 15 76 40 49 96 57 10 42 18 56 61 87 81 75 98 78 71 93 22 59 72
24 54 76 92 61 2 51 1 20 24 72 25 26 49 28 89 88 19 13 15 6 81 90 45 7
23 29 56 77 9 35 24 86 96 62 38 61 87 3 11 21 60 49 39 92 40 91 99 74
25 32 22 58 13 8 85 41 57 86 38 79 11 90 26 93 43 87 91 53 72 74 61 94 19 54
26 80 66 17 1 36 54 71 96 61 23 51 57 37 60 67 73 97 16 83 53 52 93 20 65 84 78
29 56 63 90 57 28 5 92 59 12 26 9 81 66 25 65 44 23 4 51 85 45 86 29 48 6 91 72 52 100
24 2 98 77 61 60 18 96 41 78 76 71 40 34 66 72 28 97 73 56 44 54 24 63 46
25 79 75 86 59 58 27 33 50 52 9 1 80 71 89 24 60 99 36 3 43 73 65 93 40 78
27 95 57 2 39 81 42 87 55 33 96 14 4 45 58 5 3 32 71 15 30 83 100 29 25 86 27 61
29 16 22 98 74 9 12 100 40 60 28 79 21 27 49 45 7 82 33 42 71 56 23 57 50 61 87 90 80 44
23 90 56 14 29 84 88 63 18 96 89 8 80 67 70 59 6 15 47 50 92 60 55 49
25 46 67 86 56 92 88 23 75 32 9 94 33 12 21 97 3 61 64 60 54 17 55 20 77 73
27 60 68 77 94 1 67 32 87 93 10 40 79 15 8 24 20 31 100 2 48 4 83 96 99 47 61 22
26 42 54 52 79 75 63 11 26 29 83 70 98 90 21 57 19 48 86 20 33 68 51 23 18 13 95
27 65 86 42 68 52 1 14 18 89 96 82 92 21 15 9 2 72 48 63 80 5 57 26 8 44 61 77
28 71 12 33 88 49 66 19 13 89 55 10 84 41 57 34 90 44 69 86 40 83 43 15 5 96 92 54 45
24 58 49 23 4 82 72 15 46 31 7 75 91 39 64 86 79 55 9 29 53 6 51 34 70
23 14 91 2 31 90 82 35 47 5 24 85 59 49 75 33 98 95 28 96 21 87 55 26
24 39 78 82 60 84 95 9 100 62 66 98 12 2 56 75 31 92 86 15 11 13 74 33 85
29 32 10 15 90 85 81 89 46 86 60 96 54 88 17 16 18 74 38 64 2 48 41 37 70 53 9 42 50 34
27 20 50 27 14 18 4 85 54 76 63 89 44 73 12 37 67 78 30 74 3 80 47 55 23 53 75 8
29 18 8 92 96 32 70 100 81 14 78 58 59 95 19 27 94 4 99 65 73 35 6 71 90 60 56 84 10 17
27 18 87 53 82 70 77 37 10 43 12 14 60 56 68 89 86 36 62 2 5 78 45 55 41 32 20 4
29 91 78 35 58 69 77 92 43 66 34 29 86 62 41 28 40 63 5 44 38 46 64 12 37 14 4 42 21 39
29 54 36 55 44 52 51 78 61 86 5 7 43 35 38 63 89 39 75 96 22 40 65 27 80 31 50 91 16 30
23 96 12 52 90 60 22 1 10 35 82 72 85 29 9 70 58 53 36 39 31 74 64 17
23 22 1 32 53 85 67 9 18 58 36 47 42 100 80 3 83 33 2 81 34 71 15 11
28 5 38 42 66 70 98 99 82 11 37 71 64 54 75 84 25 43 13 94 81 2 53 23 45 19 62 51 52
29 91 57 65 24 87 37 17 94 14 32 78 63 15 48 23 62 60 76 83 31 18 99 56 39 74 25 79 100 52
27 78 3 86 80 52 17 14 77 49 9 45 91 5 24 87 89 41 90 58 98 1 7 22 25 56 57 66
24 5 72 28 38 22 56 3 36 64 44 35 45 40 77 83 82 85 32 21 6 61 98 66 46
24 2 66 13 62 63 73 33 3 45 95 80 39 81 7 82 26 47 18 15 23 68 86 71 42
30 98 82 54 33 75 4 16 59 93 52 94 50 17 23 81 71 53 8 40 28 97 35 77 22 41 83 48 57 21 31
25 72 64 83 29 48 67 86 1 55 49 59 73 91 89 94 88 96 80 87 25 12 5 38 7 24
26 76 14 57 74 17 45 20 23 100 19 86 50 29 88 81 63 79 6 42 44 32 7 77 8 11 93
28 93 31 2 29 59 49 46 36 48 13 38 34 28 3 12 69 17 63 54 5 94 47 24 66 88 89 33 84
28 31 23 50 32 43 78 29 94 20 71 51 4 44 99 87 36 15 88 47 81 84 22 62 39 48 37 89 9
28 32 63 23 46 12 55 61 89 15 10 97 40 90 1 27 69 18 99 38 78 77 31 50 19 17 21 67 47
26 92 64 46 24 8 56 48 66 26 13 47 60 27 67 89 2 25 40 1 6 41 43 72 90 7 57
27 57 68 28 89 40 47 5 35 76 21 6 73 10 80 1 55 91 23 63 7 19 39 42 44 81 52 72
25 48 35 39 8 32 4 84 27 97 99 57 12 10 51 61 33 41 65 87 47 100 36 66 28 75
30 61 80 72 77 86 16 9 42 23 65 3 45 20 30 73 74 76 26 22 59 63 27 24 55 96 38 60 88 29 75
26 95 37 10 30 40 2 9 12 36 86 96 13 70 45 89 43 92 67 42 80 41 14 11 6 15 53
23 36 95 86 7 94 58 37 39 98 38 20 10 51 2 84 71 99 92 56 6 1 4 68
26 33 72 57 19 16 29 96 22 82 81 79 35 10 28 91 84 17 60 41 98 48 3 21 75 9 83
28 64 90 74 54 44 36 26 71 52 23 77 59 34 42 6 9 96 5 60 19 70 11 22 17 95 61 43 93
27 65 15 66 26 75 34 6 83 72 33 11 17 59 88 96 53 73 62 21 14 37 20 45 8 40 3 86
29 91 49 62 64 82 45 57 85 2 15 52 78 14 26 7 41 32 51 80 75 96 71 3 95 86 39 36 79 72
26 38 16 62 1 60 46 25 8 64 17 13 99 77 92 84 12 43 82 52 27 78 98 59 65 69 81
23 36 55 72 30 31 39 86 78 9 83 67 44 42 61 82 85 26 87 92 64 33 49 77
23 58 94 63 99 21 24 59 7 100 75 80 50 85 27 29 61 45 98 8 55 81 28 92
28 52 61 38 39 16 66 98 1 6 43 40 37 11 50 57 63 44 3 73 23 81 47 69 84 19 12 2 59
27 66 18 29 77 98 16 51 23 97 89 48 78 79 87 61 59 12 2 36 75 55 45 96 94 92 33 95
26 78 47 92 79 39 3 18 81 89 99 68 49 83 31 6 16 82 65 15 37 76 38 64 70 55 50
23 97 20 44 58 29 26 35 76 89 18 64 85 2 48 25 43 55 98 61 96 82 62 68
23 52 62 71 18 7 13 83 38 48 11 58 10 94 91 63 27 41 75 64 73 60 14 93
30 31 59 40 9 48 77 64 68 21 62 4 57 35 32 37 67 82 56 42 27 74 50 1 60 58 75 84 95 30 29
25 39 14 62 7 94 40 17 84 25 10 6 15 31 18 56 57 5 23 45 44 87 96 32 50 73
29 9 71 64 97 74 83 91 29 51 82 25 94 77 36 85 37 43 56 13 46 15 6 53 59 8 87 72 28 40
26 8 39 100 75 53 6 57 65 95 22 74 2 48 23 46 87 38 70 76 19 37 18 17 35 54 85
23 31 39 36 63 34 64 85 24 7 22 43 4 49 82 13 18 81 51 73 59 62 8 23
28 67 94 75 98 68 21 56 37 81 1 36 13 16 39 79 50 4 53 89 40 7 14 42 95 43 52 11 45
28 57 71 51 8 2 35 14 21 19 41 29 95 74 77 13 33 59 100 73 48 60 44 49 5 63 64 75 9
25 7 80 98 89 71 94 3 1 61 59 91 19 26 30 77 35 90 44 65 47 92 51 29 97 23
30 1 32 17 43 71 96 24 10 25 65 3 49 41 100 74 89 38 36 80 70 69 91 44 84 75 63 7 51 95 73
28 82 34 90 93 2 81 89 18 5 68 88 85 38 20 22 39 97 35 27 47 37 84 57 62 49 8 59 46
23 66 28 61 27 99 75 64 11 70 36 84 71 17 78 100 83 95 24 73 7 21 50 88
26 5 45 50 12 22 20 24 52 43 60 44 78 9 28 92 15 17 100 58 7 57 49 41 67 33 85
30 95 37 25 81 96 70 66 33 78 12 6 48 90 40 34 23 94 26 17 46 8 86 99 47 49 57 15 67 32 61
23 96 65 100 5 63 1 45 94 71 66 60 10 92 35 25 59 90 98 57 22 47 72 23
27 56 12 54 29 35 5 59 23 8 46 6 19 95 38 30 52 71 96 26 40 68 11 75 99 60 74 41
23 92 45 90 81 39 86 70 51 49 52 37 59 75 66 11 99 19 8 10 82 36 2 7
23 70 92 77 61 88 78 62 69 94 71 32 52 76 33 95 25 48 64 91 57 81 97 24
27 76 53 19 54 2 70 69 91 29 44 37 48 64 81 11 25 72 73 99 63 68 30 61 58 92 28 22
23 66 22 78 70 55 7 91 82 19 97 85 5 44 29 94 37 69 14 88 75 36 40 18
23 89 99 68 42 7 23 67 14 44 26 53 40 84 93 87 34 13 61 17 69 60 81 64
28 48 7 62 36 39 71 25 97 19 84 57 76 56 49 54 22 59 23 92 18 82 5 46 12 75 45 28 89
26 85 28 34 48 18 60 92 42 8 62 71 99 86 66 98 93 74 4 12 67 95 89 40 41 47 35
30 24 4 88 43 36 22 16 74 28 26 58 60 40 55 96 86 93 8 38 12 63 34 59 23 99 21 1 56 98 25
28 92 9 68 41 81 57 25 10 100 26 16 32 2 78 28 79 52 76 67 5 91 15 46 69 34 65 42 87
28 92 58 5 42 46 73 89 20 49 96 19 79 38 14 71 82 80 37 10 44 60 87 30 17 16 9 35 86
26 22 82 26 84 61 59 17 48 33 2 5 16 96 6 70 43 98 1 86 88 60 55 73 20 13 27
27 21 89 100 5 8 65 68 98 2 74 33 12 95 85 53 22 6 56 52 75 88 26 45 39 25 16 61
29 34 93 59 53 20 17 90 82 88 40 45 49 27 21 73 32 48 14 99 80 46 70 18 38 16 63 54 94 100
24 84 73 2 16 22 95 96 3 69 92 97 45 19 31 58 6 70 60 51 18 17 63 85 65
29 29 7 32 28 83 96 53 38 6 21 75 79 87 76 44 48 78 100 56 84 25 19 51 5 24 97 62 43 16
28 22 65 52 4 56 5 23 31 11 89 40 81 39 12 32 57 72 34 83 20 68 30 80 43 71 95 91 55
30 82 8 9 79 54 80 28 44 66 30 61 33 38 3 45 77 73 68 74 25 90 5 93 75 92 63 36 22 94 78
24 56 58 14 95 29 68 3 28 62 15 91 51 38 1 61 92 2 69 54 81 85 19 21 99
29 18 93 4 37 19 13 29 56 89 88 62 42 1 83 73 3 45 81 34 76 68 97 87 64 15 31 7 26 99
28 29 11 70 13 53 33 81 2 4 19 54 51 99 31 52 5 30 72 39 74 24 25 46 76 71 93 16 10
29 45 96 10 13 74 26 71 8 78 21 33 99 72 36 31 23 48 94 38 37 84 70 22 92 50 40 42 61 64
29 46 75 72 17 15 28 44 27 97 43 90 87 59 52 77 56 34 91 37 14 29 86 60 73 20 23 30 58 18
23 61 57 5 46 95 80 33 86 13 25 89 34 7 98 26 48 63 65 45 60 32 88 12
26 5 17 70 14 63 8 31 49 92 18 91 98 23 43 41 13 80 95 74 75 38 81 65 20 83 56
28 74 1 27 55 3 11 62 20 77 48 56 17 68 25 33 14 76 49 39 2 90 94 13 97 52 98 6 89
26 19 98 80 50 6 35 99 70 10 84 53 23 81 83 97 52 4 5 78 55 21 41 75 96 39 71
26 22 52 57 39 7 91 20 26 50 1 75 63 33 17 44 78 65 89 16 97 84 2 35 96 27 38
25 84 66 38 53 25 94 80 54 39 76 9 11 32 24 59 50 90 4 20 41 51 15 57 99 85
26 37 40 39 22 92 47 27 33 42 78 52 46 65 17 54 71 1 24 50 86 84 8 68 49 19 5
29 40 100 73 51 8 43 1 72 68 94 92 41 82 66 17 86 32 44 88 78 84 89 29 20 99 12 69 65 98
24 21 47 77 44 97 61 41 42 64 88 15 76 28 56 59 65 70 89 8 4 85 36 63 71
23 19 7 73 77 95 49 69 80 46 56 64 21 44 20 40 86 29 35 52 42 31 11 39
29 90 89 74 53 15 9 45 4 61 54 16 24 82 48 23 36 95 39 35 94 43 97 52 22 91 96 83 75 30
28 86 63 85 82 47 55 22 18 5 90 23 54 97 60 43 74 19 45 33 95 62 77 87 35 20 73 66 99
29 75 72 31 98 100 48 1 40 15 78 33 35 19 8 37 14 20 65 86 41 73 7 89 88 58 77 95 82 55
26 81 57 56 37 89 22 84 31 41 52 75 88 93 80 100 68 39 67 79 86 33 35 61 36 13 71
28 50 86 42 19 48 16 99 15 49 11 78 41 5 73 74 28 97 90 59 68 32 67 76 27 63 62 3 6
23 77 41 85 66 21 40 29 65 22 78 14 24 74 1 55 82 9 37 34 46 67 87 27
24 21 63 61 72 96 44 85 16 81 66 70 65 87 74 58 6 100 31 43 46 13 32 55 4
28 67 51 17 57 62 39 92 38 3 46 7 86 27 11 55 25 59 72 73 95 71 52 94 45 26 75 23 88
25 59 83 58 44 89 36 23 75 66 26 6 27 30 62 14 65 93 54 45 68 100 53 43 10 79
30 80 91 81 24 10 85 89 32 97 50 61 49 90 94 65 27 86 35 22 48 5 21 28 1 9 55 7 60 70 76
30 52 30 49 85 69 55 100 27 65 35 66 91 99 88 61 71 16 47 93 20 8 50 98 3 77 94 56 80 58 81
28 94 78 26 41 56 93 25 75 40 36 8 91 10 79 90 86 99 5 50 19 28 33 32 23 52 68 63 59
27 19 63 8 30 37 58 1 7 53 56 34 87 21 50 66 60 33 99 74 15 93 68 39 59 78 2 42
24 53 39 23 88 12 82 72 73 94 17 93 41 64 15 92 74 90 30 58 76 21 14 99 61
26 79 9 6 89 96 85 52 23 56 75 34 64 35 47 2 43 8 87 16 72 26 60 54 93 37 73
27 26 66 60 53 33 59 55 15 22 28 12 52 79 73 4 57 49 47 97 81 94 10 16 7 46 100 32
26 88 33 57 99 30 40 61 41 97 24 67 48 71 6 100 21 90 55 59 26 9 93 96 7 34 32
24 7 65 20 92 89 17 80 73 18 95 33 21 70 11 68 23 1 81 27 26 67 74 31 37
28 31 42 94 11 35 39 34 56 41 48 7 27 69 74 88 93 2 75 73 89 20 70 50 6 10 36 61 83
25 60 47 5 50 70 65 8 31 49 95 46 88 39 42 6 9 59 54 51 76 100 53 62 12 26
23 97 42 98 88 4 22 53 12 18 1 6 89 93 92 63 75 30 31 56 23 17 81 83
25 47 42 33 34 5 18 8 90 23 94 50 73 65 99 28 83 88 30 74 43 51 76 96 71 13
25 74 10 75 76 45 18 26 79 16 57 46 4 9 55 2 47 37 93 17 34 29 77 48 68 81
23 70 8 2 71 11 72 33 76 14 29 69 20 21 65 43 44 36 42 40 61 92 19 80
24 97 57 21 56 41 17 60 49 53 61 84 88 45 3 25 51 35 90 1 62 19 75 46 14
24 52 86 43 85 11 19 67 80 95 97 59 84 39 38 62 22 13 54 35 58 47 92 51 46
29 38 52 14 67 76 23 60 49 87 91 35 89 98 17 70 72 50 16 51 88 65 54 62 48 6 80 41 11 82
29 94 34 61 79 20 52 24 85 45 69 97 47 100 4 65 50 17 76 82 32 48 96 26 49 18 99 62 71 70
28 11 67 24 91 99 95 8 41 39 52 15 34 32 18 38 56 61 89 66 94 53 30 16 57 70 40 47 71
28 41 19 65 57 82 76 56 78 1 49 71 31 70 28 9 46 4 47 98 13 32 61 43 40 79 29 81 6
23 65 48 85 39 9 45 43 60 61 22 34 64 40 5 33 71 14 89 75 100 19 63 83
27 11 19 90 1 13 68 60 66 82 53 28 48 26 86 10 76 49 56 15 58 95 93 94 41 88 24 17
28 53 62 45 55 27 48 35 70 46 33 4 54 39 78 67 29 11 5 24 57 81 90 26 72 73 83 34 1
30 35 8 70 37 61 71 54 51 17 11 98 12 4 31 92 90 41 2 3 36 40 80 50 73 47 34 33 89 46 63
27 93 84 79 71 17 61 6 72 53 15 86 83 65 92 67 56 2 31 33 52 44 55 62 73 74 20 47
23 97 32 25 58 28 20 86 1 42 44 17 41 59 2 27 13 49 26 85 76 71 36 84
28 23 92 8 38 47 67 95 4 85 72 53 6 1 12 28 16 73 36 26 69 3 54 65 43 76 62 27 98
27 82 31 83 64 79 34 63 55 78 37 59 32 45 14 26 49 60 35 69 73 50 80 89 48 19 57 43
24 33 2 56 49 4 27 61 65 7 45 77 52 59 70 8 84 5 81 86 88 74 57 46 3
29 22 70 41 15 99 44 47 11 28 43 19 82 17 74 8 32 5 10 68 53 63 90 23 98 24 16 26 2 27
29 19 55 67 49 84 46 73 48 50 13 96 39 100 93 63 4 82 26 71 62 52 64 36 75 12 68 57 45 91
24 67 41 88 48 29 52 82 9 94 28 10 5 68 22 85 83 65 38 91 14 17 35 74 47
26 24 91 16 9 35 62 69 17 85 30 75 61 70 44 68 32 29 95 6 10 1 63 23 90 57 82
30 38 44 34 12 72 97 39 76 42 83 77 47 8 91 27 33 96 54 5 43 93 89 88 57 45 92 84 99 9 67
24 38 33 27 40 10 91 67 55 56 54 2 25 15 100 98 34 11 31 70 8 77 42 7 50
25 99 70 6 1 48 50 74 36 69 3 11 22 10 37 81 84 98 75 14 45 56 19 78 77 40
27 91 31 25 85 84 39 19 15 59 33 77 76 50 97 95 62 57 70 2 29 22 53 30 51 4 55 68
28 66 76 77 58 30 92 81 67 88 49 62 21 18 51 2 48 57 56 98 60 19 72 41 54 4 43 11 23
29 58 84 81 31 56 91 68 49 21 86 28 5 14 47 20 33 35 52 63 10 48 80 74 79 22 15 77 64 57
23 14 70 11 3 67 82 83 60 42 71 17 69 73 36 43 50 63 12 40 52 74 95 6
30 45 71 50 39 25 40 99 21 22 15 69 56 35 80 84 57 67 77 36 31 12 68 63 91 2 32 52 49 82 16
24 16 55 77 5 26 3 85 15 90 10 24 73 53 88 14 27 31 40 92 93 12 60 46 33
28 30 72 38 57 70 61 47 28 63 40 64 22 53 20 99 49 60 45 59 14 39 66 34 71 24 96 36 65
30 47 42 1 27 48 67 59 64 35 17 7 53 61 29 36 8 91 88 23 13 4 19 18 50 89 83 73 87 58 96
23 38 87 52 6 63 97 60 31 100 73 56 4 50 5 99 76 75 39 67 22 19 14 15
26 39 45 58 52 35 97 37 14 62 22 71 12 49 85 43 13 74 61 27 16 73 21 79 41 47 2
28 91 43 12 69 52 54 9 88 44 20 6 58 84 25 26 34 2 57 46 36 73 97 75 92 61 35 55 8
29 32 18 75 41 44 58 35 17 62 82 59 8 2 26 60 50 83 95 11 7 1 85 43 89 86 84 37 94 13
25 71 50 97 89 31 84 93 68 60 26 79 74 5 47 72 73 99 87 7 54 65 69 80 42 8
28 8 99 27 60 38 46 67 89 45 12 100 77 55 36 14 76 32 90 40 39 72 20 97 82 47 78 63 15
28 27 92 51 38 7 3 84 18 59 71 20 12 34 79 68 70 41 40 69 99 25 61 1 78 43 44 14 4
24 5 13 66 16 83 74 95 1 8 18 25 94 90 96 98 39 9 34 97 81 21 63 88 6
26 68 51 60 74 91 19 62 78 13 71 81 43 14 94 5 75 72 40 46 95 49 52 11 21 25 9
27 49 3 4 12 45 21 7 36 80 98 64 37 52 77 46 34 58 81 89 92 79 35 42 9 6 57 17
30 31 15 61 63 10 73 97 35 81 55 87 34 64 19 8 40 4 48 65 23 3 14 82 43 41 28 90 17 47 76
27 60 83 88 82 2 44 8 34 25 76 53 65 55 18 59 30 79 90 41 74 42 57 86 5 98 32 64
24 78 11 6 29 5 75 36 51 74 12 91 49 47 34 72 40 37 19 28 14 58 89 68 77
27 13 72 44 11 80 3 70 8 45 99 31 21 83 17 92 50 4 27 29 30 19 96 43 35 38 75 66
26 52 11 93 22 7 90 79 15 12 32 84 55 87 98 29 35 27 74 81 68 48 71 80 40 99 86
30 55 38 100 45 42 14 78 25 76 50 59 40 35 31 74 43 63 53 29 44 28 77 20 13 88 24 62 84 51 79
23 14 30 81 2 45 5 13 86 3 62 6 70 40 74 12 4 44 92 69 97 7 1 41
28 19 75 96 9 47 51 39 87 80 14 95 18 93 34 53 86 12 44 43 57 92 56 71 46 54 76 25 49
24 12 9 42 56 13 76 97 98 33 66 95 53 18 43 48 40 10 35 30 8 55 5 60 6
26 13 35 98 66 3 44 9 77 54 51 36 96 21 58 48 69 37 86 47 14 34 99 70 97 40 43
28 34 51 50 36 35 43 21 7 84 47 97 52 13 81 99 40 67 88 66 57 11 4 42 74 56 68 82 76
29 61 94 89 83 20 3 73 39 16 43 86 93 70 40 50 22 6 47 81 8 79 76 58 2 97 42 96 78 48
30 40 35 11 70 25 100 83 56 42 63 86 80 53 1 93 96 34 61 26 36 79 18 13 77 47 94 90 92 60 7
27 23 7 46 34 6 85 10 14 96 58 45 16 88 55 57 91 80 24 70 2 56 29 47 72 76 87 77
27 60 56 74 38 45 20 14 43 53 88 24 51 80 37 89 67 41 19 47 44 85 46 72 26 9 91 59
26 48 22 55 8 6 2 79 96 3 74 9 41 34 76 71 51 45 24 54 63 67 50 16 7 13 73
26 67 89 96 91 73 43 4 16 34 39 70 95 45 30 92 55 24 99 98 52 35 18 28 38 57 60
29 76 10 21 83 42 99 3 66 1 90 75 22 71 85 39 24 59 58 26 49 87 45 53 36 63 4 72 79 73
24 74 84 68 6 37 58 9 60 31 55 59 72 94 45 63 17 3 92 80 81 79 82 95 100
24 1 37 31 22 81 17 51 23 26 50 52 7 16 96 4 48 98 11 2 13 45 54 78 83
25 45 99 49 11 84 30 10 17 63 38 83 95 22 80 4 67 27 9 71 35 21 74 87 89 53
26 73 11 28 79 81 18 29 46 100 1 97 51 17 95 64 71 19 62 12 57 91 59 70 2 93 96
25 1 56 27 55 45 83 25 87 96 76 8 80 17 33 38 44 67 26 71 75 30 11 50 57 39
24 20 12 50 73 68 42 56 29 17 76 66 10 6 16 80 22 72 8 61 77 9 62 2 53
25 48 54 93 27 5 44 86 94 83 43 9 97 45 14 17 30 42 88 11 57 26 31 74 4 41
23 95 84 39 43 31 29 42 34 38 79 97 49 37 92 62 11 78 18 63 33 93 15 47
24 71 14 29 49 75 5 6 17 44 83 26 28 98 77 16 91 10 34 82 37 30 27 90 70
26 74 13 46 48 5 51 47 71 27 65 49 40 25 70 56 83 15 7 22 42 3 8 87 96 37 39
27 65 20 68 60 55 36 25 13 90 11 100 45 85 56 31 34 42 75 27 70 82 24 2 72 99 35 63
23 9 63 81 69 58 57 37 38 85 18 7 16 17 98 83 49 95 80 42 11 90 32 50
29 64 95 35 37 86 6 11 75 1 92 27 66 51 99 72 14 10 42 47 69 100 33 55 20 76 22 97 45 48
26 61 76 27 74 33 64 1 11 86 25 88 44 91 31 65 56 48 47 50 90 4 82 75 39 51 26
28 6 67 22 12 78 24 57 83 53 81 48 63 88 72 18 69 89 99 15 1 50 4 7 38 97 93 47 71
26 97 23 99 13 70 79 28 36 55 77 1 51 92 53 95 33 35 72 62 67 18 83 64 20 75 19
27 26 58 38 81 85 50 44 48 94 64 51 35 84 42 33 90 6 68 78 59 34 87 3 89 41 7 67
24 73 3 90 46 83 24 81 88 57 58 69 78 79 4 29 45 6 16 35 63 75 27 1 38
27 38 29 28 59 44 47 40 72 42 70 87 80 51 84 11 74 81 50 37 61 55 71 64 3 21 94 65
26 76 10 40 43 39 83 74 29 69 61 13 1 77 24 6 23 8 99 15 12 52 84 89 54 96 47
23 25 67 74 37 27 88 80 43 23 66 31 99 50 9 90 51 77 14 30 13 61 53 52
29 72 55 23 61 70 33 16 85 82 74 43 56 3 96 29 47 4 75 8 30 69 46 10 67 21 53 94 48 36
24 99 16 86 62 94 20 70 85 74 58 83 56 95 30 87 9 11 67 18 59 17 88 37 96
25 76 91 24 8 45 94 90 9 25 66 74 49 80 54 79 2 39 6 97 35 41 34 82 83 69
30 78 48 83 62 19 10 64 4 39 49 61 6 34 99 14 68 26 95 67 17 22 98 36 56 88 32 79 66 57 69
28 67 75 85 68 46 65 25 17 80 4 59 93 28 56 23 3 87 24 98 7 94 79 20 32 82 70 38 63
24 91 53 34 8 65 6 81 77 73 99 69 22 82 46 42 31 28 72 2 58 19 84 41 35
27 49 16 2 74 94 60 37 76 18 45 83 25 41 38 85 4 57 19 13 98 82 6 10 97 81 7 56
27 6 19 36 57 48 97 63 17 30 99 68 20 27 64 71 73 11 77 70 35 43 69 67 1 60 62 59
28 34 43 74 24 91 90 76 1 94 87 56 83 42 69 86 67 15 99 65 61 84 41 9 81 89 44 52 12
30 61 67 62 18 98 96 64 77 24 69 71 86 49 2 43 51 4 39 48 65 21 7 5 14 85 37 94 26 68 100
27 50 43 73 74 46 56 2 87 14 78 9 18 79 85 22 8 44 90 23 61 71 57 82 75 95 92 84
24 69 96 60 72 22 93 11 2 65 12 32 68 83 44 38 21 76 73 56 87 84 91 92 13
25 66 45 20 36 79 46 73 47 69 6 80 14 55 28 33 43 89 87 10 38 15 63 94 49 64
26 7 46 43 23 11 27 54 87 84 33 80 9 62 30 21 88 70 83 90 37 31 93 92 48 77 71
24 80 1 19 15 58 57 8 14 56 66 88 34 9 51 74 90 29 73 41 91 64 25 45 97
30 53 48 6 94 1 33 4 46 41 93 72 86 64 84 81 11 45 91 99 89 16 90 95 82 57 79 44 59 31 5
24 32 41 15 34 45 50 30 79 23 36 26 43 97 20 68 12 76 66 55 89 31 77 29 40
26 40 43 16 82 59 57 87 39 42 64 30 86 26 3 47 29 97 72 25 52 36 66 46 75 5 76
27 89 68 95 8 80 31 64 62 39 77 7 41 22 27 14 81 85 92 2 37 88 97 86 75 25 79 19
24 67 22 13 89 4 90 81 49 99 73 7 82 19 66 1 24 68 85 39 51 79 38 98 72
28 63 16 20 70 44 97 96 83 26 43 22 39 33 4 24 35 30 17 74 77 15 94 75 54 64 12 93 32
29 97 90 81 74 29 58 30 40 50 24 7 80 18 71 93 36 98 28 66 25 67 26 11 84 14 54 63 76 46
24 11 71 79 41 40 44 87 80 82 75 97 65 52 30 56 5 12 38 27 50 46 84 47 72
24 66 57 91 22 14 98 38 99 73 71 84 52 83 79 55 1 33 16 41 26 42 75 45 56
24 84 96 98 70 7 11 28 47 32 18 31 41 48 46 33 74 56 15 100 75 42 91 76 57
24 40 32 46 28 27 41 35 8 100 53 4 73 94 57 33 29 84 78 15 7 30 98 63 16
24 12 80 66 1 38 100 59 68 75 60 17 69 49 33 48 53 85 91 90 54 13 71 50 6
26 89 68 70 43 2 57 66 78 63 26 38 79 3 64 15 49 75 20 6 94 97 35 95 16 61 41
30 60 98 82 15 13 41 81 78 56 35 36 20 68 87 44 10 54 91 72 80 69 26 47 11 14 16 45 42 9 88
26 64 10 20 39 9 25 40 81 86 29 80 19 83 8 69 89 31 91 6 96 97 92 88 67 84 34
29 16 50 64 51 43 79 71 9 1 37 86 22 33 12 74 94 3 78 27 84 42 36 34 66 93 55 21 63 28
25 57 4 12 37 79 38 32 11 60 50 15 27 58 2 86 73 81 18 95 93 80 31 100 21 92
26 11 36 49 80 89 23 90 66 93 76 95 69 81 29 100 20 2 45 38 9 60 58 27 86 51 7
26 98 88 66 9 99 80 29 72 17 25 5 34 21 95 85 51 57 1 46 15 38 63 50 92 90 71
24 51 66 86 93 73 54 71 83 4 33 2 64 62 89 67 77 60 70 10 43 17 5 76 87
23 53 21 94 90 59 61 1 93 47 44 79 18 9 87 34 80 54 8 78 83 19 100 40
23 13 2 89 24 96 8 78 6 35 57 81 33 11 92 66 22 32 20 58 59 70 48 76
28 76 86 68 69 44 1 34 61 45 17 35 55 100 20 9 78 14 30 90 53 56 31 89 26 84 75 22 12
28 40 72 55 73 76 12 65 2 95 97 50 49 16 26 24 45 82 14 90 100 27 94 84 23 81 22 75 96
29 89 6 92 54 100 47 82 10 4 1 52 70 56 11 2 15 35 51 41 86 66 20 14 64 45 75 37 33 76
29 18 52 39 90 56 50 93 34 76 5 62 68 27 84 41 75 55 25 43 78 69 32 51 58 96 77 83 9 80
23 16 40 30 97 77 4 92 83 81 86 2 66 12 58 29 72 76 45 100 41 65 39 36
25 14 58 91 46 99 13 52 61 5 36 19 10 24 64 28 50 59 6 71 62 79 39 40 89 41
24 67 14 86 8 92 93 97 95 87 94 71 53 75 5 22 2 58 82 39 42 77 15 96 52
25 16 72 37 50 44 94 5 42 97 54 33 87 89 14 35 47 13 38 18 93 52 69 45 23 51
27 21 96 11 74 23 41 44 82 24 25 90 69 89 6 49 72 83 56 79 57 95 60 51 18 3 29 66
28 28 48 96 73 62 42 43 78 5 77 23 17 35 41 55 40 7 36 54 25 70 87 91 56 44 38 24 2
25 72 84 86 27 48 83 5 30 17 96 80 75 54 100 28 61 37 68 85 78 6 21 45 90 81
29 76 82 69 25 99 53 65 74 47 9 31 29 56 16 41 59 48 37 73 70 91 66 21 52 54 40 100 14 6
28 77 100 48 45 99 38 96 94 51 39 41 97 50 64 63 85 29 69 6 90 25 61 1 98 33 62 67 82
29 19 86 65 40 93 28 68 33 96 25 45 97 56 35 1 2 57 79 62 90 98 92 7 34 8 77 11 31 95
30 16 47 100 42 96 97 85 4 34 49 87 5 89 62 65 44 73 91 31 63 26 43 13 27 24 56 20 99 60 19
30 53 16 59 90 46 6 18 38 72 84 92 68 9 67 87 82 97 42 78 100 48 51 45 13 34 26 28 49 80 64
30 32 49 52 41 82 65 83 35 98 96 73 19 97 86 43 90 10 9 66 69 21 34 62 45 15 22 36 80 1 72
24 13 90 9 78 95 22 25 50 44 45 51 1 20 60 54 15 96 33 97 37 63 82 18 19
27 34 64 22 71 52 6 17 31 60 20 8 14 70 32 85 53 62 21 72 15 73 98 18 25 19 41 5
29 26 55 95 22 60 39 72 29 66 7 45 89 33 50 97 43 52 81 14 64 13 80 96 84 73 100 62 51 90
29 25 74 5 93 44 8 67 13 12 19 55 29 56 84 73 38 71 82 49 53 77 4 35 63 70 3 15 78 26
27 98 57 27 14 81 35 73 63 19 41 33 90 84 83 93 44 30 26 92 32 12 23 16 69 99 38 65
29 96 16 99 61 45 90 43 81 47 11 36 100 66 30 97 8 5 1 25 55 54 12 28 77 59 39 20 88 53
27 91 13 46 9 63 40 59 16 61 42 44 82 14 30 67 17 1 98 19 4 71 39 55 24 57 45 73
24 63 36 100 52 18 14 26 68 58 54 5 16 69 99 66 23 71 3 73 47 61 83 82 53
29 72 40 18 26 68 5 29 97 92 39 69 50 44 98 74 45 25 53 58 83 96 75 76 64 55 37 30 38 21
28 86 1 27 60 35 100 47 71 13 22 48 44 95 36 54 90 24 83 8 14 59 97 28 16 17 63 99 67
25 96 48 59 53 44 97 30 3 95 64 98 89 93 21 69 19 1 38 26 63 80 42 86 9 10
28 27 57 79 77 53 31 2 30 88 92 26 39 75 82 4 61 44 96 7 18 54 60 90 17 14 91 35 80
23 82 95 91 85 47 96 93 62 64 77 2 46 52 50 15 14 76 38 39 71 66 70 79
25 30 85 83 56 39 22 98 76 14 11 46 64 8 51 27 72 73 49 42 67 15 45 54 86 31
23 20 2 3 23 84 73 37 94 43 54 89 45 44 30 91 75 17 51 87 26 27 76 7
27 4 76 10 50 26 85 71 7 56 27 94 18 22 92 37 9 68 41 58 5 52 64 97 84 43 42 48
26 100 72 70 40 97 99 92 44 36 96 15 80 51 31 19 67 54 68 37 30 63 98 6 64 55 13
23 95 76 60 77 57 81 67 87 23 35 30 47 11 64 50 14 72 75 19 65 5 56 82
26 75 39 69 31 72 55 74 71 76 27 46 52 51 36 14 60 100 10 62 40 88 26 99 95 19 23
28 36 53 22 100 23 90 77 27 25 57 15 81 64 1 7 31 98 6 14 92 58 87 56 28 37 29 83 71
24 94 16 8 93 40 41 13 91 29 64 12 90 18 22 62 96 27 66 36 35 15 24 100 38
26 75 42 15 32 35 70 27 97 22 20 58 73 23 9 37 98 40 46 94 41 18 6 84 21 95 10
24 28 42 50 60 76 72 40 66 8 65 25 52 100 31 98 53 89 13 77 69 24 4 17 55
28 7 72 100 50 57 45 70 19 23 52 5 68 35 26 36 88 93 34 94 13 30 98 71 9 27 82 59 99
24 31 74 59 27 61 95 57 53 58 36 30 62 6 85 92 71 7 25 76 43 97 82 67 29
26 16 71 100 58 80 90 4 52 43 45 82 93 13 85 53 5 60 72 61 78 24 10 21 97 35 68
23 1 57 99 37 44 35 23 72 51 18 28 92 78 48 98 76 10 39 93 73 70 65 71
24 89 64 79 11 57 61 26 96 52 85 65 38 46 62 20 99 1 47 2 27 35 66 40 76
30 57 42 68 41 62 96 74 51 82 50 23 1 9 64 52 71 98 85 89 80 72 63 5 40 37 59 54 70 17 24
24 79 91 13 87 31 64 48 67 1 29 68 61 28 59 18 70 60 15 69 85 32 83 14 73
23 18 5 36 19 47 6 79 65 82 9 32 91 98 16 53 77 71 28 39 17 45 67 76
25 61 4 41 48 47 11 76 49 33 75 95 12 5 29 52 15 87 13 26 73 34 68 55 51 6
23 16 79 53 94 55 18 38 39 19 87 88 77 12 74 48 73 66 3 72 71 64 36 5
23 81 73 84 55 92 62 4 94 61 39 87 57 7 11 1 14 60 75 12 69 5 47 79
28 77 27 73 47 40 24 28 35 32 81 95 29 76 6 78 57 26 62 65 4 55 20 38 41 25 14 51 75
27 42 71 76 36 20 29 58 67 60 70 82 2 27 5 86 35 88 37 28 7 16 11 80 57 24 64 61
24 43 75 22 39 61 37 65 44 45 2 42 30 64 40 7 16 6 66 53 5 93 3 31 78
25 74 49 3 13 41 42 12 78 8 21 63 6 20 27 85 60 9 68 82 66 61 83 79 86 90
30 13 75 98 84 87 47 89 56 69 40 67 2 35 72 97 73 66 8 46 38 44 76 49 23 50 18 94 26 85 54
28 75 88 59 5 54 61 68 72 46 2 11 7 23 70 65 1 74 57 100 18 83 9 64 16 36 47 3 91
30 74 34 85 16 68 29 55 88 13 15 82 63 36 58 24 91 47 8 30 83 39 10 27 6 32 95 65 53 40 57
27 11 47 87 88 54 73 99 85 5 39 57 95 55 19 80 75 42 58 16 8 29 96 18 38 83 67 74
26 20 6 29 96 89 92 37 19 34 69 82 3 66 97 15 60 71 4 80 70 93 56 77 16 78 9
29 85 57 50 38 77 87 15 29 92 28 17 16 76 22 66 40 1 3 68 12 44 20 83 65 37 99 32 36 69
27 87 65 49 62 94 70 36 41 4 75 91 29 85 81 46 97 28 11 82 57 23 78 79 7 38 1 17
28 21 94 59 78 27 3 8 91 29 10 32 67 16 60 25 64 20 62 68 87 61 96 23 2 99 76 13 70
23 84 53 44 23 86 94 20 72 37 8 63 43 24 30 3 27 79 26 6 71 64 99 62
23 10 48 7 16 100 19 66 1 84 79 26 30 51 38 21 53 91 12 22 33 95 31 39
23 48 69 20 53 61 7 42 14 49 39 6 71 44 76 19 15 47 77 88 17 29 23 58
25 53 79 46 18 50 23 56 28 11 45 32 47 97 98 52 24 48 14 73 44 41 99 5 66 65
23 19 98 78 24 29 8 65 51 21 6 70 3 1 66 92 14 87 48 89 40 52 90 75
27 80 22 9 25 11 24 6 49 76 21 79 60 99 58 38 2 94 30 71 17 75 78 100 45 39 67 8
24 92 70 85 14 60 48 62 19 41 47 98 84 87 11 49 95 32 16 29 55 8 20 17 40
28 42 91 86 75 84 3 8 25 57 83 45 52 100 40 1 34 69 73 65 72 49 4 20 51 87 37 44 17
25 50 22 26 76 43 65 85 63 40 34 10 71 64 73 98 15 92 60 77 48 89 52 58 41 59
29 58 54 48 22 10 4 53 29 42 84 87 55 90 6 52 60 27 38 83 64 95 65 39 69 56 50 68 61 46
26 85 20 82 12 8 59 61 92 77 41 43 3 93 47 26 42 46 52 84 98 75 31 2 17 51 62
26 44 64 40 13 89 57 52 55 24 100 49 35 66 6 68 50 59 79 75 96 58 3 25 5 74 98
23 98 96 10 61 27 50 60 91 36 11 5 84 92 56 51 88 70 6 59 67 57 86 29
28 100 3 96 28 11 65 75 38 6 74 35 47 30 95 83 50 61 87 67 59 98 55 22 1 2 63 23 89
25 19 74 77 92 34 53 9 21 5 79 42 70 40 64 63 82 18 33 83 50 6 28 96 31 22
29 28 83 2 8 45 43 18 31 63 99 71 97 56 20 48 98 91 58 26 70 78 64 81 100 54 79 36 72 52
29 23 25 16 100 59 10 24 83 18 99 46 22 53 52 81 82 87 19 64 32 34 79 51 48 75 73 26 2 54
26 99 90 56 68 64 14 55 75 62 11 22 58 42 6 36 43 65 31 34 51 9 60 48 61 39 37
26 51 36 57 84 79 48 41 58 78 49 52 27 92 19 25 33 82 15 89 55 21 3 68 73 28 23
30 45 20 66 4 75 51 53 42 58 15 96 76 80 69 85 3 78 90 43 79 63 82 62 35 68 74 97 89 26 55
25 61 42 15 24 9 53 83 32 37 36 88 21 43 1 19 67 91 28 5 30 74 29 38 55 95
29 57 81 21 88 8 58 43 56 74 20 100 42 63 72 15 19 95 67 24 50 68 31 69 82 32 27 23 97 53
25 2 95 48 50 65 84 46 55 36 13 76 43 18 56 30 19 88 14 51 39 15 29 7 45 91
24 4 34 51 25 58 47 33 8 68 83 99 75 64 11 28 3 23 85 79 81 2 27 54 36
23 26 65 29 97 92 40 8 4 23 64 84 50 33 86 35 37 74 93 2 30 85 91 81
27 92 50 47 98 29 13 58 63 79 67 65 48 86 97 12 26 25 43 32 31 73 17 90 42 87 71 88
25 34 53 13 6 26 45 44 43 12 94 70 14 48 58 51 62 80 19 95 97 54 33 5 21 4
27 22 59 43 19 38 60 89 42 81 35 53 49 95 28 39 55 44 20 23 71 40 98 64 36 58 62 57
28 29 41 26 14 45 55 60 9 20 43 70 57 51 30 90 78 74 53 46 15 5 59 88 50 6 33 62 11
26 60 38 73 51 7 94 48 41 81 92 17 62 6 40 54 35 57 89 55 44 79 18 76 46 45 50
25 10 33 32 42 71 11 67 49 45 14 56 43 36 12 88 38 22 17 37 19 66 80 47 48 65
24 6 88 23 69 75 53 25 92 55 24 72 63 27 18 17 5 79 36 20 4 99 84 7 40
24 55 56 53 99 34 3 29 52 12 74 37 41 67 80 84 36 57 65 15 17 71 22 92 43
28 8 96 27 99 15 26 95 46 37 42 28 17 63 23 5 10 35 36 71 87 9 38 90 12 83 69 88 93
27 41 22 46 91 56 4 43 13 88 27 65 49 6 92 99 45 55 34 78 37 68 67 57 18 80 76 58
24 24 49 26 18 92 37 80 28 52 70 77 45 16 14 2 93 5 72 57 53 19 87 13 51
25 28 46 86 51 26 65 94 19 5 97 15 50 32 37 70 59 60 54 42 25 10 91 13 75 39
27 95 61 15 64 67 78 82 13 11 96 30 86 33 94 25 45 38 34 7 43 35 23 36 1 92 69 52
25 96 63 48 66 17 59 40 7 16 51 27 22 99 25 84 82 32 81 26 9 49 13 88 78 15
29 86 55 34 53 28 64 39 12 57 25 54 9 8 3 26 14 96 45 23 76 73 61 50 40 65 13 90 93 5
28 41 97 99 87 93 43 47 86 72 50 36 48 44 28 27 92 35 24 100 55 62 70 98 74 29 38 13 1
23 39 80 22 96 36 68 54 56 66 18 59 42 41 7 2 50 15 87 38 81 60 57 9
30 65 90 15 26 39 38 20 18 30 95 92 41 94 66 43 72 11 5 42 96 76 16 1 32 8 74 44 35 57 61
24 63 26 38 35 37 14 28 70 40 46 77 98 76 61 32 21 83 59 51 62 12 95 54 87
29 17 52 27 95 36 31 50 14 22 3 21 61 67 39 6 84 64 23 60 38 18 44 25 46 19 82 9 98 7
27 56 84 28 79 83 94 81 3 14 5 58 11 42 65 52 22 85 72 92 4 51 64 30 21 8 69 60
28 74 5 93 24 59 58 29 82 88 55 87 52 44 49 97 1 91 19 47 99 96 72 31 63 48 67 10 2
24 90 74 18 77 25 63 67 49 27 51 79 34 68 44 96 94 1 23 5 78 4 72 87 38
26 52 44 2 42 87 66 36 17 49 46 95 35 62 81 32 30 72 18 80 85 11 79 76 20 47 86
23 4 41 31 30 78 48 100 26 11 23 80 40 21 49 45 54 81 10 88 63 90 19 37
24 62 10 11 27 65 87 80 79 25 70 91 35 22 8 47 28 48 76 42 37 21 34 43 72
28 90 16 18 20 65 67 78 69 87 19 60 72 57 86 47 83 15 88 81 94 51 12 33 63 31 85 59 34
25 62 80 67 56 73 4 29 47 1 86 54 2 99 61 10 40 60 90 96 58 88 70 59 43 22
24 12 50 11 20 69 31 17 60 63 70 6 58 84 40 99 81 49 9 26 16 21 74 78 77
26 34 13 58 3 94 46 80 7 40 93 25 35 98 28 72 2 15 59 84 86 85 92 78 23 95 21
28 54 57 10 44 23 68 83 8 39 32 43 35 56 66 55 17 53 47 92 79 75 88 37 59 70 90 99 9
23 42 83 7 89 59 58 71 35 67 44 75 37 19 26 99 18 87 12 60 85 10 4 62
26 98 38 79 12 24 20 28 35 71 48 96 32 60 31 57 84 37 89 81 54 36 1 94 70 62 85
28 73 58 41 7 22 55 52 96 17 20 44 51 25 100 95 88 63 70 12 98 61 94 59 4 93 53 15 8
28 81 9 4 77 42 44 36 67 18 49 61 8 88 60 84 98 72 1 48 11 85 22 35 47 55 90 12 56
29 38 36 100 24 62 82 61 94 46 56 17 95 65 5 84 90 92 29 9 64 59 78 34 73 32 76 97 1 80
23 63 85 57 34 37 98 62 83 71 93 51 76 67 53 30 44 14 22 32 25 17 55 2
30 46 12 41 26 20 28 72 36 38 80 89 9 2 83 79 73 23 62 65 67 21 61 51 100 48 31 5 84 19 42
24 60 14 9 63 16 86 6 42 74 11 61 96 58 77 94 37 62 30 82 83 49 88 76 44
30 98 41 10 56 35 91 74 63 36 29 94 26 13 78 60 40 48 55 96 32 17 27 88 16 4 30 64 21 22 38
26 74 53 62 96 56 90 87 25 78 40 45 52 20 54 29 34 88 93 81 51 66 80 85 44 15 28
28 34 7 68 60 50 91 9 72 11 64 27 4 99 61 17 98 26 44 67 42 52 78 54 51 32 95 31 100
29 34 39 47 78 40 67 64 9 11 58 77 29 82 76 18 84 28 6 38 91 53 75 24 31 57 74 96 94 56
29 29 66 95 8 22 34 42 60 28 48 33 100 82 70 84 71 58 99 63 74 11 53 98 18 83 91 77 50 88
26 21 49 11 73 60 50 96 16 97 29 38 70 34 78 88 4 55 51 86 98 81 42 89 100 24 43
26 69 9 89 76 82 14 48 45 36 66 3 11 95 56 6 20 91 59 38 41 78 25 23 83 72 5
30 33 40 29 7 41 85 97 64 96 27 19 25 37 52 88 35 63 46 44 12 39 93 55 73 28 8 69 31 13 53
26 99 16 18 7 24 12 28 39 11 91 65 15 100 63 33 93 38 49 82 10 17 81 30 88 37 25
23 62 35 83 46 92 84 89 58 47 7 29 65 80 98 50 59 100 53 15 75 43 70 64
23 98 46 79 72 1 14 58 51 83 47 17 41 5 96 4 2 6 65 38 81 44 36 20
23 45 66 4 73 6 81 84 19 55 44 8 10 63 69 86 100 5 7 95 33 9 64 87
26 38 69 44 22 96 14 50 46 60 92 36 18 91 13 7 81 25 16 34 9 8 45 89 59 100 20
27 41 47 21 54 81 51 73 1 72 45 43 100 61 10 26 86 94 22 70 90 23 55 27 65 44 42 52
23 53 62 61 86 41 52 96 95 90 60 85 69 100 76 15 59 63 6 80 21 83 81 51
28 60 62 3 73 80 66 29 48 18 5 74 1 41 98 65 56 13 93 17 51 8 35 23 63 52 100 96 11
23 55 44 70 96 59 89 31 73 87 24 82 60 19 65 29 48 45 90 76 12 50 86 2
23 32 39 73 25 96 95 9 93 18 41 51 12 55 91 84 74 70 21 82 48 27 7 94
25 39 44 62 19 84 36 61 12 49 97 50 26 76 40 11 74 55 67 52 13 2 58 73 88 77
24 24 11 29 18 95 49 15 10 70 62 81 48 98 57 96 6 71 33 28 1 2 41 74 16
23 4 88 42 46 75 19 80 16 52 97 55 32 100 86 14 89 77 34 18 43 22 84 26
27 57 65 28 86 32 17 15 97 38 96 56 11 71 67 10 76 43 79 16 1 21 24 81 5 100 98 54
25 82 62 34 49 69 74 45 11 20 2 84 96 56 98 58 41 90 38 86 78 39 16 24 54 19
26 85 19 86 15 74 27 9 55 99 90 84 1 32 71 76 98 17 95 66 60 47 40 61 93 82 4
25 33 94 75 10 92 97 50 40 31 46 14 35 66 20 83 39 44 19 7 72 11 78 29 53 91
27 48 51 46 86 16 79 49 64 93 66 88 56 100 69 28 53 36 76 92 24 85 61 90 44 52 1 55
30 13 47 84 64 57 14 97 40 54 18 11 52 16 70 69 82 80 19 22 6 36 9 4 28 65 35 17 27 61 73
24 72 7 87 40 54 92 31 34 52 80 16 28 45 94 37 15 39 13 25 6 90 83 27 17
29 29 38 5 92 43 28 41 20 97 86 89 69 52 55 82 74 15 54 95 31 81 85 34 60 36 71 90 35 11
26 73 41 45 20 79 77 44 67 54 68 24 34 46 81 31 88 53 43 48 22 49 5 11 25 33 27
24 96 93 57 86 49 52 40 32 88 4 79 10 69 70 77 12 89 18 7 99 34 55 27 6
30 41 94 99 43 60 28 67 22 54 55 90 37 70 33 93 13 31 27 57 12 21 77 88 53 7 68 79 59 35 58
23 2 96 86 37 25 8 99 45 79 39 35 42 14 92 28 81 88 17 48 46 62 97 32
26 10 7 100 11 69 98 80 3 8 59 40 6 38 15 4 39 31 21 67 84 49 87 92 96 41 37
27 85 35 66 69 97 60 3 5 41 9 29 65 16 71 53 12 25 72 80 98 67 34 68 43 1 83 55
28 73 3 97 54 57 18 33 75 24 76 6 27 94 31 46 16 38 32 63 20 60 1 90 68 70 21 50 13
28 18 5 13 58 63 10 40 56 39 41 36 47 23 82 22 89 17 24 80 14 76 11 50 93 16 72 8 88
27 56 61 1 46 62 15 73 47 7 25 22 10 87 91 30 5 63 17 31 74 37 40 49 96 95 99 94
25 33 96 34 6 59 54 11 29 16 86 46 67 42 55 63 28 45 90 56 87 58 14 30 24 95
27 72 50 39 19 62 25 66 74 65 10 98 78 53 15 56 79 55 41 58 40 3 48 22 29 85 75 89
23 54 93 78 73 55 1 91 4 89 31 44 64 82 71 69 57 26 14 59 87 27 95 38
28 54 25 82 77 17 64 36 88 68 23 49 28 90 9 38 59 29 8 2 97 7 27 83 74 15 67 71 41
24 25 19 42 86 79 98 40 13 38 65 92 2 4 84 21 56 48 7 23 63 16 12 96 93
25 36 76 12 22 66 42 55 77 53 1 80 61 84 50 32 30 19 2 90 29 98 18 11 26 100
26 50 45 71 2 28 67 25 29 4 44 51 88 94 68 81 57 66 56 65 74 17 54 7 47 59 63
25 97 89 35 22 66 91 31 62 4 55 19 44 40 99 18 67 83 88 12 36 77 29 65 56 58
25 18 54 47 64 56 1 5 44 92 51 15 20 75 67 11 50 37 27 16 69 17 60 43 94 40
29 58 39 83 85 74 37 46 84 43 82 34 88 93 77 12 14 33 73 11 6 62 4 26 66 69 25 48 24 32
27 92 48 47 29 17 23 76 20 16 42 21 83 72 88 52 64 3 78 58 81 25 80 62 70 45 43 79
27 66 64 56 30 3 77 68 44 11 46 10 100 65 7 57 96 67 23 83 12 97 6 18 13 42 87 49
28 77 29 63 86 43 97 28 21 40 90 93 39 68 37 6 92 71 45 18 99 91 69 96 46 44 38 31 13
28 36 55 8 85 87 79 43 52 25 70 59 2 88 17 22 13 38 97 30 90 45 57 77 9 63 51 1 29
26 26 63 65 91 41 81 43 97 66 2 45 11 82 36 22 85 76 39 35 90 19 28 37 99 47 13
25 71 3 58 99 87 98 4 6 9 10 86 85 48 72 50 75 31 40 96 93 100 83 73 35 18
25 84 50 99 60 34 24 53 23 82 8 48 70 19 71 59 95 69 10 93 86 56 43 67 45 91
30 79 80 24 4 72 47 12 64 18 13 9 63 32 77 96 65 39 17 46 70 43 5 59 94 51 34 40 88 74 53
27 65 24 64 60 81 91 42 12 56 46 93 80 86 47 50 2 8 98 33 10 99 7 59 62 89 69 32
26 82 6 96 81 29 60 52 26 25 61 9 33 38 55 1 89 13 20 80 34 31 10 23 49 18 22
30 73 9 32 89 3 33 6 51 48 30 4 100 52 16 86 68 62 77 65 81 13 72 82 42 18 76 83 1 53 84
29 81 50 72 34 67 97 12 62 22 7 14 20 63 31 59 87 15 8 96 74 51 11 86 75 23 29 95 100 25
27 39 75 38 66 43 72 68 31 76 1 10 61 64 14 6 67 60 49 99 56 80 19 4 63 22 81 27
26 52 59 34 69 38 48 17 78 44 23 22 25 92 50 19 26 77 5 31 43 15 68 96 98 20 60
27 19 96 99 82 56 13 51 88 54 43 76 100 73 52 58 4 93 47 46 79 14 75 68 49 45 90 60
27 31 89 80 38 30 6 67 90 92 84 82 62 41 24 45 29 14 100 1 43 70 3 76 27 86 44 42
25 3 4 14 37 29 36 94 79 9 1 62 81 83 87 90 73 59 19 74 53 10 63 40 97 88
28 100 41 78 66 77 70 8 75 40 51 76 52 45 68 82 55 72 57 73 60 47 54 5 46 62 43 26 32
28 14 17 93 64 89 96 88 76 36 66 1 95 72 98 100 19 55 12 39 70 44 73 68 56 40 61 29 51
28 59 2 33 12 98 4 15 81 100 92 34 66 95 38 57 58 22 53 36 49 87 54 88 41 96 44 64 35
25 25 22 73 65 62 6 10 88 4 76 21 54 51 44 36 9 33 77 17 43 27 92 48 72 20
23 52 17 27 35 63 59 82 38 4 46 10 34 30 3 9 32 31 96 49 87 90 92 14
30 93 6 39 53 13 7 45 74 33 87 96 41 79 69 44 30 75 34 97 47 91 18 63 86 2 3 38 22 42 64
29 82 54 73 23 65 47 7 46 5 89 6 62 2 52 34 15 42 66 40 86 96 93 32 38 10 29 94 76 67
26 56 79 78 94 27 29 55 89 35 14 7 59 1 71 54 67 64 75 39 43 93 80 15 91 5 33
25 81 55 30 12 64 54 34 56 63 44 79 65 84 47 96 14 31 59 35 22 60 53 19 48 82
29 60 88 28 4 57 86 63 19 49 96 66 38 13 67 9 53 39 45 83 82 61 17 43 35 10 30 54 91 40
25 28 14 88 59 20 9 30 66 4 48 19 21 44 58 25 91 77 70 34 45 50 46 2 17 31
28 41 55 24 45 76 8 75 13 74 69 5 26 38 14 48 33 88 34 17 93 37 47 56 59 91 78 31 100
24 92 57 27 42 94 32 64 47 34 53 41 10 69 14 4 100 12 28 21 46 62 11 19 99
27 64 2 21 47 11 55 96 41 42 40 23 76 70 36 53 30 93 100 5 73 24 14 46 25 1 48 27
30 96 52 89 54 62 75 58 92 26 5 18 50 59 39 83 91 31 13 9 47 30 37 17 67 33 53 70 93 77 29
26 89 71 91 63 24 49 79 74 22 90 30 39 75 94 15 18 70 4 56 20 7 10 1 50 40 12
28 46 18 17 32 100 59 22 14 16 99 83 54 40 71 74 75 2 58 78 77 33 73 82 94 37 86 20 3
24 28 9 100 72 19 6 49 16 54 88 25 41 70 52 21 98 8 94 79 31 76 11 40 85
29 93 63 65 40 86 61 21 37 38 64 32 2 60 44 54 46 79 6 53 69 71 78 26 52 5 8 49 97 3
25 50 54 7 8 76 59 95 41 85 16 94 56 31 97 51 64 17 67 87 82 68 20 53 13 10
30 98 17 73 60 74 50 66 2 33 19 38 5 6 72 11 47 69 48 62 42 35 44 65 76 81 97 64 56 30 15
24 45 90 27 69 64 82 13 74 71 99 47 31 32 78 38 79 83 29 14 33 59 2 86 41
26 6 26 48 17 79 5 56 28 78 85 25 81 70 3 93 36 64 21 10 65 63 20 92 40 67 11
29 17 11 6 21 92 39 65 35 36 88 50 26 55 38 51 73 15 95 44 9 13 27 61 69 70 87 42 60 86
23 42 57 88 94 75 91 78 92 66 30 49 35 15 46 10 17 2 99 55 87 65 37 29
23 12 68 82 58 7 26 31 6 10 23 85 97 38 71 36 93 48 62 55 50 96 13 3
29 36 64 94 85 96 71 44 77 92 69 86 15 4 7 66 17 24 5 68 22 21 65 61 6 81 50 99 2 91
23 96 31 65 47 63 12 75 71 66 44 30 83 35 49 94 27 41 38 16 20 98 2 1
27 39 25 97 91 52 62 65 47 41 71 60 46 43 36 22 49 94 18 9 4 82 44 69 17 33 20 85
27 3 87 6 90 42 96 66 29 52 31 68 77 9 32 97 20 1 14 24 82 92 26 39 45 36 10 91
26 7 84 39 83 91 9 81 31 94 6 93 20 100 13 52 74 96 51 33 98 11 65 67 71 24 12
26 77 76 81 36 89 82 7 99 46 56 4 17 78 54 42 23 59 63 47 55 75 48 29 8 71 45
28 87 30 43 22 82 8 37 57 69 29 1 65 88 46 74 50 100 92 56 19 6 41 35 95 17 25 23 61
30 41 98 8 5 10 79 24 45 94 13 4 28 16 57 1 61 19 64 7 31 47 99 63 40 46 72 50 73 32 33
23 35 88 65 19 87 36 13 32 82 42 50 52 54 91 28 71 60 89 99 15 9 3 16
25 65 2 73 77 62 90 94 63 91 27 58 26 22 67 79 61 9 12 97 28 35 37 14 54 85
26 24 47 59 51 85 92 28 25 30 100 95 75 39 14 8 98 4 46 63 5 42 97 91 15 48 94
28 46 94 18 55 74 25 48 67 27 52 21 61 76 97 84 92 83 22 42 13 68 50 63 37 66 57 31 35
25 24 71 89 44 99 40 81 11 76 37 16 35 33 68 67 83 57 65 64 32 3 43 77 96 88
28 17 92 52 20 85 72 11 15 53 50 67 24 100 87 80 35 75 4 51 95 76 29 18 65 81 10 78 99
25 23 54 68 21 12 43 3 59 7 15 20 75 16 95 57 30 18 72 63 65 35 70 41 47 97
24 95 74 89 7 85 10 66 12 59 27 91 56 60 29 78 86 38 31 88 77 30 69 81 53
24 44 51 57 66 59 56 70 69 71 92 31 58 89 60 82 35 7 81 45 61 6 78 40 47
24 85 98 97 78 89 8 71 66 87 21 7 77 3 96 94 49 34 64 56 20 45 83 42 52
27 74 11 54 36 49 18 72 8 37 47 55 35 58 33 41 64 48 52 87 96 94 68 95 3 91 23 63
29 20 54 97 77 30 53 90 12 92 24 23 78 100 43 9 27 1 36 40 87 35 68 80 56 28 14 44 39 34
24 93 4 95 92 50 48 13 61 75 22 3 23 98 25 31 40 79 6 30 19 81 41 51 66
26 42 59 53 43 86 69 89 47 31 8 74 39 14 49 45 33 26 87 50 54 73 46 19 44 63 95
25 18 27 1 37 72 59 11 33 61 16 96 25 51 4 88 87 85 30 39 68 82 15 6 36 49
28 39 89 76 72 73 44 35 97 78 50 57 85 10 61 15 33 37 70 5 98 74 46 90 22 53 17 32 14
27 49 17 81 95 98 70 2 40 19 38 23 20 77 6 8 3 36 42 30 11 26 5 62 56 14 86 12
28 62 13 22 75 63 98 34 65 8 5 17 11 69 26 48 29 70 38 14 39 15 49 51 79 86 84 16 83
28 49 20 92 52 39 2 17 86 21 65 6 85 5 14 36 28 33 54 15 29 73 42 51 16 78 48 31 93
28 76 9 91 1 98 86 37 63 14 42 71 4 69 60 96 88 22 47 20 25 73 78 45 72 89 29 6 84
25 56 21 30 81 50 58 11 49 7 10 61 71 96 91 66 44 94 54 62 100 37 31 26 27 75
30 1 46 32 24 28 12 30 74 99 97 66 77 23 40 31 98 63 90 20 93 91 27 9 68 96 26 83 62 49 60
26 5 71 2 88 8 32 73 56 27 41 59 60 76 91 22 52 48 55 51 81 1 6 68 85 46 40
25 73 64 71 91 70 4 18 30 17 15 8 23 67 83 48 33 58 42 52 22 78 98 45 89 49
25 90 34 65 64 12 53 75 42 19 97 69 36 83 39 100 86 46 89 58 49 4 41 96 59 73
26 19 75 44 72 24 11 54 37 76 8 55 6 21 23 32 87 4 14 66 10 86 26 59 47 53 95
25 57 85 69 67 4 45 31 90 63 89 79 19 43 5 75 46 29 96 73 40 60 86 70 97 18
28 100 59 57 79 93 73 82 95 71 90 37 49 29 36 7 74 9 47 32 23 11 43 78 84 13 91 17 22
27 39 49 10 63 91 27 32 23 38 54 20 99 79 14 68 87 94 8 17 9 12 66 46 75 80 34 71
27 19 81 52 5 9 24 32 11 37 35 90 42 6 83 54 95 15 44 8 41 16 70 59 87 96 18 25
27 74 40 26 47 7 30 4 21 87 2 25 51 86 55 72 80 35 14 53 42 12 1 37 46 23 83 54
27 70 88 93 26 59 24 47 44 51 85 43 95 5 9 60 82 78 87 29 54 46 81 97 74 94 4 99
23 40 26 65 99 28 82 11 66 55 27 20 10 86 67 42 81 30 3 9 77 8 97 83
25 43 12 25 6 90 100 61 18 29 47 34 1 79 93 64 22 81 16 86 37 91 65 99 60 89
25 83 76 62 77 96 61 80 13 85 25 57 99 51 42 94 11 38 7 8 35 4 23 58 90 5
23 39 72 50 13 61 3 83 1 23 59 82 28 64 17 22 69 86 74 53 5 7 38 77
29 38 44 61 86 21 96 45 20 77 50 55 57 93 79 28 95 49 24 76 4 39 80 18 84 81 99 31 62 48
27 11 63 43 65 84 51 35 27 9 74 92 58 17 83 82 91 34 54 18 90 61 40 10 13 37 4 47
23 84 10 51 61 83 54 39 21 43 67 41 63 44 77 17 96 52 62 23 93 3 58 32
23 62 10 51 58 32 79 4 14 31 9 84 67 87 88 49 74 34 61 65 20 77 48 92
28 23 27 1 78 86 24 3 77 7 18 94 73 2 74 62 100 17 76 82 50 63 90 87 89 56 15 80 55
30 93 80 71 50 28 85 35 32 30 44 20 43 19 33 76 98 4 51 67 70 83 40 21 64 88 52 54 8 42 96
27 87 84 63 97 23 74 41 53 2 8 37 32 24 27 38 45 99 11 72 66 62 19 79 80 51 70 43
26 25 77 22 86 42 35 99 59 50 88 75 72 9 97 18 37 16 70 32 74 93 33 92 90 57 54
24 41 78 81 16 95 65 79 75 37 85 20 77 4 5 100 31 26 47 48 3 71 24 38 66
30 76 41 31 36 81 68 14 99 98 50 93 95 27 75 34 97 91 1 49 48 2 44 38 42 90 23 57 72 84 88
23 70 34 96 27 57 46 6 25 73 22 38 2 9 53 37 61 84 77 74 23 39 40 14
26 38 3 83 77 15 80 79 82 14 9 81 88 31 6 86 89 13 90 11 56 67 58 4 10 45 93
30 72 15 61 76 54 84 99 38 7 26 60 17 86 59 51 18 89 77 74 79 75 67 66 56 19 4 11 70 47 88
25 26 58 75 54 85 23 65 59 89 3 79 4 52 1 56 87 47 68 35 100 69 6 39 71 25
26 51 15 88 21 85 86 30 1 91 77 74 67 2 6 25 90 14 44 29 84 55 70 16 94 13 28
24 42 93 3 85 51 59 89 36 28 78 23 63 55 76 80 57 75 100 14 22 29 12 86 60
26 56 52 24 46 53 71 75 11 55 65 67 69 33 93 8 99 36 85 32 5 95 50 59 63 29 41
23 80 15 62 67 88 66 96 99 32 18 53 90 42 63 95 89 28 57 93 26 65 2 43
25 8 19 31 87 56 76 5 53 79 72 74 61 68 1 97 88 60 62 21 11 70 15 34 59 33
25 47 19 50 11 7 56 78 97 53 55 24 57 88 79 28 29 42 6 41 63 31 60 15 12 45
23 75 67 4 2 52 96 48 5 91 27 73 80 17 45 86 84 10 82 65 47 12 9 93
26 22 80 95 66 84 71 69 18 60 38 32 19 11 7 53 89 15 16 61 91 87 23 3 68 44 81
23 36 39 24 70 15 81 73 68 88 3 94 1 53 27 10 30 17 11 61 47 72 97 49
30 40 83 39 7 88 35 12 44 66 18 55 32 47 54 85 84 16 46 57 73 86 49 41 62 87 56 20 24 97 81
25 73 87 51 88 1 81 15 49 16 84 3 44 54 40 26 82 97 8 33 95 100 19 18 29 72
26 86 98 13 100 1 95 93 29 60 26 36 71 75 74 24 37 32 92 21 43 90 77 3 48 57 64
30 63 3 9 8 92 30 13 43 84 90 53 93 69 31 65 24 89 74 85 78 68 91 62 42 94 79 26 97 72 87
26 34 48 72 78 49 22 87 11 81 88 70 57 69 9 21 15 44 50 98 90 74 71 3 24 5 17
25 31 32 39 51 6 7 94 70 84 37 2 42 3 100 53 92 57 15 34 13 40 80 10 83 23
27 43 16 15 29 1 21 48 57 26 31 62 88 69 20 80 87 45 3 47 50 41 44 71 7 39 36 81
23 61 86 85 35 40 44 51 67 90 57 32 80 34 62 27 53 73 38 70 63 95 43 39
29 99 7 66 53 51 28 77 37 21 5 41 17 67 40 69 76 54 58 9 78 84 29 89 10 33 57 3 39 31
24 71 29 9 36 69 2 49 86 84 94 4 82 96 37 76 31 38 57 25 35 78 85 34 92
26 33 89 44 72 75 25 15 100 30 74 84 87 36 35 80 95 48 52 5 41 61 40 67 9 14 66
27 87 2 94 22 32 98 66 11 75 30 13 85 61 90 33 59 63 74 4 44 86 25 64 91 23 96 60
29 5 46 83 51 68 47 35 95 31 8 81 75 49 29 99 62 78 42 77 40 23 63 98 21 19 7 25 65 27
26 94 38 19 8 4 47 17 77 27 44 95 30 40 90 56 82 35 15 86 57 72 41 73 5 34 32
23 10 37 44 58 30 56 34 75 59 14 50 20 41 13 79 38 32 36 61 53 68 8 63
25 80 69 67 75 35 40 31 50 100 6 23 34 66 62 77 24 27 86 53 87 92 74 5 51 4
30 19 85 97 48 64 96 75 76 52 35 28 51 27 22 5 1 74 25 65 9 99 43 60 21 17 77 8 94 66 20
23 80 67 14 5 44 40 43 36 73 78 41 42 85 17 75 11 100 95 52 37 66 23 69
23 6 16 58 100 73 77 19 62 99 57 81 95 41 80 32 51 69 74 26 52 36 46 42
28 72 50 7 12 83 19 85 55 2 57 66 75 38 35 21 58 46 92 60 97 89 88 80 79 39 48 5 16
27 19 2 99 69 93 85 87 7 20 67 29 42 60 37 78 6 80 21 4 13 74 50 88 76 9 14 55
23 26 11 96 60 15 6 40 10 65 71 29 48 66 44 100 33 86 95 92 85 94 99 45
25 24 12 20 64 91 34 66 78 18 70 44 60 49 1 56 46 80 53 88 32 96 92 89 4 67
24 100 90 85 46 58 54 60 63 64 78 77 21 93 40 20 57 22 6 88 52 74 25 44 36
26 91 85 10 35 8 94 31 54 87 48 26 92 74 78 9 28 65 50 100 2 64 82 14 39 44 66
30 15 77 61 35 100 21 54 94 59 73 93 88 23 80 69 17 97 47 20 91 89 96 79 75 28 32 43 55 62 85
27 93 72 66 7 78 67 76 77 36 81 99 37 85 1 52 55 91 95 34 23 11 65 89 79 2 56 64
23 22 52 40 37 25 60 89 84 38 64 83 14 48 43 28 55 4 99 47 54 50 34 93
25 4 36 16 20 26 56 78 65 11 32 71 46 61 18 100 28 19 48 76 96 91 15 38 29 27
25 86 64 77 19 54 67 85 33 14 63 98 13 70 95 26 10 6 20 89 81 51 56 100 57 99
23 76 3 17 38 22 52 27 58 82 77 49 71 37 68 14 36 63 50 45 42 20 95 2
29 31 69 70 13 90 10 50 45 30 95 34 53 88 66 19 91 9 63 16 7 40 81 1 76 15 49 25 98 65
24 93 48 57 44 47 5 70 38 66 50 22 51 92 83 12 90 18 97 94 72 46 59 37 9
25 7 56 36 8 94 6 25 20 57 76 33 32 85 15 41 69 10 22 87 88 4 50 78 28 53
25 17 90 48 42 34 10 98 22 14 9 89 47 85 96 44 16 6 58 26 40 3 1 80 49 73
29 21 46 86 84 72 69 63 81 89 28 98 53 19 40 4 90 56 66 61 38 24 99 71 25 78 85 37 48 23
27 19 57 20 36 3 58 24 43 18 68 27 71 77 9 35 67 84 26 73 39 5 48 1 79 10 49 89
24 25 41 100 47 19 49 28 11 10 90 89 75 63 84 16 81 46 9 43 21 73 72 2 20
26 56 99 77 90 69 81 85 71 73 84 92 43 30 55 91 11 29 98 86 67 26 63 10 24 97 35
27 77 12 56 3 91 92 23 33 84 20 25 42 5 78 72 24 21 83 8 4 50 70 19 55 31 11 76
28 41 21 64 89 22 82 4 39 95 24 6 47 66 3 32 52 50 1 96 13 93 30 29 99 94 43 60 23
27 35 40 59 29 17 95 38 10 45 1 11 65 89 99 91 61 41 76 63 81 62 78 69 6 98 25 66
23 25 37 5 42 54 99 87 96 8 40 35 3 73 46 45 2 49 86 24 47 30 81 91
24 25 73 57 35 60 87 79 26 51 47 63 49 10 84 77 64 76 52 61 32 66 86 71 17
24 90 50 30 9 49 57 61 64 59 80 48 14 63 100 31 37 53 19 33 88 55 60 71 65
27 55 27 31 79 46 4 14 16 87 17 25 86 2 11 70 34 69 56 30 77 53 24 20 42 81 85 51
26 90 24 98 89 77 33 11 71 82 14 17 70 91 8 1 87 44 93 32 7 18 54 21 6 41 51
23 69 73 35 4 97 15 56 84 70 23 83 49 39 7 71 29 74 66 25 43 52 64 19
30 5 61 99 97 92 37 1 42 10 8 62 23 14 78 25 44 36 18 79 29 77 24 75 38 74 16 15 55 34 98
27 19 6 21 54 49 71 34 80 41 63 2 40 17 60 7 59 27 98 48 53 11 10 66 82 91 58 12
30 58 1 11 5 85 93 98 60 94 46 57 25 7 68 87 83 31 41 3 84 8 32 96 26 59 27 33 74 77 37
26 41 82 81 88 86 35 60 52 90 98 37 4 57 3 10 36 80 69 93 91 58 24 22 95 67 96
25 66 30 15 12 98 13 56 79 69 91 36 83 59 20 58 97 60 19 73 84 52 26 6 46 48
26 86 25 41 81 33 15 67 88 37 64 93 6 76 43 69 10 61 82 11 23 35 14 78 75 7 16
23 15 29 24 53 72 12 64 42 47 62 10 70 30 4 55 25 97 19 26 63 65 50 51
30 33 93 46 4 36 75 55 26 69 78 47 96 65 77 35 22 81 2 97 95 3 39 8 15 6 98 59 72 86 56
28 2 35 3 68 15 37 65 7 86 69 48 61 59 22 88 12 55 54 71 99 56 79 44 83 41 57 96 39
23 54 49 11 86 82 29 1 28 100 87 84 9 57 44 79 51 72 88 71 25 46 80 78
30 74 16 58 52 98 37 47 14 84 36 66 41 81 93 87 12 6 85 8 15 79 59 22 53 92 39 42 78 91 51
26 30 94 99 89 65 13 67 97 72 53 7 37 93 50 26 63 9 98 5 23 62 90 10 17 21 52
29 24 79 36 1 66 30 15 47 86 25 39 10 63 60 68 44 49 80 65 17 37 71 19 2 84 78 93 9 99
30 2 52 91 80 32 37 28 12 45 8 43 75 34 58 99 71 16 92 81 74 30 51 83 88 73 96 19 98 66 78
26 6 44 47 41 51 61 9 84 16 46 93 14 77 7 76 10 87 88 29 64 3 83 20 92 60 53
29 73 58 62 34 4 15 100 84 39 13 10 80 25 98 87 8 99 79 50 21 82 35 71 46 55 42 54 88 96
29 48 73 28 63 30 33 66 37 94 58 1 76 10 46 52 5 20 51 91 75 34 64 47 67 72 2 22 49 4
28 16 100 51 18 83 38 35 90 77 40 79 37 67 57 22 60 68 72 20 46 43 63 12 71 10 33 32 47
23 86 25 29 75 10 82 55 83 19 18 17 89 61 12 84 39 51 78 81 64 31 33 72
30 62 13 42 4 41 38 21 51 26 3 93 2 10 29 98 5 49 78 59 60 15 70 95 92 83 18 32 65 40 88
23 85 98 100 65 7 3 18 59 53 76 79 90 13 35 72 52 46 1 78 88 41 44 69
29 1 91 79 11 68 25 41 35 31 45 5 3 27 7 46 72 40 36 66 65 38 4 83 28 24 15 47 67 39
28 92 65 87 93 59 23 18 48 1 25 98 66 91 95 35 27 39 62 17 42 72 12 60 51 69 28 71 16
29 73 7 95 27 60 66 55 70 94 40 25 76 3 43 57 11 44 64 89 71 100 46 90 88 68 8 4 58 36
25 83 77 8 57 20 78 17 1 63 41 6 43 35 39 59 72 65 56 2 26 13 71 80 33 64
27 65 22 64 58 91 29 13 27 54 30 39 31 26 49 45 15 93 47 60 85 82 88 8 14 75 100 90
30 67 37 62 63 95 84 4 64 11 20 3 72 40 85 97 23 6 18 31 30 91 57 16 79 65 98 92 34 51 76
25 47 16 60 86 91 77 96 100 93 64 82 97 63 38 59 9 57 44 70 80 18 75 27 71 24
23 10 69 3 35 97 76 36 4 26 38 33 17 67 91 19 11 60 95 25 7 86 92 100
27 20 31 42 59 36 73 92 35 54 97 9 40 48 44 4 2 99 53 1 60 43 79 90 94 50 12 10
30 80 65 11 77 68 74 93 60 13 23 50 57 7 72 46 58 6 79 35 86 88 32 33 34 98 8 3 82 24 31
30 90 9 53 64 31 34 73 38 75 15 78 21 24 18 3 47 100 86 69 74 17 58 82 35 39 51 88 7 91 42
29 71 75 37 49 70 52 17 25 5 78 95 8 31 87 43 82 30 65 32 60 10 72 12 20 83 45 100 74 84
25 53 97 81 64 92 68 33 98 13 47 84 89 96 40 35 4 90 94 11 5 100 88 59 65 3
24 39 69 24 58 16 91 70 100 83 52 12 94 81 19 71 15 40 62 44 2 20 95 92 76
27 78 77 30 97 28 79 98 18 49 42 20 10 93 55 27 26 91 89 38 71 3 29 85 80 81 59 16
23 25 53 48 1 18 73 44 81 45 21 72 29 17 41 5 34 16 66 47 56 98 4 68
23 51 19 93 86 9 73 8 55 80 82 78 83 7 41 5 71 3 65 21 2 29 31 72
28 47 22 53 82 19 80 73 34 96 74 11 30 14 43 23 46 40 63 28 13 85 54 78 97 42 61 76 58
30 39 73 78 77 26 18 50 68 90 25 52 30 46 38 15 6 61 74 7 83 63 88 31 41 49 23 17 89 100 22
28 55 74 47 92 11 49 16 67 18 19 79 20 4 60 83 97 40 100 95 82 17 41 6 77 38 91 27 76
28 16 69 73 11 62 15 41 53 57 85 59 72 76 48 37 91 44 58 77 30 99 18 3 56 5 87 23 38
29 89 35 67 5 70 81 64 96 1 62 43 2 65 76 37 60 7 83 72 58 71 6 84 22 82 54 30 47 34
23 23 90 86 48 55 69 27 31 30 100 64 12 39 44 95 35 4 18 82 1 2 49 62
30 42 71 92 74 35 86 25 3 47 84 27 55 60 90 78 56 24 68 15 73 79 31 9 43 49 83 4 95 32 69
24 37 84 8 33 38 40 19 9 29 47 76 51 97 12 62 52 11 70 56 57 94 90 10 80
23 58 49 8 38 61 54 12 92 59 62 32 30 3 11 43 40 18 73 88 96 14 55 21
29 68 92 53 11 50 1 48 26 83 59 89 98 70 21 60 62 77 88 57 78 85 52 97 99 95 25 76 93 24
27 85 22 10 13 36 18 65 7 38 56 78 100 69 25 32 16 59 3 35 27 33 98 89 17 74 47 45
27 29 84 34 35 23 69 45 90 8 83 80 53 2 97 43 56 28 87 16 22 54 68 13 91 44 78 77
25 14 85 8 89 64 55 18 81 25 48 87 51 53 71 58 61 67 30 70 91 88 82 27 65 80
29 96 16 47 32 61 72 59 8 94 27 44 100 85 78 4 10 9 60 14 65 95 19 42 38 64 84 43 66 70
28 13 88 8 19 80 87 64 40 9 91 55 21 12 73 38 82 44 52 93 61 5 50 29 96 22 28 53 24
26 7 55 100 77 83 76 42 31 43 27 54 34 16 74 53 90 29 20 5 22 72 63 75 51 6 33
30 82 8 77 84 11 68 29 52 71 58 78 35 98 48 70 24 86 99 37 27 79 1 94 22 81 49 55 96 97 6
26 37 75 96 12 95 80 9 29 24 17 100 26 64 49 39 94 7 38 18 10 66 14 87 55 3 81
30 95 68 11 91 30 2 37 9 80 96 48 17 93 22 74 60 14 42 59 28 61 44 73 79 19 63 18 31 58 32
30 57 75 14 96 79 12 93 77 47 41 67 24 2 37 80 72 84 23 98 7 87 51 81 25 49 64 30 44 34 82
28 68 8 29 67 81 47 7 36 87 6 71 22 34 72 38 94 18 53 58 32 19 13 57 10 89 69 3 82
24 65 66 50 51 53 45 89 6 84 22 71 7 40 27 75 5 3 100 17 74 52 13 29 77
26 68 87 70 33 79 20 24 55 34 19 86 54 18 44 43 84 57 62 52 80 13 94 73 42 28 26
27 84 74 36 87 98 92 19 1 99 39 59 26 90 79 68 12 23 85 77 49 13 96 42 97 40 80 63
28 68 57 95 60 41 8 26 3 14 19 31 85 20 40 49 16 89 33 34 73 28 32 22 100 2 17 93 91
28 3 69 20 42 87 32 60 6 68 39 79 96 16 21 92 64 76 38 81 62 2 10 49 51 86 41 93 24
26 26 18 38 87 46 15 28 66 63 5 82 12 83 67 69 29 9 93 55 37 78 25 50 74 14 22
25 74 75 100 47 17 64 52 83 77 85 48 12 78 69 25 90 3 29 53 96 80 19 94 87 91
25 16 100 6 13 88 65 60 9 66 42 75 23 61 48 69 31 72 73 22 47 3 90 43 35 97
23 23 14 33 70 20 93 39 82 40 79 53 47 89 78 69 66 7 59 98 100 1 44 45
27 84 73 25 54 45 8 32 71 81 41 16 13 97 12 44 10 55 65 53 31 69 59 19 77 58 87 7
30 73 32 92 13 64 10 82 58 76 86 85 40 7 59 69 78 60 35 67 25 61 12 46 2 11 53 83 49 51 68
23 91 99 41 35 30 13 71 21 100 66 9 65 19 11 33 73 63 3 72 85 69 6 20
28 48 8 60 80 28 53 77 56 89 85 33 61 34 52 91 16 43 68 92 35 38 44 39 31 13 95 50 73
25 42 73 30 11 60 50 8 22 67 19 77 23 84 79 61 46 58 2 28 31 16 55 75 3 6
25 92 61 32 62 15 17 69 21 88 28 52 74 86 95 94 13 59 2 8 3 51 77 34 71 20
29 42 44 13 80 48 19 43 70 7 98 56 2 32 53 14 79 68 22 71 92 10 84 31 83 89 35 63 72 9
28 75 95 6 57 80 81 24 36 66 53 73 74 59 62 2 3 46 68 58 34 78 17 5 22 32 56 86 23
27 80 40 49 88 32 48 11 93 79 83 6 92 78 86 64 10 75 31 89 34 85 2 81 16 58 28 73
29 36 64 90 2 73 45 96 67 98 15 92 62 57 61 93 97 26 48 55 82 43 35 33 65 7 46 76 29 19
29 14 42 97 76 51 20 25 16 87 33 6 12 96 68 22 26 95 23 75 84 30 15 52 89 24 27 47 18 91
24 12 8 2 99 17 37 69 49 85 10 71 97 5 56 96 43 91 22 54 38 32 16 93 35
25 56 86 44 69 38 43 48 25 74 58 40 16 93 5 14 34 11 62 64 98 45 91 70 99 67
23 7 42 74 84 75 8 29 97 88 45 50 6 19 34 66 3 63 100 93 81 10 54 39
23 86 77 46 13 4 56 14 68 79 29 67 69 21 25 18 3 5 34 22 74 20 49 93
25 78 95 50 27 32 13 40 80 12 81 9 15 92 7 17 91 28 88 76 94 33 48 38 20 35
30 97 92 11 3 56 1 2 39 70 44 14 69 37 84 4 47 45 76 72 18 20 19 61 26 95 66 53 98 50 87
28 84 1 24 73 47 83 48 93 94 90 56 4 7 49 21 6 92 40 63 69 64 18 32 38 20 61 25 50
29 12 14 83 33 84 92 89 93 64 10 50 35 53 20 52 54 90 96 32 56 98 95 97 80 99 19 43 63 62
29 9 10 22 73 16 33 100 5 25 29 76 41 53 17 62 57 11 55 87 50 4 43 37 20 42 36 79 81 59
30 58 88 52 35 69 54 89 80 15 10 77 31 3 100 44 87 17 96 48 43 28 94 75 92 76 71 39 57 45 74
30 11 10 51 6 47 3 84 19 86 22 64 52 1 23 18 36 71 74 54 88 65 66 14 62 89 48 92 27 30 87
27 49 21 7 96 39 41 69 44 75 17 30 77 29 25 79 72 36 58 85 6 60 56 46 92 91 93 8
29 44 4 17 14 46 1 98 29 77 69 56 19 81 97 48 60 72 84 27 74 78 24 36 63 55 40 64 86 85
29 57 82 95 77 61 24 92 91 35 44 85 17 63 89 49 7 45 3 26 39 79 81 50 87 43 74 40 21 23
27 42 16 65 37 83 64 54 31 4 93 14 38 20 27 99 98 33 11 89 71 48 35 76 100 29 66 81
30 17 8 64 32 40 41 98 37 30 18 83 16 55 59 11 84 54 80 87 7 10 56 68 29 13 31 25 9 24 12
24 27 82 62 45 38 6 72 76 24 51 25 26 30 57 71 78 64 12 42 11 90 39 15 7
24 15 29 89 35 93 68 50 99 69 20 94 73 83 58 87 36 95 86 71 45 5 25 67 88
26 77 55 69 85 79 78 88 18 44 83 15 14 71 4 98 26 68 62 80 10 86 9 50 2 36 58
28 85 40 13 43 32 9 11 38 62 87 96 94 49 44 97 30 1 90 88 79 51 17 66 8 19 3 41 75
27 14 62 18 84 83 9 81 98 59 3 90 38 72 37 67 58 79 94 96 42 97 27 45 99 39 76 92
30 49 13 42 5 89 95 78 7 84 58 15 34 29 61 28 52 16 69 33 68 55 37 54 98 56 94 18 48 41 57
30 61 87 2 6 53 9 21 43 40 55 18 77 88 29 37 65 19 11 12 16 79 66 41 67 83 1 30 8 20 14
26 45 74 91 33 31 86 6 1 75 24 38 73 68 10 7 23 27 66 96 76 57 40 52 22 59 12
29 79 90 65 64 41 96 32 46 71 77 30 83 98 8 44 17 7 35 10 24 51 81 95 47 22 25 61 50 26
24 54 67 59 51 92 53 1 32 26 49 52 77 4 95 35 64 78 65 17 18 74 30 6 23
26 33 30 61 17 88 66 44 84 82 55 68 97 3 22 56 64 74 80 48 60 100 96 35 86 25 71
30 60 62 64 63 54 71 23 25 29 40 3 76 55 27 83 46 1 18 86 37 32 99 50 10 59 91 19 47 66 58
28 44 73 25 69 31 80 37 91 63 13 54 46 5 24 76 27 88 7 99 75 67 83 6 15 84 72 49 36
23 15 86 38 87 51 72 37 88 2 68 43 60 71 67 16 53 34 47 82 95 30 77 74
26 47 57 10 4 72 83 75 63 12 9 25 69 40 88 65 73 32 46 87 15 61 76 84 60 90 100
27 43 63 33 5 52 81 23 3 97 84 7 44 30 55 10 39 62 41 64 45 32 87 14 95 59 76 46
23 59 1 89 50 53 52 100 11 49 79 69 78 7 25 9 46 48 91 36 10 95 16 27
27 12 60 83 95 98 29 37 68 53 85 65 87 30 93 62 90 39 17 69 35 50 74 67 4 8 71 78
23 37 87 21 25 89 98 45 72 49 2 93 4 73 8 5 64 65 75 40 26 15 71 96
25 82 28 21 8 44 34 72 35 54 46 42 51 85 24 62 39 95 43 10 4 25 50 40 36 61
26 89 90 75 73 19 30 62 76 86 5 97 6 28 20 59 82 31 21 44 95 69 10 99 79 22 8
30 71 62 97 96 7 4 44 30 70 35 66 55 98 38 42 15 52 33 22 89 6 45 58 32 84 11 68 24 39 26
27 12 54 91 16 94 7 19 31 84 93 33 90 92 18 5 98 34 4 25 46 96 3 58 44 26 76 39
27 47 37 87 63 3 71 6 82 51 86 40 62 77 36 61 56 32 13 66 92 14 4 22 1 28 81 93
26 16 60 79 52 65 15 30 74 91 2 38 80 21 81 49 6 25 51 10 29 53 83 17 41 3 78
24 37 5 75 46 33 68 93 85 9 57 51 31 78 44 23 50 20 77 73 61 36 27 52 47
28 86 100 70 79 16 26 34 96 42 56 29 76 73 81 94 21 24 39 59 52 3 27 84 32 64 71 12 91
29 42 63 58 4 80 25 3 88 84 77 38 98 30 22 62 90 6 94 53 43 64 33 10 19 51 11 8 45 97
28 51 30 59 10 39 81 50 8 42 67 11 58 44 93 89 66 86 15 95 82 64 22 26 97 37 74 62 32
30 99 66 62 82 97 59 69 23 61 55 41 2 85 80 3 7 53 18 78 51 76 48 43 73 90 89 88 25 42 9
23 93 99 34 20 63 6 28 66 41 81 58 33 26 44 56 53 21 70 3 55 29 59 84
27 95 4 46 90 12 66 87 63 40 61 88 73 91 59 82 35 74 53 33 60 65 22 1 17 99 6 57
30 9 73 41 75 40 42 72 26 11 10 99 31 30 87 17 12 25 47 62 8 53 94 24 51 54 4 22 91 57 18
26 60 33 36 27 70 88 5 50 48 72 53 56 92 55 95 19 26 31 14 77 94 47 10 54 1 29
23 15 68 20 97 71 58 51 84 38 69 12 26 23 56 96 14 81 59 24 55 32 47 98
27 4 71 92 27 1 19 85 10 91 63 20 29 43 16 75 42 69 35 51 83 94 26 78 93 82 40 14
23 8 90 100 80 87 94 33 35 14 21 48 18 13 95 44 40 62 79 92 96 3 81 45
29 98 58 56 24 79 86 28 99 97 55 7 6 54 29 36 85 59 25 57 61 60 20 41 96 77 87 38 81 72
28 71 60 22 90 79 93 88 53 92 20 9 73 55 29 47 84 21 25 89 86 37 40 68 50 19 10 82 94
27 66 50 34 23 97 31 68 46 37 25 42 18 90 81 44 88 65 58 45 6 21 52 73 5 4 79 59
25 10 20 42 99 89 18 3 25 19 87 14 5 100 7 44 26 54 37 30 17 94 50 11 29 9
27 7 57 87 92 24 86 89 44 32 84 66 97 58 95 85 94 19 80 43 73 11 2 40 65 96 98 30
30 32 84 50 12 30 89 46 83 98 3 1 59 51 76 13 93 23 2 31 34 43 16 27 65 95 36 38 67 8 7
26 16 11 93 36 99 25 42 77 61 95 75 52 45 24 41 84 28 18 37 94 70 58 9 57 83 19
23 5 98 18 64 19 93 80 32 88 35 43 30 36 70 12 21 82 78 48 20 40 15 23
24 14 40 53 99 11 88 61 81 18 20 87 33 19 50 32 68 86 91 23 16 31 43 17 30
26 17 46 55 15 64 57 73 92 21 38 23 61 85 26 42 36 40 90 39 78 76 63 33 81 84 35
29 96 72 90 55 97 86 36 71 43 74 56 99 44 30 41 79 6 42 49 48 4 92 65 29 21 9 19 59 75
28 75 5 81 55 63 3 49 36 61 26 99 98 71 7 20 45 96 88 94 41 84 6 53 56 44 13 28 27
23 19 17 3 86 76 97 42 90 21 62 46 54 56 6 40 35 87 10 25 15 92 38 55
23 82 4 60 67 83 33 66 72 8 71 18 5 38 11 99 31 58 10 26 21 50 30 9
30 13 67 41 44 71 34 83 90 43 61 28 10 52 25 19 55 64 57 69 96 15 82 35 74 31 7 5 81 94 53
24 67 47 51 83 73 13 6 84 65 11 40 21 64 56 52 28 82 41 46 79 99 39 85 4
27 70 77 88 5 80 85 45 39 9 73 25 10 89 65 8 87 94 67 66 57 35 68 53 20 15 43 3
26 30 12 88 83 14 64 93 90 74 7 22 31 81 59 87 69 54 79 71 99 37 73 97 96 48 46
26 29 49 58 51 76 97 80 83 94 72 54 92 44 77 37 25 39 73 5 50 18 48 67 74 8 89
23 1 8 96 87 31 75 55 50 74 17 60 15 21 59 52 33 24 29 26 16 83 57 79
28 68 90 52 24 73 20 59 34 18 16 77 92 4 70 13 82 71 75 26 72 11 99 80 41 78 64 57 100
30 38 85 61 9 26 65 25 62 63 47 14 88 45 31 97 92 32 83 66 36 74 99 77 80 52 11 70 93 21 60
27 52 48 54 17 32 94 87 50 2 6 7 13 58 11 55 91 78 66 28 26 1 23 67 75 61 53 39
24 71 22 77 53 12 80 72 1 26 94 42 11 3 65 92 89 59 63 31 73 32 21 6 39
25 74 78 18 83 63 44 31 3 71 49 60 62 35 32 12 27 80 26 24 23 76 8 56 59 48
29 54 74 71 12 8 68 46 33 16 57 22 97 4 48 10 73 61 58 28 69 26 45 62 2 27 38 18 67 39
28 55 91 75 95 49 70 56 36 76 87 28 45 48 39 69 7 51 2 93 85 63 65 18 24 84 59 22 33
27 57 65 96 19 54 56 72 90 6 70 58 14 75 3 17 28 12 38 87 80 79 82 25 33 8 53 34
25 10 24 49 97 81 77 57 28 90 27 48 34 56 43 60 37 88 83 32 42 69 35 73 9 3
25 78 72 42 79 8 57 77 97 26 37 23 65 89 45 9 100 30 95 13 35 43 2 17 24 10
29 21 33 22 66 49 90 83 98 94 56 68 58 25 27 43 85 96 6 11 36 84 46 53 10 48 24 13 78 8
27 34 28 54 20 50 79 92 73 44 30 26 6 93 45 48 42 8 38 80 29 55 62 36 77 78 19 12
28 36 95 8 13 25 66 26 33 19 60 9 76 98 93 91 86 44 63 56 88 68 69 87 85 6 22 96 2
29 5 40 14 1 68 6 77 58 67 73 51 15 9 100 61 54 11 93 22 90 2 27 85 82 24 91 3 28 41
27 57 48 4 63 55 26 49 73 54 77 15 79 70 37 20 61 82 83 22 45 41 67 80 14 60 93 90
30 39 12 32 85 28 27 87 52 9 44 99 37 59 93 23 100 10 63 80 13 91 46 67 50 64 45 40 66 24 42
24 22 51 82 20 50 68 69 85 34 30 95 64 52 36 58 74 78 42 35 49 25 62 12 98
27 19 83 42 24 100 13 36 28 31 98 38 52 14 49 51 21 6 64 7 96 80 67 48 73 92 85 69
30 84 98 49 82 85 19 46 41 60 72 61 97 23 99 11 16 5 34 80 45 96 92 70 25 73 22 42 21 59 65
26 52 82 85 100 1 56 15 66 68 34 16 57 20 63 96 86 41 89 65 50 53 97 29 77 91 10
29 85 42 41 54 28 38 26 52 35 16 32 68 1 94 63 19 79 12 8 93 36 87 13 57 43 29 56 65 55
30 98 93 44 81 97 48 24 39 25 64 4 55 100 84 11 20 37 85 80 99 36 41 47 65 90 19 71 56 14 74
30 72 61 89 11 92 20 34 17 77 39 24 83 62 13 47 9 60 100 51 66 35 85 88 95 97 16 42 87 71 5
30 98 64 41 12 89 59 83 53 73 88 20 75 25 93 91 48 43 33 44 54 51 24 77 22 99 80 19 28 32 26
28 60 97 76 39 63 43 68 75 54 11 28 71 31 10 50 9 20 74 30 44 48 73 81 77 29 84 49 90
24 98 99 56 93 27 43 53 78 72 26 68 100 90 54 73 21 28 4 57 84 71 35 83 6
26 43 10 30 97 32 12 41 60 24 45 40 55 79 76 86 68 80 17 13 88 48 75 67 74 21 42
24 58 21 31 56 66 19 92 42 72 100 26 69 73 32 93 52 24 70 65 89 25 79 47 60
25 13 72 22 18 67 75 41 20 85 81 10 26 30 5 83 48 25 43 61 69 24 16 62 44 47
28 18 49 58 98 11 71 94 52 19 77 37 86 64 66 80 82 85 54 26 51 22 1 62 59 38 83 90 21
29 77 14 71 78 75 68 42 20 21 22 50 4 43 24 67 76 100 19 58 38 12 51 28 10 36 35 60 63 61
30 4 6 72 53 80 89 90 55 56 82 8 94 50 98 27 35 43 30 62 93 99 51 34 66 19 16 15 86 77 71
25 60 8 91 87 73 53 97 38 20 66 63 1 64 30 49 32 27 61 52 72 23 43 4 46 3
30 64 15 54 75 26 100 87 13 34 94 21 33 43 99 78 17 42 11 36 60 14 74 41 1 23 5 92 28 68 38
26 96 81 74 34 61 62 50 85 69 73 6 45 51 35 14 82 21 72 77 49 28 23 63 93 100 20
24 23 50 9 72 78 21 65 83 20 73 30 34 91 86 45 18 10 46 52 96 19 76 40 84
23 38 98 21 65 82 7 10 84 20 87 17 77 22 54 27 64 42 13 18 29 23 4 14
26 39 17 63 98 82 56 60 78 83 61 59 37 20 51 86 14 1 24 58 77 27 10 21 34 71 91
26 54 85 11 2 96 94 4 44 87 24 50 23 33 28 56 27 20 62 12 45 64 82 91 7 32 60
29 45 48 99 21 44 41 15 69 54 7 76 16 49 91 46 37 53 9 1 25 85 23 75 65 11 14 6 83 4
23 3 11 5 81 38 37 83 80 62 50 14 8 99 16 59 49 6 4 2 71 24 1 91
23 50 3 88 10 97 52 94 23 95 20 72 32 85 51 49 73 70 60 87 93 35 25 66
30 69 6 55 96 89 4 3 97 31 21 93 67 25 48 11 39 61 44 40 28 7 30 99 68 87 59 73 53 29 78
24 85 53 39 64 36 71 48 66 12 3 1 89 100 37 18 52 57 29 96 20 83 8 67 87
23 77 34 47 35 6 18 79 91 33 93 95 82 89 57 53 66 40 83 3 5 16 94 96
24 26 24 56 4 82 48 91 1 22 58 19 87 84 97 64 72 12 66 9 38 52 63 89 29
23 36 21 20 68 33 70 42 29 73 54 8 75 44 37 77 24 35 16 52 7 13 39 88
23 3 57 75 44 43 25 98 94 83 16 60 59 22 97 92 86 80 61 58 35 67 20 31
28 7 40 75 30 27 90 61 46 23 95 79 80 34 98 31 1 69 17 89 74 62 100 14 45 77 88 16 93
27 78 37 13 55 86 7 49 24 71 20 57 1 70 73 41 44 22 79 99 75 5 72 56 61 11 96 12
29 81 42 71 15 69 3 30 96 83 98 87 21 44 27 62 12 63 35 89 60 76 4 93 33 8 79 24 86 17
29 71 83 2 78 93 72 66 8 61 56 29 100 48 62 26 5 32 99 30 75 63 42 98 38 57 87 80 54 33
30 85 55 93 91 18 28 64 38 83 5 92 66 51 98 73 11 90 47 7 41 97 100 62 87 44 6 46 37 75 26
26 54 18 42 77 61 83 85 34 11 81 27 82 67 13 47 91 66 100 1 40 14 21 71 68 63 25
24 30 20 38 76 45 96 88 65 18 7 87 39 95 69 33 14 5 53 37 27 71 47 31 29
28 16 63 26 86 49 90 83 31 97 37 99 41 10 73 21 27 3 36 56 5 94 69 64 29 92 52 55 8
25 47 95 26 40 51 81 31 65 39 73 91 3 42 57 87 6 2 86 61 63 53 28 29 72 62
30 7 85 55 91 22 74 90 2 1 20 97 69 66 64 65 27 4 9 71 67 99 30 34 50 62 96 78 60 44 82
30 61 1 96 92 95 49 25 47 48 24 9 8 85 74 67 42 27 16 32 86 68 5 54 43 51 10 38 22 69 26
28 18 30 90 65 50 53 47 78 16 25 37 73 56 99 77 45 69 94 79 33 57 32 96 9 92 51 26 70
29 33 5 86 87 99 100 16 67 40 25 95 88 15 1 48 80 27 78 76 30 13 47 44 65 84 57 8 18 21
25 15 8 19 22 39 54 55 81 21 25 97 100 41 27 62 74 34 37 69 49 3 31 17 87 52
29 13 95 58 33 16 30 7 51 15 61 2 63 87 10 72 86 64 17 78 56 31 42 62 60 48 20 99 6 73
24 43 2 34 98 52 12 46 50 54 64 59 14 62 23 96 7 11 3 58 89 57 17 42 65
24 16 20 87 94 72 69 39 67 88 89 74 12 59 8 54 56 4 63 2 91 6 93 10 100
27 45 24 37 95 76 34 36 1 26 58 67 33 88 31 86 17 100 84 91 25 98 5 82 77 35 53 16
30 84 14 45 16 29 46 71 61 72 34 59 56 89 65 90 40 15 100 8 75 98 91 13 39 10 58 42 5 24 35
27 12 15 99 17 34 69 90 4 52 50 96 82 83 95 25 79 61 88 18 30 19 53 97 36 72 80 16
28 96 89 85 77 64 90 2 62 60 97 44 47 12 61 16 37 69 57 6 14 32 1 23 38 88 59 91 53
25 21 99 89 75 43 64 49 90 85 22 44 92 59 25 94 29 96 67 17 4 47 7 41 71 24
25 20 71 58 54 72 85 63 32 37 87 10 95 74 56 57 27 49 80 47 91 73 17 33 36 79
24 32 96 15 11 92 34 76 12 31 16 4 77 73 89 71 21 95 13 25 91 98 44 88 3
27 7 63 67 5 15 44 93 47 79 46 25 69 40 37 54 6 87 62 85 9 27 60 75 26 3 70 14
26 72 100 77 89 38 71 92 7 36 86 50 64 35 90 58 79 20 52 26 2 51 3 37 94 87 75
25 87 34 82 1 4 25 91 67 47 37 97 15 83 94 100 63 78 85 23 54 32 39 53 30 12
27 69 24 34 65 15 84 9 56 11 59 92 26 43 97 81 4 86 70 73 50 96 78 62 30 16 39 100
27 6 11 20 79 61 94 93 54 52 50 46 41 89 62 64 88 78 98 86 100 15 19 51 10 48 9 32
26 43 21 32 68 12 91 14 52 67 77 93 31 50 27 65 3 18 1 60 36 41 6 2 96 78 86
25 55 60 52 95 98 49 37 43 54 56 27 46 39 44 40 38 42 67 22 4 32 73 93 86 94
28 35 29 16 82 63 7 74 26 27 2 64 5 11 14 49 23 75 95 41 40 1 33 77 56 66 88 24 13
28 87 8 65 80 37 21 79 97 93 67 15 17 53 84 73 49 5 4 58 83 99 36 47 1 63 76 54 91
28 59 99 64 63 84 39 83 4 70 44 66 75 72 67 81 13 76 10 56 21 26 62 82 91 8 40 3 69
24 34 75 31 92 99 1 6 96 21 71 13 97 89 65 83 32 24 61 66 93 88 79 59 57
27 19 66 60 69 68 20 7 42 73 93 17 67 2 34 75 52 48 64 86 54 29 32 27 40 3 36 4
23 76 19 32 97 92 39 61 71 25 59 90 16 91 28 50 21 44 15 80 30 17 9 41
25 32 88 2 76 57 90 54 37 69 63 7 87 51 77 12 58 16 18 52 55 31 25 17 21 84
23 70 18 8 63 24 46 29 78 87 96 80 84 92 45 59 33 47 75 11 14 79 2 88
28 83 27 2 69 18 44 4 55 19 94 73 35 23 74 41 57 12 79 38 24 80 92 87 67 30 48 15 68
23 63 43 51 76 62 100 95 29 88 1 39 80 60 84 35 97 4 9 81 53 64 15 57
28 37 31 22 44 8 40 19 4 23 88 64 34 3 54 65 21 15 92 77 69 9 32 6 29 48 94 7 45
24 44 30 63 61 88 48 23 95 40 92 14 15 75 10 5 41 50 84 70 81 28 79 32 11
24 64 3 60 52 28 50 94 59 42 40 63 30 6 14 10 78 22 85 87 51 97 2 48 99
30 4 9 84 78 32 2 13 14 22 71 46 31 39 67 24 98 27 28 59 8 96 15 6 34 57 16 49 42 100 51
28 61 85 83 34 26 63 74 28 1 78 94 42 46 5 71 41 12 89 8 53 99 37 40 47 55 18 57 11
24 28 97 92 18 60 23 51 80 58 27 76 1 43 5 24 81 10 61 68 33 69 37 7 63
25 59 61 80 69 84 37 15 98 17 11 73 87 38 27 14 3 52 64 45 47 99 63 77 36 48
25 59 37 10 84 43 48 3 75 28 90 79 95 94 39 41 99 5 27 57 44 92 76 78 89 88
29 16 68 50 43 20 48 95 10 57 31 26 15 29 91 55 81 62 100 13 98 77 40 14 44 92 83 67 51 76
24 30 97 60 11 62 51 31 26 2 55 27 70 87 17 22 6 3 13 43 69 38 52 49 35
23 75 68 54 52 50 83 80 84 48 86 61 73 7 38 36 96 32 100 9 29 92 3 74
25 51 34 39 71 2 18 72 76 10 3 13 65 23 56 43 40 37 42 31 66 50 48 25 67 98
24 19 94 69 86 74 44 35 85 67 91 62 55 83 17 79 98 43 20 27 41 82 56 87 12
30 20 76 24 30 55 81 58 6 28 72 8 3 1 52 94 10 96 19 22 25 69 13 67 29 68 65 44 5 60 59
25 11 23 45 85 29 15 27 80 5 35 98 71 76 60 17 99 73 70 87 90 37 4 14 66 36
25 77 73 11 55 51 17 37 19 21 48 2 89 16 28 49 56 90 15 34 88 93 25 22 100 31
23 66 29 62 21 88 96 35 85 44 10 86 82 92 73 41 31 3 12 87 38 6 25 50
24 63 72 65 91 78 58 38 2 1 53 85 54 47 55 89 35 17 21 88 74 26 66 6 44
25 12 40 81 45 28 24 62 15 84 67 76 44 10 25 80 68 7 20 58 92 33 38 34 18 26
26 92 77 5 36 74 73 93 59 43 53 32 52 83 14 65 10 34 81 22 79 62 9 7 8 64 35
28 53 93 25 9 44 68 67 99 15 66 18 100 92 4 5 32 34 45 14 42 36 17 89 61 76 49 29 1
28 23 2 9 11 73 32 53 89 67 64 56 71 75 30 38 5 47 90 99 6 39 83 26 77 65 14 22 17
30 61 83 44 24 11 23 34 62 52 58 53 4 35 92 49 56 22 41 14 73 25 32 33 79 81 47 51 74 75 87
25 33 42 5 10 58 94 18 82 99 25 78 19 53 100 36 90 76 39 85 79 83 34 22 97 27
28 71 40 77 26 41 83 87 76 42 22 52 34 85 23 97 30 79 17 56 93 28 90 70 44 94 80 10 51
24 92 56 79 11 66 73 40 48 41 44 38 32 70 61 91 88 42 82 12 67 78 5 65 16
26 57 47 51 23 11 81 88 56 97 15 69 68 70 60 34 6 39 65 76 46 61 29 14 49 71 4
26 15 38 75 30 9 83 81 92 20 98 27 45 54 35 84 39 46 47 65 87 13 4 68 34 12 51
30 52 86 93 32 31 62 24 85 43 1 35 42 80 22 26 13 11 17 83 27 68 38 73 19 69 59 48 3 21 50
26 100 32 97 17 28 19 62 74 72 92 15 52 33 25 23 21 22 26 85 20 41 83 30 11 4 12
30 2 39 99 46 17 59 50 25 21 8 13 6 94 48 97 19 89 60 88 28 32 70 7 22 14 53 93 67 34 37
25 90 53 49 73 1 35 91 99 24 75 88 87 84 93 36 100 61 83 86 98 64 63 6 82 71
28 3 87 65 86 59 13 72 93 67 42 12 100 33 31 19 73 8 38 85 99 25 11 22 46 60 97 53 29
25 17 62 80 28 3 97 31 87 93 90 23 51 75 34 55 83 84 74 19 47 43 36 86 32 70
23 3 23 32 73 85 42 94 48 84 83 1 10 9 14 57 50 71 34 36 45 65 29 51
26 75 61 100 82 96 64 21 1 44 59 73 78 90 94 95 69 18 74 22 54 40 29 39 9 68 47
24 68 29 84 78 80 90 58 22 28 6 17 48 45 34 70 12 72 30 25 7 9 35 37 40
29 93 19 22 14 36 84 39 95 47 66 79 61 85 7 76 8 68 12 88 59 73 96 13 41 70 20 38 98 2
30 18 38 95 31 29 87 74 21 99 76 84 15 49 86 2 66 96 46 97 27 100 73 32 57 63 55 36 64 13 51
25 46 51 28 53 15 12 41 84 31 75 92 68 33 23 94 11 69 83 50 44 40 89 8 7 57
28 85 49 10 25 33 40 29 9 72 7 60 87 86 42 34 15 78 75 13 20 23 84 39 76 18 96 61 36
23 54 70 62 67 88 97 49 76 25 18 40 46 81 32 61 98 80 83 60 91 90 73 6
24 34 54 97 23 31 86 63 77 32 9 46 79 22 87 43 16 80 15 68 92 33 12 71 66
23 8 52 17 49 64 94 46 14 91 60 80 56 50 48 72 20 3 5 32 28 78 96 12
27 98 5 74 28 32 50 31 21 2 54 95 73 72 12 94 35 62 92 66 34 1 57 82 58 85 23 46
26 82 78 52 13 25 55 58 38 64 54 37 15 35 85 53 56 5 18 34 88 73 17 48 100 95 91
30 67 65 26 63 14 40 9 85 55 24 49 32 89 53 4 94 7 96 23 21 91 50 15 44 58 38 27 78 29 75
28 83 43 75 94 31 11 71 18 14 32 55 87 82 29 78 39 96 99 12 53 25 19 8 74 54 85 90 40
30 53 98 61 10 97 76 73 66 16 46 91 52 100 6 29 89 54 78 67 27 99 2 36 62 43 1 22 5 63 17
25 38 31 5 16 86 47 9 55 15 43 29 44 75 78 98 58 99 14 68 87 48 82 23 12 28
25 21 80 34 79 16 85 60 73 93 35 43 28 41 48 26 32 67 72 86 83 20 92 95 17 44
27 70 33 93 24 82 60 75 4 22 54 27 73 88 78 62 52 45 91 71 25 37 61 2 13 97 46 81
26 41 79 66 64 32 62 88 74 99 8 2 75 46 49 10 55 84 67 91 94 22 16 26 56 47 27
27 69 61 37 46 76 10 55 28 36 99 5 65 14 50 22 68 96 33 48 44 31 24 57 18 34 13 27
23 57 25 16 51 76 17 3 88 93 95 2 10 72 33 47 23 65 66 9 99 8 19 20
23 9 44 14 45 39 92 24 67 37 54 100 96 33 64 16 70 95 90 93 13 25 19 26
24 61 66 34 63 29 96 15 51 67 45 38 14 23 83 56 40 92 54 86 3 27 70 2 80
27 62 58 15 89 2 51 79 9 38 68 57 23 76 41 49 33 55 24 69 7 16 29 37 63 36 45 27
30 7 81 93 20 18 17 96 57 49 59 21 100 8 68 61 30 64 4 62 23 45 88 24 70 50 69 40 90 60 95
30 46 16 72 35 48 79 50 73 5 43 90 54 47 29 17 11 20 31 25 28 69 42 56 55 97 95 80 96 89 88
24 37 29 62 1 48 3 83 99 19 71 28 57 18 31 13 80 64 25 4 12 98 70 58 97
23 14 95 51 90 10 87 59 96 84 22 58 44 53 93 26 83 91 27 41 94 88 24 12
30 7 97 3 60 6 65 77 5 82 31 84 67 96 56 49 15 26 13 100 81 85 83 21 27 35 62 99 73 55 4
27 31 13 85 67 60 23 95 18 12 69 48 11 91 24 76 7 64 93 28 88 50 83 22 37 54 42 2
23 40 2 69 36 86 53 47 45 57 14 3 27 19 18 51 70 55 67 92 98 75 10 54
24 5 25 89 16 62 35 37 30 64 44 63 42 11 31 86 12 87 93 71 36 45 92 55 79
28 13 8 57 17 40 97 20 86 18 59 95 76 64 50 90 75 30 99 9 29 22 62 54 88 81 91 65 10
27 57 73 59 30 54 24 61 89 58 76 83 50 28 75 52 84 91 80 32 17 66 35 86 48 71 26 25
28 96 72 59 54 66 89 88 34 87 92 93 40 28 27 61 6 99 10 16 71 19 64 25 36 56 5 23 14
30 77 7 59 8 32 82 81 97 80 16 4 89 73 35 53 48 47 50 100 60 11 34 22 87 71 19 56 68 28 51
23 33 88 93 49 36 18 10 61 54 64 69 8 28 98 86 38 59 84 81 87 16 35 62
27 36 21 54 23 46 27 89 60 85 74 2 94 20 100 16 1 64 14 34 29 45 19 97 32 53 95 65
27 13 39 72 17 10 69 78 93 29 26 36 6 49 64 8 97 57 79 32 2 53 24 71 15 4 98 40
29 74 72 32 29 69 58 10 57 64 38 14 13 67 11 8 66 49 85 90 91 88 95 31 100 34 40 80 99 55
25 60 32 80 25 61 70 39 84 50 21 100 57 16 40 7 79 89 45 3 13 6 52 47 68 35
25 10 2 85 69 80 77 16 70 76 94 74 92 11 65 71 38 90 79 55 60 22 48 34 99 73
28 93 13 40 67 74 25 18 33 46 3 58 64 26 52 70 63 2 86 42 80 23 17 85 8 9 94 76 14
24 77 12 75 7 76 2 25 29 56 82 60 26 9 68 27 45 16 36 49 83 53 20 58 22
23 69 8 37 9 71 74 40 28 82 58 79 16 25 35 86 72 55 24 14 4 38 57 1
24 6 46 98 55 60 83 26 90 2 9 62 15 10 49 45 23 25 78 57 58 12 82 63 27
27 72 82 42 98 46 14 8 81 69 56 44 64 19 1 83 50 78 58 26 62 100 20 88 55 94 92 18
30 78 65 77 47 85 75 95 22 13 88 86 8 70 98 28 74 92 41 58 33 59 53 48 18 37 15 71 45 1 63
27 62 82 47 58 18 2 7 84 48 59 37 32 85 16 53 68 61 26 93 88 15 60 55 72 35 11 87
29 53 64 28 48 80 12 20 37 100 88 96 79 26 31 55 85 42 17 67 1 21 52 99 87 57 75 32 94 97
28 15 8 28 67 27 23 52 56 75 17 88 3 100 7 81 30 19 37 78 22 80 94 73 45 39 12 55 20
25 94 49 54 5 53 58 2 46 33 68 85 37 74 91 31 26 77 30 8 4 100 22 67 97 60
27 33 52 15 32 47 13 36 31 73 75 62 57 18 23 95 85 59 66 40 21 3 37 100 43 35 12 29
25 47 96 83 3 74 12 22 97 79 43 59 16 20 58 86 99 60 92 91 77 54 50 33 100 9
25 19 94 16 6 81 28 8 73 5 53 30 21 55 75 56 38 11 79 32 65 100 92 59 48 37
27 90 84 18 68 8 31 86 55 46 12 33 85 17 35 60 1 37 50 16 72 44 36 92 4 95 89 13
28 64 95 76 28 1 29 6 19 66 98 14 13 92 39 78 49 22 51 25 40 56 50 93 57 94 52 81 31
30 1 36 44 19 37 80 11 15 87 79 42 49 41 46 78 28 18 70 2 94 25 33 97 68 66 20 93 4 83 10
27 98 33 21 90 31 42 85 17 62 38 35 53 8 95 37 63 27 100 81 24 88 96 70 34 50 75 68
25 90 16 98 40 33 1 53 59 62 54 79 51 9 7 65 46 26 100 35 13 99 32 44 20 56
23 48 5 90 18 79 66 2 100 70 24 71 69 37 39 25 89 60 27 92 84 17 45 85
24 69 73 4 80 67 89 48 12 37 14 99 92 22 96 10 1 7 65 28 43 64 16 30 91
25 54 85 45 71 31 13 53 88 97 66 30 28 46 75 3 2 84 43 64 44 90 52 14 67 33
28 43 74 49 53 37 39 51 16 10 38 6 64 76 25 17 88 63 92 9 2 87 33 7 78 56 24 22 35
23 23 52 63 97 69 15 61 98 38 75 32 19 48 60 26 49 12 72 8 37 14 89 46
25 40 52 21 17 80 18 70 71 88 86 25 28 92 79 83 61 41 6 67 77 78 32 47 10 45
25 8 28 55 64 78 2 65 7 82 70 15 47 72 42 26 37 45 92 33 20 13 57 46 54 50
26 30 20 10 49 87 32 15 94 46 52 38 31 98 26 89 59 71 78 80 40 28 13 86 84 70 85
24 79 92 87 86 31 6 77 30 7 73 53 36 8 74 10 80 72 13 4 17 75 23 33 21
29 20 29 66 98 79 52 44 92 97 16 21 69 36 84 83 26 32 76 78 54 71 65 3 59 13 5 87 72 99
26 55 82 98 48 15 75 49 58 50 27 7 64 73 67 33 8 36 85 34 5 71 81 89 18 37 92
29 27 9 12 17 65 28 2 91 6 74 61 8 19 83 77 96 36 62 55 21 70 20 88 56 45 71 13 33 16
24 21 17 51 96 79 94 37 81 84 31 76 43 46 64 100 95 69 24 60 12 91 66 2 48
30 51 84 74 86 21 100 19 10 91 92 87 42 97 85 36 32 66 64 81 50 49 63 8 60 23 72 13 45 7 48
30 53 100 67 6 23 5 74 29 8 33 57 78 4 12 10 26 93 75 51 94 38 43 92 97 31 66 20 56 50 39
27 88 55 98 90 78 86 35 50 81 3 95 30 24 17 43 25 82 96 52 11 71 4 29 47 41 53 10
23 23 54 57 93 33 40 46 98 78 27 74 91 51 84 63 70 94 83 38 100 25 39 6
25 29 18 74 58 96 34 51 44 10 73 11 98 52 62 63 38 3 24 70 28 99 19 81 46 42
23 47 71 51 49 57 1 18 74 54 9 14 6 12 72 41 8 94 39 85 7 17 60 44
25 84 93 26 25 96 39 63 87 83 95 61 28 75 67 66 35 100 7 1 34 41 48 56 68 53
29 94 5 68 86 2 1 57 75 55 26 59 100 65 32 73 61 62 36 4 7 51 71 58 70 56 95 38 40 67
26 76 36 71 48 87 37 12 57 35 20 64 30 84 4 70 49 14 69 77 74 90 27 100 22 11 78
27 90 62 96 58 86 15 40 78 82 44 95 83 19 11 84 20 100 4 10 21 34 32 27 3 91 68 70
28 87 33 71 91 93 92 43 96 53 81 41 78 28 10 89 35 37 61 20 11 69 54 22 85 52 57 50 25
30 54 66 38 29 25 37 95 100 99 52 64 77 81 39 63 13 68 20 23 36 71 17 18 74 44 12 84 55 58 50
27 57 56 67 11 64 95 28 15 51 48 14 93 97 79 54 23 24 94 98 55 21 29 47 99 10 45 82
26 68 91 29 30 6 22 31 28 63 8 83 87 3 81 11 34 9 79 88 80 99 40 16 26 64 19
24 61 83 51 8 43 48 44 31 38 34 6 11 56 78 1 23 18 99 12 24 2 95 58 60
29 10 38 88 72 28 45 87 43 33 49 48 67 97 77 11 31 58 26 93 68 63 96 65 79 99 8 29 41 6
30 33 54 65 86 46 85 30 10 84 95 45 75 91 99 42 13 97 37 28 55 19 87 18 52 2 57 69 34 82 35
28 36 33 87 80 6 51 85 19 25 97 69 58 81 3 37 17 72 94 4 60 20 40 35 41 57 91 26 70
27 56 6 31 65 24 2 29 23 98 11 12 30 21 50 62 100 88 48 70 92 69 10 3 54 9 35 60
27 65 28 93 47 30 76 50 62 100 40 22 59 37 21 92 89 48 25 67 46 49 33 84 98 94 60 80
29 21 72 87 22 19 2 33 68 71 58 69 57 49 48 28 70 50 76 73 16 99 75 12 51 100 25 61 41 52
27 33 10 100 28 55 48 20 11 3 27 25 80 46 57 40 9 52 78 44 91 65 51 96 45 42 49 7
26 52 57 28 48 55 71 4 59 50 51 72 49 94 2 30 3 66 88 37 76 26 40 9 95 33 31
29 41 19 13 55 9 72 99 36 10 95 52 81 64 100 31 5 67 48 59 97 73 30 28 27 35 83 20 51 75
23 70 21 98 25 66 96 43 36 77 49 2 56 4 22 47 78 34 18 55 29 5 6 67
28 22 54 44 27 89 13 43 30 28 59 6 97 63 49 15 7 92 38 88 84 36 3 18 11 57 81 12 53
30 1 50 41 13 84 12 93 86 69 92 2 19 83 36 45 90 72 14 67 44 23 39 99 7 28 40 66 31 98 94
24 65 47 41 96 86 15 21 81 3 38 20 80 54 14 62 61 24 23 25 83 55 91 29 44
28 22 21 45 36 85 2 5 74 62 28 41 70 12 19 43 34 27 79 30 80 82 38 9 73 10 60 90 24
26 66 58 35 21 48 83 56 86 44 73 90 79 6 8 38 81 96 9 52 50 74 97 2 57 61 7
25 54 98 40 100 38 84 79 87 8 95 57 50 67 96 13 58 32 34 22 89 24 70 48 69 83
29 44 83 13 63 82 100 88 26 31 61 90 7 84 1 39 85 14 24 65 71 52 89 97 36 94 28 15 42 93
29 49 72 79 13 66 43 30 65 62 85 70 71 23 80 82 54 90 87 50 15 2 28 10 99 68 34 1 59 61
27 51 28 3 34 14 55 11 31 62 95 66 75 27 48 78 65 58 10 26 37 44 49 100 85 61 96 2
25 37 54 21 22 5 63 25 71 84 38 91 98 27 48 72 46 15 61 79 76 50 67 82 12 36
29 56 71 37 53 93 76 73 44 45 30 3 82 63 8 88 48 6 79 32 98 26 12 27 43 78 66 15 52 54
25 69 17 65 77 36 32 20 64 21 71 80 48 39 83 73 24 93 70 30 91 75 94 2 57 47
26 71 15 1 10 20 62 34 85 57 54 96 99 3 24 17 46 64 47 89 16 41 21 55 40 93 49
30 66 73 13 41 48 68 17 18 6 55 29 81 44 45 82 59 9 64 96 21 74 58 69 100 75 80 50 39 88 47
24 4 15 43 92 21 25 70 59 97 5 28 26 56 93 87 86 17 10 33 36 45 98 57 69
26 85 74 51 75 12 60 33 18 61 10 26 8 71 19 58 23 42 92 97 56 6 38 82 11 3 93
23 69 90 9 35 21 26 50 5 93 27 43 3 89 7 92 6 44 74 45 94 88 4 98
24 92 81 24 71 2 7 18 67 44 41 50 54 49 48 85 55 27 60 70 16 3 64 36 83
28 14 22 16 96 31 60 87 34 97 39 35 3 75 18 63 56 25 51 4 12 99 43 71 26 85 37 52 8
24 97 14 45 74 22 43 70 24 88 26 98 80 31 85 84 8 57 41 28 68 65 23 20 99
25 75 11 79 50 55 80 94 62 33 56 19 60 97 31 27 68 29 84 7 87 5 86 38 40 36
26 51 11 99 44 72 9 39 2 78 48 25 21 49 4 87 98 79 42 28 43 94 26 95 88 13 96
26 25 62 3 32 12 100 15 54 23 40 45 67 66 96 73 27 1 94 34 2 80 86 7 77 92 49
25 27 14 82 39 45 68 79 46 35 54 32 15 59 86 36 97 25 88 20 66 8 40 92 60 26
29 98 27 24 71 96 81 37 68 20 53 77 31 64 18 12 5 8 89 61 94 44 51 17 48 73 28 25 50 1
30 29 22 91 15 34 7 17 14 10 24 43 86 23 68 84 8 41 6 2 72 53 79 9 63 55 97 3 36 5 16
24 49 61 60 38 54 80 56 15 87 96 83 8 75 99 45 16 20 37 79 63 28 71 34 55
26 74 60 100 68 10 82 76 70 96 61 19 7 20 90 53 54 50 5 25 69 46 2 65 31 13 49
24 58 66 52 68 62 71 60 2 42 54 20 57 34 76 95 48 11 3 40 35 78 28 13 27
24 49 60 20 12 5 47 32 64 8 56 91 74 34 1 39 35 93 29 88 18 57 79 43 42
26 29 47 23 100 48 86 98 78 12 5 15 53 16 54 20 11 69 82 73 17 81 8 89 21 50 1
24 9 59 80 56 61 29 99 12 53 98 6 66 21 15 22 41 42 78 95 49 28 79 31 89
28 60 66 51 15 56 49 28 23 7 27 100 80 14 75 53 71 30 39 38 45 5 33 86 55 3 58 4 37
27 28 7 48 65 5 26 3 91 87 54 46 55 13 66 11 74 39 56 35 6 70 53 59 99 10 51 34
25 48 17 47 25 46 27 45 29 97 88 12 9 10 41 6 61 36 77 85 24 79 23 73 89 83
25 37 19 98 89 72 81 2 66 34 5 55 68 14 82 95 54 94 15 38 77 65 97 11 56 35
24 17 56 74 20 4 91 13 9 100 22 66 32 26 69 16 54 80 75 93 68 6 92 58 77
25 80 62 50 7 94 10 39 61 87 45 84 57 66 28 36 96 25 35 71 92 78 70 26 2 44
30 71 62 25 2 96 42 90 20 70 5 64 99 12 74 54 21 73 88 1 65 49 35 52 9 100 19 56 6 91 46
26 36 88 11 66 94 27 34 76 98 32 51 73 100 85 55 65 24 99 83 12 96 21 30 84 64 15
