1000 100 5
14 15 16 38 35 28 25 94 33 73 6 54 51 17 79
8 91 24 75 92 10 63 99 57
13 52 8 9 90 68 93 31 82 100 28 84 20 99
13 42 34 41 56 23 48 81 29 79 5 7 54 16
11 46 93 63 54 83 21 56 25 78 92 17
13 69 18 16 68 88 96 93 28 33 75 47 64 51
12 58 54 59 50 35 91 17 84 41 37 80 27
8 76 43 65 39 77 78 46 85
8 17 78 12 84 34 28 77 56
11 11 94 96 81 31 49 84 71 37 34 10
12 39 26 82 54 33 9 95 25 98 49 64 52
13 87 71 42 30 88 46 63 23 10 58 68 62 40
9 60 99 23 18 34 50 86 83 45
12 27 10 72 33 82 15 26 64 96 91 56 80
14 13 29 42 24 45 77 79 50 96 19 73 9 62 85
12 10 18 49 67 72 75 32 39 17 45 33 7
11 22 91 28 42 26 59 98 100 6 33 49
13 87 63 51 44 37 3 53 12 48 67 59 65 30
13 58 11 70 9 87 60 29 52 88 42 95 7 79
13 29 70 7 47 25 53 6 86 87 68 91 99 79
11 45 14 41 57 91 58 99 9 82 1 36
11 90 1 74 27 21 49 76 55 88 23 66
9 46 24 95 1 39 70 13 17 34
11 62 25 8 26 74 51 45 82 50 44 19
8 88 71 100 51 43 1 16 70
12 15 65 88 77 27 51 20 21 3 85 80 55
11 44 57 90 5 54 22 23 61 81 67 27
12 94 55 82 33 65 14 48 66 54 42 62 2
11 45 64 65 44 48 38 94 63 4 19 1
11 23 88 25 56 93 47 98 94 29 76 31
13 58 59 45 24 33 29 46 93 42 89 48 47 6
8 21 65 29 78 6 90 44 86
9 58 12 52 30 55 37 59 19 50
9 11 63 57 73 27 95 60 74 5
13 1 22 58 30 29 49 87 64 60 15 89 53 51
14 6 69 46 12 94 83 68 100 39 96 24 22 18 49
15 42 64 59 6 36 16 10 79 38 47 34 74 99 37 70
12 6 65 66 74 88 33 93 23 90 84 9 95
13 46 45 76 12 100 74 69 62 71 84 57 83 9
12 73 56 8 59 46 75 32 42 98 16 35 28
13 83 48 68 56 42 40 57 46 27 16 75 53 65
11 18 48 92 73 55 51 81 37 85 24 6
15 50 36 86 70 100 51 17 45 48 29 99 81 97 96 6
10 4 38 64 2 62 98 33 89 22 12
12 31 70 50 66 57 99 94 15 75 85 47 11
9 67 95 12 63 93 92 59 34 50
10 84 36 66 31 53 4 24 19 37 29
13 70 28 56 4 20 98 90 14 24 8 7 6 78
14 28 8 30 62 76 56 36 13 71 33 73 6 53 23
13 18 81 91 9 94 74 68 90 82 26 70 1 33
15 96 34 74 9 49 69 3 35 72 13 27 51 95 8 70
8 87 1 83 50 21 32 17 10
15 87 8 83 33 80 30 86 64 13 66 90 100 63 7 38
14 37 27 65 30 16 48 42 79 40 33 14 11 96 69
8 72 38 57 53 7 75 91 8
8 58 53 20 62 13 69 8 66
8 53 63 80 35 36 59 3 51
15 93 29 81 54 35 66 68 34 47 45 2 58 52 39 83
14 67 80 12 22 40 47 54 59 50 23 73 97 84 36
12 46 43 57 8 78 38 80 17 16 96 97 6
15 25 8 17 20 18 96 58 51 34 52 83 76 48 86 24
11 91 59 33 99 78 49 35 62 66 70 51
13 66 23 22 72 63 56 74 35 90 18 34 96 31
11 27 54 9 42 98 99 29 93 56 15 41
11 31 49 99 41 88 50 38 69 92 23 61
9 51 45 97 83 71 42 75 88 26
10 44 69 2 7 79 46 22 15 49 36
13 2 53 17 11 57 86 19 6 60 79 42 26 58
15 56 95 18 40 29 100 12 33 89 1 74 48 87 86 52
8 78 47 67 2 88 43 42 55
12 68 73 78 42 1 25 5 2 95 51 18 87
11 91 16 90 94 56 10 65 9 8 25 88
10 22 65 7 25 24 2 53 6 50 85
13 45 37 98 69 63 3 95 42 64 100 67 88 90
8 35 95 62 20 37 30 67 33
8 91 28 21 69 53 2 72 14
13 25 82 31 63 32 28 67 87 88 4 7 68 17
9 70 79 39 41 100 25 30 8 56
12 55 37 48 54 81 45 50 23 61 91 70 68
10 70 65 13 64 10 3 32 92 97 22
11 86 18 65 35 78 99 90 51 29 70 40
10 19 79 64 87 2 48 84 7 22 61
10 25 2 66 26 88 33 74 40 28 5
15 96 61 24 42 32 67 22 79 76 21 26 82 95 93 74
8 61 14 26 48 86 74 55 77
13 33 72 98 3 9 50 60 36 85 45 11 10 15
14 93 72 51 99 38 23 84 65 94 67 44 52 54 39
15 4 14 97 87 30 93 60 43 32 24 64 89 22 23 11
9 46 92 61 1 53 24 37 66 6
12 81 63 76 70 39 77 96 3 97 45 54 1
12 9 78 61 54 69 4 90 12 94 92 17 44
13 61 44 7 67 76 58 26 23 48 1 70 94 65
8 88 1 48 2 75 70 16 62
15 43 95 12 50 61 16 34 9 77 4 57 90 63 86 25
10 34 60 53 92 64 35 6 29 40 73
11 41 78 19 42 55 87 64 1 30 33 44
9 29 6 54 52 33 64 50 34 95
12 45 51 52 72 47 13 68 29 15 78 55 66
15 50 93 1 37 43 69 72 17 51 67 49 9 82 35 14
15 86 94 80 64 87 43 8 52 83 31 18 14 92 3 90
13 46 48 85 49 42 87 99 86 81 37 68 28 70
8 13 42 21 90 67 20 77 44
15 59 15 12 51 38 72 31 8 10 77 34 53 17 57 49
9 63 68 83 26 17 53 58 22 29
12 48 98 11 53 100 59 30 22 41 17 94 52
15 99 95 83 16 71 61 82 94 24 7 85 20 40 78 44
15 5 74 1 82 86 76 71 6 70 32 80 36 65 87 89
10 19 13 34 44 55 86 7 98 3 25
8 31 19 92 25 72 62 23 50
15 39 41 87 35 2 50 78 79 54 32 23 28 30 13 31
14 97 28 26 29 69 65 81 3 59 95 93 54 25 67
13 39 78 55 69 22 33 92 41 97 84 18 95 81
8 13 67 34 15 36 19 71 60
12 92 32 74 23 81 45 57 15 35 88 60 72
10 53 88 11 86 7 2 17 98 5 87
14 78 22 42 49 16 61 31 94 24 8 85 72 62 40
11 94 87 79 3 81 64 95 12 86 51 21
8 47 68 39 63 30 28 99 58
9 70 100 82 76 49 93 60 84 7
14 83 1 65 96 59 85 95 97 71 9 89 34 46 21
12 35 94 5 75 13 3 33 44 55 8 20 41
9 32 3 69 70 98 93 74 30 4
11 60 66 43 40 58 76 85 23 75 37 69
12 27 71 14 51 81 37 99 48 39 82 56 35
15 35 1 77 80 84 97 69 65 61 13 76 73 89 2 27
8 97 55 64 89 1 21 29 52
8 23 5 81 94 12 22 34 70
8 20 27 38 93 25 12 28 15
13 1 92 87 46 13 79 51 73 60 12 64 80 36
8 69 29 70 99 17 60 10 61
14 60 56 54 17 100 95 86 30 62 71 65 84 61 52
11 92 48 27 55 19 99 24 38 46 9 50
14 19 15 26 88 61 78 18 59 58 29 40 70 39 69
8 78 11 38 47 40 42 90 8
14 53 24 26 36 17 66 34 82 65 70 13 71 72 4
15 57 74 5 70 73 59 49 78 41 22 53 43 11 93 26
15 34 98 9 44 77 94 96 3 21 8 18 64 52 20 35
10 100 20 34 14 24 4 86 57 35 82
14 79 34 10 6 71 81 31 39 78 94 28 67 70 5
13 28 12 96 4 24 82 40 68 78 38 87 19 81
9 35 82 80 18 38 89 37 23 36
15 16 84 61 66 80 96 99 92 13 86 9 100 18 53 82
12 59 57 54 22 58 48 75 27 53 18 45 41
8 53 7 16 98 43 93 11 86
8 83 76 85 58 62 31 18 45
9 4 95 98 78 75 45 56 27 58
9 69 91 7 47 13 96 60 66 61
12 15 70 47 66 20 71 46 6 76 39 7 81
14 57 40 21 97 73 63 61 20 72 78 96 84 12 67
15 65 93 19 53 2 94 77 41 5 38 39 98 64 49 13
14 40 7 45 88 1 93 58 99 91 72 2 95 44 74
13 57 1 88 71 46 43 83 69 31 16 62 66 2
11 12 3 48 97 15 14 44 31 6 8 96
15 11 95 28 75 40 12 37 73 59 2 4 1 54 33 55
12 97 9 48 32 100 5 19 61 15 75 72 35
9 10 87 84 45 57 50 76 62 95
13 95 3 57 85 11 62 29 84 40 22 50 25 77
15 18 45 22 32 43 44 70 52 46 83 14 54 59 63 99
15 15 66 60 94 86 44 18 63 71 6 32 33 35 77 20
9 97 26 19 87 18 2 45 69 8
12 6 91 3 52 58 77 1 43 20 88 45 10
12 5 39 10 66 53 44 63 24 59 98 29 65
9 21 26 79 55 3 68 78 88 19
9 22 4 24 100 82 78 9 30 6
11 31 42 37 95 50 97 21 58 57 15 8
8 70 49 86 83 32 29 4 74
15 85 47 62 30 74 82 15 13 45 80 72 75 9 21 65
11 90 20 46 9 51 64 96 67 4 39 100
10 74 82 6 71 100 34 33 31 35 65
8 59 60 11 84 95 30 54 94
10 7 1 73 36 65 30 34 21 74 72
9 57 53 32 23 7 68 59 13 54
8 39 42 47 82 76 3 62 19
14 86 99 27 9 1 34 81 84 30 2 29 47 31 36
9 39 29 71 14 23 24 19 30 94
11 11 21 91 24 71 15 45 82 85 60 3
14 45 11 95 1 99 37 70 96 87 60 36 8 62 34
15 86 53 18 95 64 62 17 15 100 92 31 99 67 7 48
9 13 39 98 25 9 83 91 23 79
8 49 92 68 10 73 6 9 52
13 30 5 74 63 51 68 77 9 24 14 18 89 39
10 63 80 35 23 85 50 93 57 13 78
8 1 46 22 92 43 7 29 5
14 64 81 47 49 85 29 13 96 27 48 97 68 44 16
9 17 23 99 37 1 36 9 67 40
8 5 23 77 41 45 8 97 90
13 23 52 41 6 79 91 11 37 43 13 5 16 51
12 61 87 79 57 66 39 85 19 69 83 20 6
12 12 87 80 96 78 70 26 55 52 13 60 75
9 68 96 34 2 32 10 9 99 26
9 39 60 95 56 77 30 36 72 58
14 2 19 4 9 43 18 99 38 67 83 63 88 51 46
15 40 74 22 7 86 58 57 28 47 24 63 50 33 59 61
8 70 31 33 21 97 68 42 91
9 71 33 20 23 78 15 65 56 47
14 98 16 78 55 36 9 80 32 45 51 76 75 28 96
11 27 79 28 93 77 22 69 19 12 47 5
12 26 42 63 60 57 96 80 27 29 62 82 50
10 77 42 17 95 21 53 27 71 75 15
11 17 15 27 18 23 14 77 67 84 32 30
9 44 43 72 15 12 83 66 25 50
11 96 37 91 32 97 20 73 72 51 23 6
8 79 56 41 95 54 3 23 18
9 62 17 99 45 71 67 39 28 34
8 22 46 41 19 37 1 70 98
11 65 71 82 49 47 50 31 66 67 55 32
14 8 18 94 81 49 59 60 74 57 97 23 9 32 61
15 67 37 72 83 93 68 15 64 38 51 57 14 66 46 80
10 39 60 47 78 45 2 63 54 93 14
8 72 100 67 81 77 53 55 44
9 50 72 86 42 32 61 100 76 81
10 14 44 42 45 2 19 11 22 61 30
14 35 64 37 25 33 100 91 6 86 39 90 22 42 55
15 46 98 58 44 22 80 5 84 81 100 9 68 36 87 61
12 92 52 24 50 85 10 48 75 77 55 26 59
13 93 34 7 12 58 10 71 45 15 77 62 99 67
14 73 83 33 7 13 3 56 59 92 43 54 19 42 77
9 89 19 32 27 78 68 36 20 95
12 10 46 79 20 50 62 2 58 89 56 88 25
9 68 79 66 37 51 17 31 4 82
12 86 93 55 23 46 91 26 69 15 87 35 61
9 71 41 16 50 84 58 25 93 40
15 85 31 7 50 53 76 61 80 89 12 75 100 67 17 90
14 73 26 53 81 62 92 48 5 90 16 10 59 21 45
11 56 77 8 62 1 17 30 92 14 84 43
11 76 70 88 66 58 52 16 11 60 54 50
12 11 46 37 68 27 80 12 53 67 9 69 42
8 100 47 21 84 79 35 74 64
11 86 53 28 18 34 46 47 10 7 43 39
8 36 37 51 87 40 49 25 57
8 100 62 86 74 70 84 89 71
10 32 39 46 20 89 85 25 4 91 95
9 61 2 100 64 32 36 92 57 49
13 3 82 66 77 44 33 50 37 10 65 63 84 71
8 28 5 39 72 48 86 4 65
12 94 32 15 37 99 51 66 97 41 61 6 49
8 86 98 16 4 10 70 45 39
15 16 36 55 68 11 71 12 8 17 10 35 92 80 43 24
14 70 37 55 71 29 30 72 91 76 23 56 96 16 39
9 58 20 96 87 53 43 44 95 94
12 98 27 67 49 30 63 69 50 26 59 60 96
9 82 59 24 61 83 9 66 17 99
8 46 93 89 43 41 44 7 5
13 10 24 81 83 90 56 80 41 38 92 20 14 89
14 44 37 56 72 97 55 18 52 10 12 95 79 100 21
15 9 10 66 67 41 39 100 12 14 94 30 84 33 20 90
14 53 36 32 50 41 95 21 35 30 25 51 63 7 85
12 42 38 28 70 65 88 59 92 16 56 39 100
14 67 69 17 30 57 86 24 95 37 46 68 14 11 73
9 11 67 3 68 63 23 5 55 32
12 68 12 78 11 96 76 60 97 18 84 72 19
11 42 9 32 56 26 73 6 76 8 24 35
15 29 39 79 92 20 89 33 2 70 24 74 90 65 64 41
10 38 100 18 44 4 37 40 82 20 7
14 98 61 97 81 94 77 17 43 87 80 65 60 5 22
11 77 97 7 44 49 30 75 74 15 81 95
11 43 68 62 49 90 13 6 19 8 71 67
12 72 48 3 56 9 91 39 42 34 81 33 35
11 16 1 96 11 84 36 40 12 89 26 92
9 65 100 27 7 23 73 85 80 18
10 68 93 79 30 38 67 52 88 58 85
12 4 14 60 10 36 48 19 78 68 20 71 93
9 74 48 85 45 72 38 96 57 92
13 14 2 39 42 93 18 97 50 57 46 24 82 71
8 37 46 19 92 89 47 5 100
10 75 39 62 78 20 28 70 51 80 71
9 12 81 1 76 21 64 17 45 15
13 75 31 69 78 44 34 51 40 43 11 70 5 84
14 44 23 88 71 62 13 31 14 68 82 12 63 4 27
11 70 94 56 66 28 60 41 57 15 81 12
9 31 19 44 9 21 32 1 24 3
13 60 91 34 57 43 85 33 39 3 50 80 87 47
9 92 23 88 15 11 61 59 58 6
12 91 39 69 9 16 46 32 10 17 100 59 76
14 95 79 21 100 35 49 89 90 42 40 76 9 36 50
10 92 67 58 46 40 34 66 56 28 96
8 19 31 30 52 85 43 95 29
10 92 53 58 28 78 30 20 40 32 76
14 55 38 51 87 11 6 34 61 40 67 28 84 5 23
13 12 62 2 36 50 56 42 53 29 24 20 32 35
15 14 53 80 32 11 34 70 8 46 94 64 85 30 38 24
8 7 95 93 59 4 86 50 32
15 85 13 68 57 4 34 15 40 32 12 81 23 72 18 42
15 49 34 45 65 24 6 87 17 20 80 59 97 52 67 30
10 42 37 53 74 19 12 70 58 6 27
14 43 88 22 47 19 87 83 5 78 46 52 17 73 61
15 42 16 50 89 14 27 87 70 74 100 5 8 44 90 39
10 81 77 11 34 56 10 4 53 3 44
9 95 19 71 24 41 32 13 73 78
8 30 80 69 83 81 60 37 29
12 49 100 59 91 44 34 73 83 51 36 19 14
8 6 46 95 43 33 69 10 84
8 86 55 4 41 3 58 75 11
12 18 47 35 70 13 98 31 93 80 4 87 73
9 100 26 32 92 58 23 22 6 18
12 64 9 89 61 34 32 47 18 7 2 59 20
14 98 96 23 79 68 1 21 82 47 10 15 72 84 51
8 35 69 72 87 97 16 61 66
9 29 27 99 48 12 52 86 40 56
13 72 84 98 14 15 38 67 79 41 30 89 69 70
15 65 4 37 29 63 5 85 91 70 100 3 90 51 21 16
9 40 8 82 11 34 18 88 89 84
8 87 57 97 77 66 42 78 96
12 22 32 43 14 67 48 94 92 26 37 5 21
11 52 8 32 63 96 23 65 14 90 49 26
14 24 86 64 16 76 84 32 57 30 83 14 2 66 31
9 26 32 22 87 37 24 91 45 10
15 85 78 44 18 6 23 52 32 46 82 19 1 74 29 84
13 72 10 91 41 48 82 60 37 93 86 68 4 23
15 11 22 98 95 48 73 30 60 68 36 40 24 61 9 77
8 52 67 6 90 3 37 95 57
15 94 19 64 68 22 26 31 87 52 42 11 72 14 32 2
15 9 56 10 31 55 36 62 92 73 100 26 83 53 63 89
10 81 9 58 70 43 57 40 18 28 66
15 86 15 40 22 44 3 52 49 65 69 12 56 55 71 9
14 30 21 78 36 59 60 32 6 39 42 65 34 25 8
9 57 74 59 99 45 84 58 60 24
10 33 32 81 10 88 21 92 65 36 15
14 4 34 25 81 15 86 30 50 51 40 69 7 9 42
15 99 7 19 67 14 28 76 3 35 79 45 57 32 23 29
10 44 9 77 94 48 30 71 99 34 70
8 93 3 92 16 76 58 66 28
10 78 74 22 67 25 76 52 51 62 45
15 78 35 86 11 67 26 98 31 38 49 10 39 43 23 99
13 3 72 53 38 82 42 52 65 70 59 67 100 76
12 78 14 32 99 51 55 53 85 96 61 64 70
14 37 14 53 83 56 21 61 60 20 11 33 100 57 86
10 85 49 14 83 100 53 97 43 75 82
10 21 64 1 56 17 19 33 22 55 13
8 63 8 33 70 49 46 20 69
12 76 51 31 56 95 80 4 90 41 46 91 89
10 10 62 61 45 53 49 34 44 83 3
10 2 87 38 64 77 43 54 99 52 79
9 11 67 49 42 53 16 20 82 87
14 57 82 66 28 95 70 39 50 86 91 72 48 43 51
10 75 33 74 28 22 21 47 86 19 45
10 1 34 98 12 71 90 44 58 41 36
15 19 41 95 16 5 33 62 37 29 35 70 42 10 77 68
8 25 89 70 1 33 63 52 22
13 62 98 66 43 19 33 36 58 80 27 82 5 32
12 30 62 7 74 48 41 19 60 25 39 5 92
14 53 62 72 54 35 80 7 2 66 82 63 83 15 20
8 47 76 29 55 70 88 6 41
8 97 18 90 61 25 45 47 82
13 73 98 29 10 63 22 80 54 39 61 91 12 42
12 96 40 38 49 44 52 92 1 95 39 61 81
12 31 78 96 80 76 54 75 22 39 11 98 19
12 8 37 21 32 56 99 23 82 33 75 54 80
11 85 53 30 71 51 8 77 82 7 49 44
13 6 42 17 92 94 70 100 1 59 65 8 41 37
8 54 38 66 73 23 49 69 97
10 62 23 73 20 31 25 72 92 12 85
14 71 6 64 25 82 62 100 1 22 41 7 54 97 65
8 66 33 95 20 45 61 30 56
8 78 36 29 62 26 74 27 81
11 18 91 22 52 55 100 63 97 73 78 81
11 27 2 47 40 72 66 6 29 97 42 20
14 91 62 90 7 36 97 34 92 85 93 42 9 33 70
14 69 91 83 22 6 20 40 48 32 72 93 66 3 73
12 76 52 61 38 32 74 10 48 81 59 88 96
12 13 68 85 25 14 96 11 5 6 58 66 50
11 34 62 22 80 26 11 89 83 3 65 40
8 58 17 29 12 49 9 61 7
8 46 34 54 23 7 8 94 14
10 83 71 56 55 54 22 96 49 8 40
14 40 32 94 87 61 17 52 3 12 50 71 7 30 53
15 62 70 92 13 94 81 9 1 80 15 4 73 11 47 84
12 80 62 46 74 5 100 43 50 82 26 89 64
9 34 19 43 22 82 96 72 68 30
14 87 13 25 21 68 100 99 9 30 82 96 35 4 97
11 68 1 12 10 26 54 21 13 52 31 29
14 90 64 32 20 28 91 22 27 54 65 52 12 79 13
11 65 12 67 53 33 35 100 31 90 23 42
9 85 11 38 14 30 26 90 7 53
11 10 47 90 32 42 95 40 86 81 15 41
11 87 15 31 30 23 14 3 92 11 86 29
12 40 72 94 35 23 42 5 43 68 91 44 32
13 7 29 4 41 19 47 58 79 1 66 88 86 21
12 66 64 8 27 2 83 33 67 79 22 1 40
8 81 24 98 84 42 79 13 1
12 55 62 50 92 5 100 65 36 73 38 96 53
12 74 86 17 98 66 41 67 63 8 80 55 48
14 80 7 60 43 16 94 35 6 74 72 29 59 89 88
15 46 49 8 63 83 2 31 27 91 68 85 37 71 100 39
12 14 24 16 67 91 47 3 49 44 89 9 58
15 99 62 18 77 91 9 23 16 42 58 17 36 22 24 97
12 71 97 83 19 43 100 70 35 62 86 8 40
12 80 91 42 64 55 13 96 21 89 63 34 11
9 24 61 69 8 55 45 64 39 27
14 93 6 55 35 85 26 11 64 37 5 34 87 57 40
9 67 46 45 13 53 65 64 52 95
10 82 91 86 54 80 94 19 90 76 7
13 3 2 81 83 87 62 15 13 60 79 47 80 100
14 72 66 16 9 71 56 32 57 74 18 64 29 91 38
13 70 14 38 64 37 42 90 10 58 24 71 67 91
9 4 29 36 27 33 42 69 45 40
11 1 35 58 81 39 7 73 60 57 36 52
8 29 62 5 82 9 11 80 68
15 68 22 67 91 94 28 31 10 76 88 53 38 50 33 92
8 71 78 51 50 40 72 6 49
14 69 90 92 73 33 2 96 6 83 38 10 63 52 15
12 11 91 32 96 77 84 43 22 76 59 48 100
11 65 1 17 85 42 77 13 34 7 92 64
10 90 68 57 53 70 4 65 42 6 22
11 44 38 63 28 94 22 98 13 36 15 78
13 45 85 41 97 69 9 34 78 87 52 7 57 65
11 55 36 72 93 26 17 67 49 23 75 45
9 99 29 72 80 21 20 4 16 96
10 47 71 68 58 35 69 66 55 29 96
15 5 4 21 44 57 61 84 74 50 32 60 58 89 9 99
14 29 17 42 44 79 36 73 31 43 91 4 30 21 84
12 85 37 41 80 8 6 12 20 23 7 91 63
15 79 12 52 81 43 26 29 13 64 4 22 71 19 59 75
11 88 5 70 16 37 66 56 10 6 11 50
15 16 24 84 45 22 58 78 25 66 88 61 51 64 89 92
15 73 30 63 85 100 1 11 61 60 77 55 19 88 42 62
11 71 13 35 3 53 15 44 77 70 54 69
9 31 97 59 39 54 25 50 75 93
9 70 32 17 38 27 15 9 86 76
10 77 67 75 94 84 50 43 33 13 54
15 17 72 30 80 81 71 14 96 76 86 91 90 79 5 29
12 70 47 77 73 10 28 42 5 56 30 8 79
10 25 52 7 91 22 32 21 80 35 10
8 77 34 20 59 23 13 36 52
9 44 2 48 30 98 38 7 79 67
14 86 37 16 3 65 56 25 4 53 76 57 8 71 91
15 50 7 28 8 67 32 10 68 5 31 94 96 61 16 22
14 25 63 72 16 45 48 11 90 80 3 33 76 13 21
12 42 84 8 63 68 78 4 77 40 10 7 23
14 35 69 41 56 18 26 36 23 47 49 75 83 24 53
15 6 2 48 50 40 53 57 30 59 22 10 29 89 33 12
14 88 91 82 84 12 8 23 62 85 18 2 69 58 99
14 40 1 100 59 37 22 21 4 34 65 48 99 35 89
9 82 27 39 65 1 73 84 53 37
8 8 29 33 4 19 90 66 81
12 28 15 59 89 60 34 48 43 9 74 91 21
14 62 59 7 31 13 30 68 9 97 64 35 82 69 79
9 69 25 92 3 37 86 21 74 15
11 53 73 49 8 28 45 86 68 25 20 41
10 79 34 6 19 43 24 71 41 61 37
10 84 3 64 100 32 97 63 47 21 55
12 55 85 14 93 49 94 4 99 8 2 15 13
11 48 97 32 50 55 100 46 22 34 83 67
12 28 34 10 53 69 29 18 100 40 19 83 14
8 40 16 79 24 55 41 33 58
15 39 37 90 99 30 66 1 70 67 17 61 77 16 31 74
12 10 39 23 36 65 9 55 69 62 6 76 74
12 97 76 52 31 36 77 58 6 85 60 94 11
11 63 17 54 23 29 91 31 60 73 81 89
12 44 89 76 93 73 22 61 40 42 39 71 83
14 68 15 1 79 21 72 41 44 43 40 42 92 39 78
11 18 5 96 52 59 23 17 38 95 30 26
14 100 2 48 62 12 86 40 1 17 44 45 49 24 36
12 13 42 91 4 96 94 78 18 2 41 44 9
9 79 10 49 41 85 18 13 97 84
9 44 6 98 5 45 29 30 42 17
11 3 7 97 15 54 90 24 95 16 61 99
10 100 47 41 22 91 31 55 23 32 16
11 16 88 94 68 11 54 34 39 87 66 45
11 32 99 46 33 63 52 98 64 25 8 66
15 13 21 56 67 34 100 82 36 97 7 15 27 76 77 54
12 35 9 7 80 8 32 90 48 34 49 24 22
9 91 1 27 13 9 41 29 77 67
9 43 90 38 9 85 49 53 33 100
8 6 83 31 15 14 86 1 18
13 75 41 78 5 27 32 69 46 19 74 33 47 34
11 41 63 94 30 45 54 98 51 78 31 15
10 31 46 52 66 15 99 6 81 78 41
13 48 36 55 98 46 95 10 75 72 51 47 87 64
11 84 60 51 28 45 61 88 30 100 69 66
11 92 51 85 59 63 87 69 2 79 7 36
10 64 52 5 38 88 10 50 3 18 13
13 19 94 33 65 58 86 48 76 72 52 31 51 50
15 73 21 62 14 30 31 61 35 91 43 58 54 74 79 90
13 55 29 28 13 99 62 71 37 14 39 95 96 27
13 23 35 53 29 22 3 67 63 51 18 28 37 88
14 44 92 75 41 34 11 98 60 62 93 57 30 69 20
9 15 40 16 4 79 54 33 17 75
10 9 16 67 80 55 61 99 17 18 81
9 23 67 43 83 97 8 91 36 64
8 65 85 56 1 90 91 69 17
10 80 24 10 94 43 5 77 38 75 89
15 77 81 1 31 35 11 96 40 79 99 59 43 12 34 89
12 15 23 78 9 61 44 95 24 91 51 79 18
13 11 51 73 85 38 50 13 30 25 66 4 29 69
15 65 57 5 8 78 81 52 73 95 93 11 91 38 46 66
14 35 78 60 49 86 37 67 7 58 59 91 96 25 41
9 76 43 59 53 84 51 96 81 56
13 38 33 90 41 60 13 53 87 3 40 26 14 17
12 65 78 51 70 56 86 99 66 23 40 18 53
13 38 32 10 36 76 83 61 28 50 4 92 6 99
8 18 43 44 84 19 57 5 92
15 83 3 76 55 58 1 8 96 49 9 4 34 41 42 72
12 26 81 7 79 29 17 44 100 14 73 25 55
14 95 59 4 38 60 69 36 15 77 62 7 86 22 100
13 43 7 72 8 62 92 49 95 97 4 53 78 14
9 2 16 74 88 32 45 44 89 22
13 42 76 78 35 96 44 11 22 59 38 52 32 87
13 11 47 87 53 80 88 61 93 8 10 58 45 23
12 32 84 50 20 100 83 92 58 73 2 63 3
11 99 12 28 2 27 19 6 95 11 45 35
9 89 70 21 67 51 78 19 84 22
9 67 20 28 69 21 54 8 43 57
9 49 59 12 40 83 72 63 37 30
12 33 32 64 13 46 55 83 77 52 31 59 5
13 74 50 88 47 19 13 33 77 80 3 37 91 36
14 60 33 12 46 19 35 99 97 13 28 30 79 94 75
8 17 76 93 45 23 64 62 60
15 74 71 99 30 52 22 25 23 57 72 2 45 24 80 20
14 88 37 39 51 75 9 57 84 97 91 81 27 22 50
13 9 27 65 98 1 12 13 62 50 76 18 15 36
8 17 98 26 14 25 97 76 60
12 1 36 21 52 60 78 31 9 93 91 24 48
9 10 57 32 78 14 33 85 11 52
11 76 4 13 12 99 79 3 67 49 46 81
15 53 7 17 99 100 20 89 65 86 61 95 70 85 42 96
13 47 17 60 18 8 36 92 56 29 4 76 39 62
14 85 8 62 86 28 93 91 7 74 12 32 96 1 64
13 92 76 42 19 4 64 47 13 11 8 41 43 27
12 36 55 51 90 75 49 10 19 91 94 13 78
10 7 34 64 95 79 16 77 50 72 27
11 72 84 1 60 85 92 54 76 15 21 71
12 15 5 84 67 4 37 44 45 90 24 75 61
14 27 79 41 13 56 90 81 65 86 2 64 98 97 9
11 65 67 87 64 11 10 9 68 18 3 70
10 76 55 69 66 73 95 96 45 93 9
9 80 61 76 83 49 23 7 41 13
15 82 97 9 16 60 63 12 4 61 70 48 21 93 43 10
12 56 44 3 4 36 28 42 18 2 15 61 14
15 47 35 22 79 81 30 14 39 71 34 52 56 44 95 84
8 96 54 50 39 14 32 88 20
13 8 94 35 48 1 22 65 20 73 33 69 98 31
15 1 32 47 21 88 24 50 48 5 29 30 68 11 13 9
15 32 21 7 15 9 22 75 87 70 88 18 79 48 64 66
14 77 76 12 62 71 92 23 49 59 38 68 73 91 85
9 56 60 99 51 32 67 81 2 94
11 11 37 16 69 70 99 78 24 96 46 84
8 92 81 31 66 73 5 69 82
8 60 89 94 33 26 34 42 37
8 82 87 48 38 39 34 61 2
11 71 14 44 100 46 27 52 38 3 6 77
13 50 80 38 28 10 33 77 7 88 48 75 96 17
8 40 45 56 20 38 9 12 63
13 16 43 70 12 2 62 95 44 78 51 25 40 71
14 6 47 23 39 41 69 90 3 82 37 99 58 4 35
11 75 41 2 51 5 90 48 69 10 52 8
10 54 74 17 84 34 14 95 12 73 5
8 18 77 21 24 67 56 65 83
11 29 95 70 57 36 38 100 10 26 55 8
13 3 10 86 78 7 77 69 38 45 62 41 53 54
10 56 45 54 92 32 85 76 78 28 23
9 27 49 94 21 96 43 44 36 97
11 99 18 57 94 75 20 92 16 35 63 17
8 74 14 27 46 34 36 100 95
14 70 71 3 100 44 26 91 55 18 6 13 79 63 72
11 40 97 27 18 81 72 22 4 86 55 24
9 3 33 42 79 30 80 93 54 57
11 88 5 1 22 2 58 16 62 78 57 21
14 74 60 95 92 87 56 78 19 6 85 64 33 10 52
9 70 96 53 93 59 99 22 26 90
12 54 75 59 53 1 27 92 51 12 33 30 93
11 3 43 66 5 86 19 31 64 10 82 93
11 96 49 53 9 68 89 35 51 15 81 33
13 4 40 70 93 57 82 23 9 3 16 63 2 73
10 83 51 60 79 73 36 2 100 62 86
10 99 73 9 62 81 55 85 52 33 84
8 19 97 74 72 91 14 84 71
15 16 99 74 13 96 34 76 3 98 66 2 8 12 97 33
10 58 71 96 23 74 30 70 60 66 22
12 34 3 38 61 54 68 70 29 8 59 1 67
9 22 62 98 27 14 15 33 41 47
11 52 78 26 96 76 27 23 44 62 36 42
15 10 78 34 75 36 42 60 44 65 17 8 95 7 3 87
15 81 45 71 7 24 67 5 17 92 27 75 22 21 15 73
10 99 55 52 72 67 74 41 57 63 38
10 41 42 61 70 15 94 71 50 76 52
13 1 14 97 45 41 2 76 30 81 19 83 50 79
9 56 48 79 75 36 59 24 9 69
13 36 84 7 90 11 15 26 3 64 56 51 34 80
14 46 66 67 41 72 36 88 42 92 23 38 53 65 68
11 39 45 73 8 57 63 35 46 25 99 72
13 42 28 36 61 17 87 5 41 13 22 50 12 100
13 39 45 79 97 94 17 27 75 66 99 51 4 40
10 19 34 42 69 25 46 80 31 23 33
10 74 49 51 12 76 83 52 21 16 42
12 6 3 49 10 47 33 52 58 89 96 25 72
9 86 11 70 53 32 100 27 72 77
9 99 48 10 98 87 1 19 75 83
10 21 71 27 52 89 3 80 38 78 93
8 89 49 26 82 32 91 87 10
8 90 38 68 51 61 86 95 56
13 47 61 28 27 94 97 11 52 6 20 50 53 3
15 43 82 78 5 75 85 100 41 52 28 40 70 46 22 34
8 49 31 4 21 83 43 44 1
8 26 25 15 85 73 80 2 72
11 92 47 85 59 87 53 49 31 26 20 30
15 21 82 7 20 41 93 29 81 32 45 44 9 46 10 88
11 54 95 1 53 38 85 48 83 56 8 6
11 16 47 10 1 60 88 27 51 53 50 62
8 85 11 31 87 70 12 1 76
14 69 5 6 72 17 97 22 45 47 31 3 81 60 13
12 35 76 21 45 34 46 31 62 8 69 1 18
15 73 61 71 54 14 75 100 77 24 5 1 97 39 12 10
8 68 71 10 85 79 53 98 99
15 75 15 71 63 88 67 43 73 47 22 7 56 23 90 64
13 6 34 94 57 43 39 91 50 9 61 85 63 31
10 74 67 77 46 86 95 93 72 7 35
8 12 63 41 56 94 9 39 25
11 35 85 32 9 14 59 1 10 37 66 81
13 73 68 90 15 10 83 53 82 59 65 33 23 91
11 13 24 89 16 8 35 84 14 53 49 48
12 41 6 82 7 21 55 31 20 67 56 84 69
15 70 12 37 9 5 32 29 4 76 75 38 41 100 68 45
10 46 29 72 66 80 64 79 37 54 3
13 76 58 100 23 1 83 13 17 90 86 25 44 67
12 72 57 24 45 75 37 39 89 79 90 91 58
12 79 59 3 4 46 6 72 38 93 83 21 26
12 64 47 18 50 83 1 89 56 93 11 68 29
8 42 49 25 22 37 13 90 76
12 68 83 24 58 1 22 28 95 88 96 55 86
11 92 77 69 56 76 36 48 90 15 80 65
15 87 99 95 44 43 23 91 55 92 57 15 72 19 13 77
14 82 88 98 13 86 15 78 83 62 56 91 17 87 55
14 8 40 58 71 9 18 45 85 21 24 90 48 42 35
9 88 17 93 2 50 60 95 72 77
11 86 37 60 69 63 39 53 85 42 50 93
9 60 32 50 68 51 7 77 81 78
10 67 79 28 40 68 62 95 4 51 81
15 65 32 71 75 50 90 51 54 45 15 22 95 77 85 53
14 69 98 20 72 97 18 45 88 6 77 100 23 42 96
11 42 65 6 3 85 45 20 69 28 26 43
12 89 35 14 83 53 24 59 80 15 72 34 54
15 53 85 13 91 99 95 61 40 56 64 32 2 82 11 100
9 51 36 59 21 97 92 25 34 37
9 11 17 80 64 98 23 74 30 90
10 53 34 42 72 48 45 30 37 43 10
9 77 98 27 97 46 7 53 92 21
8 56 14 29 98 38 47 44 46
10 72 26 37 30 89 73 42 21 85 8
10 27 5 85 75 100 72 82 47 83 42
15 52 64 13 11 17 22 91 47 30 66 92 35 25 12 72
13 66 65 51 25 44 14 45 12 73 64 41 61 33
11 90 85 52 1 55 3 72 14 97 30 51
10 33 94 92 20 86 68 29 74 84 64
11 27 18 99 31 55 67 23 98 72 5 34
14 27 59 64 39 19 7 94 84 80 12 46 30 49 21
8 47 54 72 56 98 44 83 4
8 49 57 10 4 3 92 27 74
8 34 39 8 95 42 88 85 20
15 14 31 88 83 29 10 89 23 85 27 13 95 38 3 45
8 44 34 32 14 76 99 8 49
12 43 25 22 89 74 96 94 86 92 69 35 81
13 40 18 55 32 56 91 42 15 88 34 58 53 4
13 66 62 17 67 42 54 15 26 68 99 65 46 61
15 44 16 85 71 95 2 27 54 29 78 57 76 100 17 69
15 63 46 64 71 15 87 28 83 97 2 55 17 76 60 9
15 28 8 15 78 1 14 49 98 43 67 30 32 86 97 87
14 8 29 34 69 91 24 41 47 88 26 1 2 100 66
11 93 14 62 19 86 23 52 80 22 56 47
14 73 33 72 9 18 15 26 30 11 32 99 61 80 98
9 19 63 94 45 35 91 25 53 54
8 44 50 3 18 58 80 1 7
8 65 5 14 81 4 71 72 32
11 36 95 11 58 84 34 90 91 47 65 45
12 50 80 76 45 100 32 57 86 73 78 72 43
9 63 47 12 53 67 6 28 58 81
14 82 34 91 47 43 92 1 4 75 54 20 48 16 56
15 41 29 31 63 88 53 77 94 21 48 27 83 62 55 70
9 79 98 51 5 80 81 4 93 61
12 10 8 41 96 82 99 92 58 79 86 43 80
10 98 11 74 96 73 37 14 94 86 5
9 8 17 33 87 43 46 70 40 20
11 78 50 61 92 97 16 51 41 99 95 80
13 19 84 67 85 53 94 49 70 54 17 90 92 39
12 83 6 33 57 62 17 50 93 91 66 69 36
8 52 78 97 85 62 89 53 83
10 10 66 78 20 62 27 96 91 54 63
11 9 80 99 43 76 74 68 69 88 100 56
14 95 70 18 60 2 59 33 67 1 89 29 35 100 64
10 16 88 30 45 54 99 70 26 49 21
8 81 10 63 12 86 64 76 85
15 74 64 21 82 11 39 59 51 34 33 65 16 6 30 71
10 39 2 81 75 57 20 87 85 76 7
8 47 54 11 37 56 62 14 99
11 83 56 12 38 16 27 15 3 26 73 87
13 18 47 17 94 35 21 31 39 65 98 59 5 32
10 29 71 78 4 98 18 34 75 96 70
15 55 4 75 15 70 16 1 40 42 65 68 78 26 54 31
9 46 94 47 88 26 41 100 55 64
9 98 93 78 83 100 96 40 23 24
12 22 95 23 45 5 2 26 46 78 76 34 74
15 14 46 88 80 32 72 56 81 89 61 28 63 97 90 21
12 43 85 23 28 94 95 73 70 96 5 86 41
15 72 17 91 42 95 78 38 5 39 70 61 11 63 75 56
12 40 35 95 17 46 43 68 97 69 65 18 48
8 63 32 60 67 8 45 1 9
11 79 54 14 16 2 88 96 13 84 93 18
8 65 70 83 22 32 5 23 72
9 10 75 40 76 8 81 44 45 7
11 69 96 51 2 55 62 5 3 100 89 64
13 38 43 90 18 49 67 4 13 20 21 100 97 57
15 52 76 14 77 58 93 100 73 39 89 30 38 55 54 92
10 45 55 48 93 64 56 98 42 81 29
8 85 30 77 22 24 4 69 25
11 36 61 76 39 86 2 18 80 97 96 60
8 44 6 32 30 37 60 81 43
8 36 69 50 1 39 70 84 6
15 30 58 3 82 86 31 62 70 57 55 53 7 15 32 14
11 95 73 1 100 54 56 48 46 44 57 65
9 32 52 11 1 19 13 94 62 16
8 98 30 5 79 72 22 99 80
9 88 8 76 50 10 60 21 17 63
10 50 96 67 11 20 68 7 77 88 3
11 50 80 25 15 42 30 44 49 68 96 55
14 70 94 93 22 8 25 78 15 9 36 7 11 64 71
8 3 54 94 86 92 36 29 71
13 42 13 56 28 20 32 82 24 99 25 73 74 94
11 45 48 93 6 5 67 44 63 85 21 68
11 49 11 35 14 17 25 3 26 56 88 12
9 14 18 17 21 75 38 86 6 55
14 79 67 59 47 14 33 50 34 61 96 68 30 20 8
9 9 1 32 30 95 77 38 88 73
15 35 97 15 77 10 87 30 52 32 56 79 94 29 8 88
9 30 95 71 13 18 7 44 41 55
8 7 96 71 12 48 52 62 17
10 58 42 71 35 48 98 56 11 86 83
15 77 54 22 19 94 72 81 2 60 8 51 59 87 75 31
11 95 97 72 10 1 23 4 35 61 19 9
13 35 3 32 93 88 40 66 36 46 45 9 85 51
11 79 75 19 86 60 3 39 48 62 27 63
8 23 12 2 43 80 53 54 5
10 90 51 12 73 53 48 11 14 99 91
10 68 52 100 35 2 60 94 73 10 59
10 8 48 37 88 41 78 11 46 27 23
9 79 85 52 67 24 14 7 93 59
8 98 49 68 100 75 47 26 23
10 42 89 16 100 20 39 76 4 72 8
14 62 65 17 100 44 39 45 74 38 82 50 54 84 72
15 29 83 84 44 62 45 47 18 81 3 64 86 20 88 82
13 7 62 26 5 46 91 69 71 17 87 44 68 72
8 16 100 90 7 25 37 93 92
9 99 56 28 69 11 79 54 75 68
11 11 28 2 12 35 26 39 69 96 32 36
11 83 84 46 58 54 80 1 53 39 79 27
10 2 45 44 36 48 19 52 65 29 64
8 81 65 1 84 67 33 18 73
8 37 93 84 67 60 46 14 75
13 86 74 31 96 78 87 13 60 76 90 4 80 91
8 82 57 34 12 87 64 47 8
13 81 57 21 13 25 73 82 5 85 95 48 33 44
12 53 20 82 4 63 12 78 80 69 32 59 61
9 23 27 31 86 80 44 92 94 46
15 59 43 46 99 4 82 42 48 41 54 17 70 96 73 44
14 4 67 36 20 53 47 10 19 89 69 3 91 62 71
10 89 45 36 52 94 67 57 54 50 62
11 64 32 95 2 72 53 28 73 76 3 90
13 61 53 1 33 60 2 20 87 40 68 46 26 12
11 5 38 62 24 10 30 59 7 34 1 17
11 93 23 32 95 69 52 36 7 65 29 35
12 68 22 36 85 18 28 42 87 73 69 49 65
15 39 2 70 47 30 89 85 32 5 95 14 55 3 90 1
12 11 40 5 29 90 62 31 85 66 46 10 32
13 12 75 4 46 37 41 98 99 45 79 65 72 32
12 31 54 67 72 95 47 10 49 21 44 75 23
12 36 63 5 100 83 82 41 92 56 66 76 42
12 14 85 97 45 13 42 51 55 25 36 31 44
12 31 98 63 7 37 15 33 3 59 9 66 85
10 5 65 30 79 52 17 43 12 14 73
13 65 8 55 10 92 5 26 70 53 44 93 24 58
8 53 70 17 33 11 79 56 87
8 32 28 77 65 72 38 44 74
9 73 27 48 69 40 59 32 85 43
12 4 23 88 73 19 98 66 44 56 34 71 54
12 25 22 53 82 31 16 51 21 19 79 49 47
10 3 32 47 80 77 27 9 36 97 4
13 67 98 29 93 11 85 50 36 83 15 5 78 84
13 70 22 10 97 87 6 69 74 61 35 55 88 41
13 96 49 26 30 73 72 67 40 3 47 27 7 14
11 60 39 10 38 64 73 61 44 45 89 19
9 2 67 61 46 53 33 3 69 7
14 71 21 2 99 23 32 3 7 26 28 17 52 74 54
14 80 13 97 8 53 88 45 91 14 83 47 50 84 68
11 63 37 25 3 61 97 91 5 16 1 51
10 53 21 16 78 8 37 83 97 90 74
15 13 36 30 75 77 61 81 57 47 78 8 14 71 58 6
9 2 34 15 63 59 43 10 90 100
10 87 12 57 41 94 62 17 50 91 99
13 61 71 29 95 63 92 28 66 20 34 91 18 83
13 40 31 60 99 15 73 74 78 1 21 39 27 59
11 15 8 34 48 63 52 89 14 65 16 18
10 72 32 67 74 28 35 77 22 25 48
14 84 16 89 35 45 68 62 95 88 42 60 52 40 59
12 72 30 2 99 32 75 16 11 18 22 88 87
13 74 76 56 64 27 66 40 29 79 75 37 28 35
14 59 95 74 30 63 49 62 76 52 78 96 23 38 33
8 5 63 59 52 10 61 70 39
11 13 90 79 36 22 2 1 89 97 57 15
9 96 71 86 59 65 63 26 60 14
11 32 55 79 71 8 47 83 36 11 90 63
12 50 87 96 69 80 30 94 10 31 88 71 55
11 59 43 24 99 85 76 54 65 100 36 74
10 45 93 52 98 44 89 57 32 55 73
11 87 64 28 50 68 39 44 34 25 74 5
11 60 18 84 90 85 5 20 54 66 98 67
9 33 31 28 99 80 36 78 24 20
12 94 42 21 100 69 51 18 32 13 84 39 74
15 37 45 81 21 24 40 19 97 55 20 18 33 43 60 1
15 35 25 88 66 34 91 55 60 93 38 98 10 44 4 30
9 53 95 50 23 82 71 44 62 72
14 45 38 39 27 51 35 77 15 34 66 88 17 89 41
13 77 98 65 52 22 41 97 45 80 82 74 81 62
13 29 22 5 85 57 58 75 55 63 91 11 53 71
11 48 93 80 73 5 21 40 60 70 11 44
13 79 24 39 3 88 19 8 58 97 72 82 31 52
14 68 85 54 63 39 37 44 75 2 41 76 81 22 57
9 71 50 1 26 3 89 63 73 75
13 7 26 31 66 35 2 59 93 67 10 60 25 83
14 15 83 85 59 17 44 90 12 66 76 51 11 55 62
14 70 37 25 87 15 61 98 31 8 10 24 2 49 100
11 27 84 2 6 55 29 13 24 22 60 11
10 78 54 39 19 68 82 51 30 96 69
13 12 15 22 38 35 60 95 41 72 8 98 100 58
12 25 83 98 4 75 56 65 78 80 95 77 5
12 5 42 85 57 67 32 100 30 61 28 6 91
10 85 15 6 22 73 41 10 97 46 7
13 97 51 66 23 84 99 93 94 98 92 90 56 2
11 15 60 76 2 23 22 3 32 1 88 21
15 52 94 71 1 90 64 9 97 66 59 89 38 7 39 11
11 13 56 45 48 37 98 85 31 26 81 50
9 79 100 63 58 76 77 9 86 37
9 65 59 43 55 58 31 77 36 47
14 77 55 24 73 66 99 54 22 72 70 61 49 2 74
8 96 66 23 69 74 30 3 59
14 37 96 32 10 43 16 28 47 50 5 1 64 33 4
8 19 49 54 16 52 12 25 84
15 36 89 29 67 74 80 57 23 86 4 95 73 100 49 19
14 57 99 89 41 40 60 93 80 14 28 86 27 90 71
12 68 39 95 74 45 12 83 18 54 41 24 50
8 24 73 45 30 83 87 7 93
8 4 50 87 36 91 97 99 32
11 59 11 98 22 60 83 37 86 19 38 17
15 71 49 48 74 95 30 11 52 20 27 9 81 21 35 61
14 44 82 69 94 2 28 38 35 91 68 27 40 12 41
10 1 6 88 56 65 97 24 33 99 8
12 26 57 53 88 47 6 94 12 7 3 45 41
15 12 60 51 42 14 64 35 28 61 32 81 43 94 47 53
8 27 16 5 43 35 1 26 34
15 57 50 99 56 8 83 89 23 20 42 88 22 6 9 70
15 46 77 63 76 37 17 21 39 33 49 36 29 92 5 11
12 93 4 84 35 45 37 76 53 70 33 58 49
8 28 44 58 23 53 73 34 77
14 77 51 63 12 55 79 20 9 38 35 6 41 62 89
13 49 59 50 33 26 98 17 1 99 10 12 85 47
9 54 16 13 83 30 94 48 76 31
15 43 21 36 45 13 53 97 86 31 34 76 7 52 82 72
12 72 64 19 2 56 75 68 91 1 57 99 51
13 84 18 53 92 83 20 39 2 4 3 99 21 49
8 84 36 100 44 41 4 27 83
14 32 79 62 13 53 68 78 46 44 20 81 91 90 7
9 58 57 32 5 78 74 23 29 84
12 52 59 2 100 50 83 54 14 96 46 3 48
8 84 73 5 2 9 99 13 18
12 78 22 56 90 92 12 84 87 47 74 57 41
10 60 50 73 14 91 77 45 21 93 86
14 88 30 63 50 40 49 61 90 21 35 86 89 43 29
12 64 84 62 94 31 55 82 27 24 51 9 34
11 42 11 73 55 41 78 32 4 67 52 28
14 1 90 2 7 69 19 96 63 100 89 78 30 6 31
8 12 35 76 74 60 57 27 10
9 87 1 92 53 79 48 45 96 66
10 42 58 60 68 50 26 30 55 34 64
11 85 83 58 5 97 38 75 35 56 25 65
15 41 77 49 98 23 10 7 70 30 28 86 65 32 39 16
12 85 38 86 63 5 73 39 60 70 40 91 35
14 22 96 70 2 72 61 20 50 1 49 33 63 92 81
10 17 47 31 34 38 82 18 93 76 88
8 12 7 31 21 57 33 42 11
13 87 19 18 9 23 89 61 52 22 11 25 60 45
14 24 38 9 46 39 67 30 50 66 1 62 54 11 95
13 26 11 39 69 7 76 21 45 22 55 47 51 86
9 3 24 28 65 13 74 94 30 4
15 37 74 97 7 80 88 90 41 66 21 5 38 43 60 14
15 31 65 50 99 89 61 6 48 87 2 59 70 82 80 94
8 36 4 94 16 19 14 99 11
13 66 61 5 32 24 88 57 20 3 25 62 28 11
10 80 61 13 53 65 29 84 35 62 70
12 78 96 86 31 52 2 16 55 37 1 70 42
10 25 5 97 77 1 94 85 20 31 93
10 45 38 8 31 1 97 91 17 50 88
15 90 39 72 75 77 97 67 63 11 94 27 71 46 33 28
8 20 46 75 56 43 29 26 92
10 30 67 39 20 27 93 17 69 81 42
12 67 94 59 68 33 10 49 74 14 41 97 5
15 74 49 20 73 71 37 46 17 47 87 100 67 55 44 92
12 86 5 19 34 47 36 100 62 24 48 90 65
10 72 18 81 32 84 65 49 63 44 100
9 82 11 71 18 79 74 67 93 4
10 12 25 21 43 45 84 40 61 88 2
9 96 41 38 19 93 14 79 18 70
11 44 26 87 60 75 65 34 93 69 35 78
14 64 74 32 70 94 29 6 50 71 44 79 47 34 55
11 32 62 47 11 33 52 72 98 45 71 30
11 36 13 53 4 83 62 46 82 51 95 19
13 24 17 37 28 47 82 100 30 4 5 85 69 11
10 95 68 1 33 16 28 79 87 36 90
9 32 71 43 27 24 55 2 73 63
10 62 20 65 14 26 33 54 3 89 35
14 39 3 19 31 72 92 20 42 93 84 37 35 55 97
14 46 100 40 9 74 61 11 19 91 26 28 55 32 21
15 27 71 63 32 74 56 65 26 15 64 30 81 73 34 18
15 77 98 61 59 47 64 78 86 6 89 43 35 11 9 76
10 76 60 28 97 59 6 82 12 56 38
10 19 3 44 18 91 30 72 23 85 69
12 80 44 60 46 36 67 43 39 27 59 18 14
12 39 57 81 53 70 13 29 67 68 25 12 85
15 68 53 47 54 29 15 17 42 99 98 65 77 23 20 80
15 1 14 35 95 13 31 21 54 68 82 45 44 29 67 90
15 41 73 74 86 3 63 27 88 30 53 52 51 60 96 4
11 81 58 32 75 63 54 61 12 22 99 71
8 12 70 46 50 19 41 96 56
9 89 43 97 25 69 79 55 15 18
11 68 69 93 24 58 33 75 21 41 35 84
12 67 52 86 92 6 24 4 22 81 8 7 75
15 17 42 59 54 65 29 39 83 67 32 84 62 66 72 100
15 13 62 52 38 34 37 31 90 95 5 10 59 28 100 98
11 69 18 31 96 87 82 84 32 4 74 68
11 48 26 62 19 35 59 15 64 78 77 90
8 52 11 14 1 68 7 84 39
8 41 2 16 90 85 50 3 75
14 24 95 71 61 34 35 36 2 93 69 98 77 33 32
8 30 17 7 34 3 12 77 1
11 26 41 81 72 65 20 11 96 14 61 4
8 35 10 87 26 38 47 22 34
10 1 77 99 30 46 62 39 25 81 88
11 38 63 32 88 78 58 76 96 34 48 72
13 59 86 15 9 21 41 78 19 11 30 94 95 81
14 74 72 84 71 24 13 22 73 47 40 61 55 23 10
9 13 34 4 90 82 77 23 15 14
13 37 67 51 68 94 8 92 55 39 18 96 76 91
9 14 31 30 81 26 92 46 6 36
9 85 4 14 32 45 20 1 24 12
10 32 20 61 63 45 54 94 14 42 44
14 93 92 45 65 72 95 38 88 30 94 43 86 6 9
11 35 4 85 6 7 93 71 48 66 92 24
11 21 18 23 64 87 25 71 22 63 9 65
13 34 87 55 43 28 67 2 30 58 62 60 15 69
11 38 52 86 13 62 81 99 53 57 21 27
13 48 45 59 34 28 53 64 97 51 50 27 61 62
15 54 82 52 24 40 68 18 34 44 92 96 53 59 93 26
10 44 80 100 66 64 83 71 95 36 5
12 42 46 39 37 65 90 94 62 63 26 75 41
13 62 97 8 36 28 7 30 15 66 68 78 98 56
14 31 30 99 54 92 24 98 32 94 47 46 5 13 61
15 85 65 93 83 30 99 40 8 7 88 98 39 37 61 6
10 62 51 10 36 85 2 38 56 21 42
15 43 94 76 100 10 54 60 63 11 77 45 18 87 99 73
9 87 88 9 95 5 12 3 31 15
14 14 40 27 76 29 37 48 78 55 38 32 85 58 25
12 27 82 80 53 23 5 26 52 84 30 96 13
13 80 88 82 23 87 61 22 50 43 89 33 34 85
10 3 56 80 36 37 17 86 68 61 22
8 98 36 77 43 49 12 86 87
10 11 27 84 20 68 54 95 88 62 14
10 21 100 95 41 6 97 45 7 9 24
9 28 46 45 44 30 74 6 96 90
9 3 86 13 96 59 89 69 47 23
11 78 40 36 35 71 4 57 66 41 67 65
13 34 52 45 22 31 92 89 43 21 41 46 1 84
12 9 29 70 21 66 100 52 99 19 37 7 98
12 55 59 45 34 53 71 3 84 57 25 96 62
12 45 38 54 43 56 60 89 75 87 79 2 81
13 13 85 86 70 81 94 84 80 28 42 56 36 87
10 3 32 100 59 84 71 38 28 6 79
11 96 75 32 13 20 68 34 95 31 45 62
13 13 16 98 63 38 4 35 81 9 56 31 43 55
12 88 37 69 6 40 23 4 32 77 24 86 84
8 26 46 56 53 44 5 50 75
14 96 23 48 34 18 63 7 80 51 47 55 87 2 11
10 85 5 81 60 34 14 69 41 72 62
15 62 73 17 67 41 27 70 29 23 76 28 83 10 12 90
11 36 11 40 3 37 80 91 68 90 45 79
12 8 62 87 83 73 99 67 16 71 36 85 44
10 97 65 26 85 19 99 80 45 12 36
14 18 11 68 88 16 39 91 86 62 22 77 15 75 43
8 59 38 75 71 74 69 68 72
9 88 11 69 59 100 99 26 71 68
13 62 1 93 89 64 36 85 84 100 79 52 82 66
11 49 12 39 57 90 5 96 56 59 18 69
13 79 49 69 76 73 1 83 5 42 19 31 9 63
14 58 72 76 24 91 96 98 10 60 56 49 83 86 9
8 26 95 38 99 52 23 2 14
11 58 17 61 1 32 19 42 73 44 52 36
14 66 88 82 53 3 69 44 48 32 19 23 1 33 72
12 64 77 92 90 25 81 31 28 99 47 21 62
11 94 39 34 73 75 16 9 55 54 70 66
10 19 69 92 49 41 3 95 9 71 17
9 96 99 38 45 84 57 43 46 65
15 22 37 19 4 56 12 92 6 72 5 45 85 60 88 81
12 93 31 42 13 74 71 55 61 75 24 30 25
8 48 18 74 90 3 42 29 46
