800 50 5
10 7 41 36 35 42 33 38 39 26 31
10 2 24 10 12 41 40 38 25 44 35
10 6 27 10 26 42 25 38 17 37 23
10 6 34 48 43 30 19 45 23 22 18
10 2 50 20 18 24 43 41 33 14 49
10 4 44 27 30 10 45 40 18 50 19
10 7 50 14 33 18 8 12 9 29 36
10 7 34 39 25 18 35 32 8 49 21
10 7 37 20 11 45 16 41 22 39 44
10 1 36 17 42 33 16 12 25 46 23
10 3 43 44 42 29 26 12 18 15 34
10 5 29 32 33 45 31 24 8 44 13
10 3 15 18 47 42 48 43 34 12 49
10 7 24 41 32 49 38 27 13 34 25
10 4 33 38 30 24 16 42 12 35 26
10 5 34 44 25 36 47 13 19 8 24
10 2 48 21 40 44 41 8 29 50 15
10 6 50 29 39 26 30 17 28 27 18
10 1 17 18 32 48 10 39 30 28 25
10 4 42 11 34 43 25 16 10 40 35
10 2 27 19 32 38 24 50 42 10 34
10 3 35 13 36 27 50 8 42 12 9
10 2 15 32 11 18 25 36 50 16 47
10 1 9 46 35 41 22 25 31 11 43
10 2 30 26 28 24 48 32 41 45 39
10 5 22 34 36 50 33 39 14 35 37
10 4 14 48 36 23 44 32 9 34 24
10 2 42 28 26 13 44 41 20 38 19
10 3 13 12 37 20 18 49 15 25 30
10 7 20 11 9 35 41 33 17 48 15
10 7 29 32 36 34 12 11 38 41 20
10 5 10 9 39 46 16 49 18 40 36
10 7 24 32 14 15 30 44 8 10 22
10 6 47 37 20 18 22 9 40 29 41
10 1 49 23 31 39 9 35 50 19 36
10 5 40 20 29 36 37 16 32 19 49
10 1 15 24 44 45 19 31 18 43 12
10 3 34 27 39 15 47 30 24 32 21
10 6 40 47 26 34 19 9 48 15 49
10 5 49 46 20 8 45 24 43 37 26
10 6 37 9 49 41 30 20 47 17 39
10 3 37 40 19 25 10 31 23 24 22
10 7 18 21 12 48 25 50 8 24 19
10 1 25 19 33 42 43 36 40 32 37
10 1 49 48 15 37 13 19 26 43 44
10 1 13 44 14 42 12 45 47 48 18
10 5 13 31 45 19 10 14 37 21 28
10 3 20 31 23 30 40 48 50 34 24
10 2 49 43 47 18 26 25 24 13 14
10 1 49 41 43 8 20 37 9 11 39
10 3 48 47 49 20 32 22 8 23 10
10 7 34 27 17 47 26 15 28 16 44
10 1 26 23 38 39 40 35 20 48 11
10 2 42 37 19 46 15 24 30 38 22
10 4 19 35 15 37 9 18 34 28 39
10 2 40 15 28 24 26 9 36 29 50
10 3 39 15 40 32 21 47 36 46 50
10 3 22 9 26 28 19 18 40 33 42
10 5 21 23 43 50 8 30 33 37 31
10 1 27 39 18 41 9 16 33 45 31
10 7 17 22 31 41 15 50 26 38 37
10 2 33 18 11 40 49 26 19 47 17
10 4 41 9 10 38 43 50 39 23 15
10 2 34 11 17 42 44 40 38 21 13
10 4 48 33 38 50 9 22 40 27 18
10 4 50 20 35 24 9 29 16 37 32
10 6 20 17 46 44 21 22 34 50 13
10 3 45 34 42 48 40 18 22 32 30
10 3 41 29 23 40 48 49 31 39 8
10 7 15 27 26 37 40 48 9 18 41
10 5 28 27 44 49 29 19 48 21 35
10 1 27 16 21 23 45 11 29 30 37
10 7 13 16 30 24 39 9 44 45 31
10 5 48 39 24 36 31 18 8 45 34
10 1 17 26 15 22 34 25 46 20 28
10 6 27 14 10 39 43 20 40 38 32
10 3 13 12 45 19 24 31 36 42 23
10 1 50 16 26 36 29 19 20 24 12
10 2 47 39 28 18 25 26 29 48 11
10 6 38 22 10 24 40 30 34 43 45
10 1 15 21 14 11 23 37 19 26 9
10 5 45 16 25 38 50 11 36 47 41
10 1 21 16 28 10 17 49 22 45 33
10 3 30 40 18 20 31 42 34 48 24
10 1 21 36 23 48 25 43 18 10 27
10 5 26 22 20 47 38 13 18 44 29
10 5 13 21 40 44 41 8 28 30 38
10 7 20 36 17 16 37 43 45 49 41
10 2 15 20 32 28 14 43 46 38 8
10 2 22 18 38 34 50 32 16 45 10
10 7 32 50 38 19 28 43 12 31 45
10 1 28 50 29 42 32 15 48 21 14
10 5 22 19 21 26 42 8 18 47 27
10 7 44 34 46 50 15 31 24 11 45
10 4 19 14 47 42 16 43 38 18 22
10 7 45 31 37 28 26 12 18 24 29
10 5 50 31 10 42 8 46 49 14 16
10 2 23 37 36 44 13 11 42 49 31
10 1 9 17 19 40 11 26 21 43 10
10 4 21 24 8 29 10 37 47 50 28
10 7 28 38 16 50 10 15 30 49 40
10 5 31 25 46 8 24 14 22 48 38
10 1 8 44 15 28 32 30 42 48 17
10 4 48 43 26 37 35 11 45 40 44
10 4 39 23 16 14 20 12 33 17 45
10 3 38 19 48 12 31 40 15 18 24
10 4 13 26 40 49 33 10 19 48 21
10 4 42 40 27 14 17 31 29 21 44
10 2 45 19 18 24 41 39 40 34 30
10 2 18 33 35 42 31 23 47 9 11
10 4 8 29 45 25 34 9 18 44 33
10 5 23 49 20 17 35 29 43 41 8
10 5 28 36 9 35 19 47 40 45 24
10 3 20 48 41 34 30 14 28 18 37
10 3 27 40 9 13 31 41 46 43 47
10 6 10 48 9 26 33 12 42 21 43
10 6 36 20 42 32 48 17 14 31 46
10 2 46 43 16 12 35 8 42 31 48
10 5 14 34 15 13 50 19 42 43 38
10 5 23 19 33 16 32 15 31 27 13
10 6 14 24 47 9 34 13 41 20 49
10 7 13 31 39 28 35 50 15 26 20
10 6 50 38 9 37 12 10 32 26 20
10 7 43 19 46 13 26 42 14 41 36
10 7 44 37 15 40 12 32 36 46 22
10 3 35 40 41 26 8 50 10 47 44
10 3 22 31 43 14 25 13 12 36 18
10 7 29 12 43 45 26 47 46 8 19
10 3 36 15 34 47 42 37 45 22 9
10 7 49 12 19 25 40 34 48 15 21
10 1 15 36 46 49 20 21 42 48 33
10 3 9 15 33 32 46 35 20 23 12
10 4 22 50 29 24 40 38 8 16 9
10 1 13 45 34 16 18 8 41 10 50
10 4 11 43 17 24 34 25 19 15 42
10 5 33 18 30 40 9 17 38 44 36
10 1 35 41 50 21 22 48 27 12 46
10 6 48 39 19 18 32 45 8 29 20
10 2 47 46 12 20 27 21 44 16 41
10 1 10 11 46 39 30 42 28 24 29
10 1 26 21 18 24 20 15 28 32 49
10 7 40 22 38 14 48 17 37 26 33
10 5 38 34 26 15 30 23 18 31 24
10 2 13 24 43 39 8 47 26 36 19
10 4 27 48 46 32 36 49 17 43 24
10 6 31 20 42 41 13 22 27 45 43
10 3 15 12 39 19 48 49 9 31 13
10 4 33 24 11 19 21 35 46 23 45
10 1 25 20 22 8 49 41 14 18 33
10 5 12 19 30 23 47 45 32 11 31
10 7 39 40 50 44 8 24 25 19 10
10 7 17 13 24 11 46 30 26 44 8
10 4 20 30 39 16 46 25 12 28 44
10 2 37 23 8 40 33 42 27 14 17
10 2 16 41 42 50 31 43 36 48 26
10 4 24 15 31 45 41 34 50 19 26
10 7 22 24 48 12 20 28 41 43 40
10 4 48 40 35 47 41 28 26 10 30
10 2 45 15 25 20 14 42 11 26 23
10 2 14 20 39 28 12 38 19 46 40
10 2 34 36 45 13 20 41 18 49 44
10 6 11 16 50 26 13 38 17 34 21
10 4 12 16 18 47 27 37 43 32 40
10 7 30 35 48 45 25 10 27 15 50
10 6 8 22 47 41 32 49 10 17 29
10 1 39 11 46 12 42 13 28 38 33
10 1 21 30 22 14 10 39 20 37 29
10 3 37 47 19 41 16 45 8 36 46
10 5 48 27 47 43 30 24 32 42 31
10 4 29 28 41 47 22 8 49 33 23
10 5 37 31 15 25 18 20 13 35 27
10 2 21 12 14 41 30 15 23 8 32
10 4 10 9 48 25 39 27 16 34 24
10 4 28 9 33 10 47 19 16 48 32
10 1 20 29 14 31 30 42 9 37 19
10 2 40 36 19 45 49 26 18 9 11
10 1 13 27 39 30 40 28 22 36 43
10 7 30 35 37 9 13 50 40 17 12
10 3 46 12 32 25 16 34 39 50 21
10 7 19 14 39 49 11 47 36 16 32
10 6 34 21 44 18 33 26 43 27 17
10 5 45 42 44 11 37 35 8 34 40
10 4 32 31 34 18 13 28 39 37 14
10 6 37 19 43 25 8 33 29 38 44
10 6 31 48 28 24 16 50 39 13 29
10 6 48 31 23 26 30 36 21 9 42
10 2 46 37 23 47 13 15 14 40 8
10 5 44 9 18 48 19 39 45 8 30
10 6 13 15 32 11 40 41 30 26 27
10 6 43 9 47 14 49 44 39 17 35
10 7 23 49 27 8 16 12 20 29 50
10 4 20 33 23 22 29 19 17 40 16
10 3 27 28 40 15 17 20 29 26 14
10 5 31 48 27 46 37 36 21 11 42
10 7 21 26 39 49 44 14 15 12 48
10 2 26 17 25 37 44 50 24 13 43
10 4 34 19 28 11 36 31 14 10 50
10 6 28 45 16 23 13 39 15 25 40
10 4 36 31 18 9 32 20 34 28 27
10 5 44 16 36 24 20 40 23 45 9
10 6 29 9 36 23 27 17 13 46 11
10 6 39 37 25 24 29 26 8 23 42
10 3 48 10 40 9 35 47 12 14 39
10 1 36 20 49 34 46 39 10 14 37
10 4 34 36 38 20 31 10 29 33 24
10 3 30 49 16 14 33 38 47 39 12
10 6 15 14 16 43 44 47 42 13 28
10 4 35 38 25 9 37 8 22 15 17
10 6 21 32 16 37 39 12 10 14 31
10 1 41 32 27 44 45 12 25 24 10
10 3 34 33 29 48 38 25 23 45 31
10 6 44 22 20 21 25 26 49 42 14
10 1 14 46 50 21 35 39 40 10 20
10 6 26 42 36 12 28 18 8 41 20
10 1 26 46 37 47 43 8 28 25 13
10 6 40 50 11 12 22 20 48 39 24
10 2 37 48 39 29 36 31 47 34 20
10 7 9 18 38 43 11 34 8 36 27
10 2 16 14 12 43 15 40 10 27 21
10 3 34 15 9 35 45 28 47 50 36
10 6 22 43 32 9 14 27 24 11 35
10 3 35 27 13 47 46 19 17 20 25
10 6 15 9 23 34 39 28 8 19 20
10 7 41 26 17 27 44 25 47 49 33
10 6 21 50 48 33 23 40 9 38 18
10 3 48 47 43 12 41 10 27 37 20
10 7 23 32 29 36 17 46 9 35 20
10 5 15 29 37 44 8 19 28 27 20
10 4 25 41 42 8 19 49 32 11 29
10 2 43 37 34 50 38 11 27 17 19
10 7 37 29 49 32 20 8 28 35 48
10 7 44 25 12 49 43 31 11 17 18
10 6 39 16 33 45 11 25 38 30 14
10 6 8 23 22 29 9 43 15 14 50
10 1 27 23 43 30 9 36 8 47 24
10 1 27 37 50 23 9 34 25 16 35
10 1 14 39 10 42 11 28 20 16 22
10 7 46 48 44 12 34 29 41 15 37
10 7 42 16 47 28 35 32 39 8 46
10 1 27 20 31 18 50 48 46 35 32
10 5 16 50 40 46 33 25 28 15 29
10 6 41 36 47 13 44 10 42 16 40
10 4 24 12 42 16 39 10 49 23 26
10 6 30 17 26 37 39 31 38 23 21
10 7 44 41 13 8 17 18 10 21 40
10 6 32 8 19 49 23 15 30 18 9
10 3 36 18 35 32 19 24 33 14 43
10 2 32 35 33 20 38 12 44 18 29
10 3 33 19 16 40 46 11 24 12 32
10 7 15 42 22 34 27 20 10 32 49
10 7 38 32 49 9 39 46 44 31 35
10 7 43 24 11 10 30 28 16 45 32
10 6 48 17 8 26 46 11 31 12 27
10 6 14 24 29 35 11 26 47 30 43
10 1 37 34 20 48 38 18 24 32 28
10 3 22 23 37 40 24 20 30 26 43
10 5 10 46 27 13 21 28 22 38 47
10 6 30 43 34 33 24 42 16 50 28
10 4 38 17 40 33 18 29 50 19 44
10 2 38 48 20 16 40 27 28 13 15
10 4 15 27 35 40 13 38 10 43 33
10 1 45 37 38 27 15 43 35 48 10
10 2 17 40 39 15 49 44 25 24 45
10 2 24 17 9 13 22 10 48 11 47
10 3 17 26 16 39 36 42 37 14 48
10 7 45 10 28 50 43 21 29 39 8
10 5 39 25 46 28 30 19 31 16 38
10 5 38 8 42 44 27 40 37 9 33
10 5 12 15 23 40 13 22 10 42 14
10 6 11 8 13 43 14 18 20 12 22
10 7 27 43 25 29 44 13 21 36 46
10 4 10 23 13 44 32 19 17 27 43
10 7 23 10 28 25 26 18 33 49 29
10 5 44 28 23 30 24 8 11 29 33
10 5 31 40 44 32 28 25 38 11 41
10 2 44 40 49 20 10 31 36 18 9
10 6 9 28 25 24 45 47 31 40 34
10 2 31 17 24 36 22 40 20 9 39
10 5 36 47 18 14 12 50 44 20 35
10 7 50 41 36 24 49 44 9 33 35
10 6 17 19 24 34 33 22 27 9 30
10 7 10 11 42 14 36 15 33 34 29
10 6 38 25 35 15 20 28 19 36 17
10 6 48 41 38 12 26 44 23 22 11
10 5 26 24 25 32 28 8 45 27 11
10 7 46 21 11 40 28 49 9 37 29
10 5 25 50 41 32 22 40 27 17 46
10 1 28 20 25 26 44 10 16 17 8
10 1 39 16 33 37 27 38 19 23 31
10 1 16 45 10 14 42 37 44 50 19
10 5 39 49 50 26 9 44 18 48 14
10 4 10 20 41 32 31 34 49 15 12
10 1 17 38 33 43 24 30 26 8 28
10 1 19 8 37 26 12 50 25 20 30
10 4 39 9 11 49 18 21 12 38 20
10 7 15 11 39 47 19 41 44 33 20
10 4 43 16 14 11 15 22 38 50 30
10 6 28 24 38 9 37 50 11 34 22
10 2 23 37 16 32 34 50 24 39 11
10 7 10 45 41 12 43 31 28 9 18
10 3 44 36 30 28 39 22 26 24 13
10 3 27 26 38 13 10 47 35 39 9
10 1 33 40 41 17 29 10 26 48 9
10 5 33 48 37 38 10 22 49 15 25
10 6 47 20 29 23 42 41 49 34 8
10 1 20 27 22 40 21 9 24 37 14
10 6 23 22 37 8 25 43 26 46 11
10 7 33 39 18 42 12 31 44 36 45
10 4 28 42 30 16 29 27 39 11 43
10 5 9 41 27 24 43 22 23 21 10
10 3 30 13 12 44 31 19 27 33 26
10 1 29 22 31 9 20 19 25 48 17
10 4 32 38 22 35 11 45 9 49 47
10 1 12 44 9 47 27 34 35 16 38
10 5 16 21 23 34 9 35 39 11 18
10 5 22 37 33 45 38 32 8 40 30
10 6 33 38 32 15 35 9 18 19 17
10 2 22 12 44 43 38 50 11 10 42
10 7 49 50 38 10 48 39 35 9 15
10 3 28 36 11 41 49 48 44 22 9
10 3 21 33 44 18 35 48 27 38 15
10 5 45 31 10 17 11 46 22 28 18
10 7 9 16 46 49 50 37 23 24 28
10 1 33 16 46 25 36 28 37 29 44
10 1 14 46 47 24 39 19 26 15 27
10 3 19 40 23 49 48 44 37 34 13
10 1 17 11 26 35 23 32 39 24 31
10 7 44 25 42 23 28 39 46 41 17
10 3 50 11 34 30 41 21 47 44 9
10 2 39 16 21 44 40 23 37 12 20
10 5 33 37 47 34 14 19 36 12 43
10 4 8 28 36 20 45 40 42 50 34
10 6 11 18 33 16 37 39 50 20 44
10 1 29 34 33 40 22 44 9 30 36
10 7 22 21 45 14 18 42 27 32 43
10 4 43 14 45 37 15 29 50 25 13
10 5 26 8 40 45 27 46 38 44 13
10 7 44 23 43 37 17 38 49 18 40
10 2 11 20 47 33 34 16 12 15 9
10 3 34 32 41 46 11 35 8 31 25
10 4 29 31 46 35 25 39 36 43 10
10 4 26 25 28 34 29 32 36 17 23
10 5 46 22 40 34 28 45 17 19 16
10 1 27 17 23 14 37 21 33 36 15
10 5 13 15 40 34 12 22 41 39 50
10 3 47 49 22 46 26 45 37 33 9
10 5 19 48 21 40 33 36 38 25 46
10 7 19 9 25 37 22 30 42 18 36
10 1 44 34 39 29 37 28 35 46 26
10 5 27 17 38 32 15 10 31 24 12
10 1 24 15 48 46 25 34 49 37 18
10 7 23 40 48 25 11 32 21 36 29
10 4 33 19 36 44 41 10 40 30 23
10 3 41 34 45 22 30 14 36 27 24
10 1 40 12 29 22 47 49 26 24 10
10 6 13 18 26 38 36 19 22 10 32
10 7 35 18 13 46 17 48 41 43 10
10 5 41 9 42 44 25 8 15 33 12
10 4 36 20 48 8 39 14 22 21 49
10 5 12 37 44 50 30 20 26 34 40
10 6 45 33 26 35 8 9 12 50 10
10 7 23 39 18 8 13 27 42 29 40
10 2 12 49 10 25 19 50 17 39 41
10 5 11 46 20 40 14 37 21 23 24
10 7 31 10 23 9 22 26 42 33 35
10 5 49 35 28 31 34 36 9 37 43
10 1 19 44 43 16 48 49 30 36 50
10 5 44 27 24 47 19 49 33 11 15
10 4 21 43 39 30 14 9 45 41 48
10 7 41 43 18 35 42 50 39 31 30
10 5 16 23 29 43 19 34 39 42 35
10 3 45 22 19 16 40 20 12 47 25
10 7 41 22 40 36 39 14 8 35 25
10 2 33 34 20 49 8 41 17 22 18
10 3 49 29 9 11 47 17 14 21 40
10 7 50 37 25 26 27 28 16 40 18
10 4 19 17 46 31 29 22 21 20 36
10 6 24 21 26 39 23 34 36 46 37
10 3 9 32 41 38 19 43 14 44 42
10 5 45 11 39 25 19 44 14 37 47
10 2 44 11 27 16 13 49 45 9 47
10 3 18 46 30 32 11 27 16 8 19
10 2 26 42 45 39 14 46 38 36 30
10 3 36 29 41 26 44 31 22 27 20
10 2 37 18 21 33 34 13 24 29 26
10 6 25 23 32 38 29 46 9 36 34
10 1 14 47 23 46 36 30 38 21 20
10 7 41 24 13 40 23 8 29 49 45
10 6 34 50 8 28 37 9 27 31 44
10 3 50 19 22 34 10 40 47 26 24
10 1 45 29 18 38 36 11 35 44 9
10 5 39 45 15 8 10 37 27 20 9
10 1 27 13 32 15 29 16 50 49 35
10 1 8 36 14 46 27 18 13 28 22
10 2 30 8 21 48 45 31 46 27 12
10 2 41 48 26 36 9 22 17 16 32
10 1 45 42 47 16 48 17 22 19 20
10 1 25 40 20 42 41 22 18 37 48
10 1 13 47 43 42 41 9 24 48 33
10 5 28 36 13 29 14 15 25 26 33
10 2 35 12 29 46 47 10 30 11 20
10 6 14 22 39 42 40 10 11 21 15
10 6 14 42 38 33 10 35 36 15 47
10 1 9 18 20 26 23 43 8 27 16
10 3 12 11 37 26 33 23 38 40 27
10 7 8 29 37 17 48 11 10 24 35
10 5 30 16 41 22 28 37 14 27 12
10 7 22 33 27 13 19 48 43 49 10
10 2 21 19 48 39 25 50 8 23 26
10 4 20 50 22 10 31 49 33 32 23
10 1 44 13 41 50 23 48 21 30 47
10 1 31 49 17 27 40 16 38 28 18
10 5 37 36 43 11 8 17 48 26 18
10 4 35 28 31 27 12 18 49 41 44
10 7 37 43 29 50 40 11 15 22 25
10 5 38 10 19 28 42 37 24 17 31
10 3 33 29 31 25 15 41 20 34 19
10 5 44 13 16 26 41 23 8 21 17
10 1 36 12 27 33 30 13 45 44 28
10 7 43 21 16 23 25 29 45 40 14
10 5 31 23 39 40 41 25 18 22 34
10 7 46 15 36 27 25 22 21 34 45
10 3 42 8 44 23 25 11 19 47 43
10 7 50 42 34 44 11 35 36 47 20
10 6 12 45 9 20 17 21 19 50 14
10 1 33 14 11 15 49 19 8 26 12
10 6 50 20 22 28 26 47 11 33 18
10 7 43 9 45 24 37 27 17 44 35
10 6 14 44 38 29 36 13 23 32 37
10 1 47 49 30 24 9 31 29 11 26
10 1 44 26 18 24 12 29 35 36 21
10 1 16 34 48 14 44 27 41 10 28
10 3 24 50 41 40 42 38 21 39 29
10 4 49 18 17 27 31 41 33 45 37
10 2 44 33 24 20 11 18 21 35 15
10 7 9 17 31 10 22 18 48 20 25
10 5 11 14 44 19 18 26 30 43 41
10 1 18 23 8 46 25 10 48 47 31
10 3 30 33 37 21 13 11 18 46 26
10 4 40 21 20 43 8 31 16 28 18
10 6 33 36 26 15 22 9 29 39 25
10 2 46 31 24 25 50 40 41 30 26
10 1 37 41 25 36 13 40 15 45 30
10 1 10 40 28 15 18 32 16 21 35
10 6 26 16 35 23 44 21 17 45 10
10 5 22 44 43 29 34 46 37 38 31
10 1 20 27 8 45 43 48 22 9 30
10 5 10 50 40 19 37 26 46 43 14
10 3 31 12 28 40 46 9 20 23 39
10 2 31 50 16 27 11 18 24 39 35
10 4 41 31 17 19 44 28 39 33 26
10 5 13 29 45 9 11 28 32 19 42
10 6 28 15 31 27 46 44 18 21 48
10 1 21 40 35 30 50 13 47 22 19
10 7 50 29 35 18 23 45 34 11 39
10 5 15 46 18 16 13 30 36 49 43
10 4 50 16 12 40 19 49 44 27 33
10 5 15 46 32 39 12 29 28 18 30
10 7 9 46 32 10 49 14 28 43 36
10 1 30 15 21 50 35 17 25 47 27
10 3 11 19 31 44 14 35 39 12 32
10 7 19 10 47 36 50 35 11 42 33
10 7 12 49 37 15 25 31 45 26 38
10 4 22 33 9 23 37 14 45 18 39
10 3 40 35 23 45 33 17 44 12 10
10 2 36 12 11 49 37 41 45 20 48
10 3 26 23 20 38 44 49 9 30 8
10 1 26 27 20 33 10 16 29 46 13
10 6 20 11 41 16 44 48 43 34 27
10 3 21 19 41 43 45 16 23 11 18
10 5 13 47 22 32 37 14 12 38 20
10 2 49 27 12 36 39 10 22 40 9
10 6 10 24 11 37 13 22 40 42 45
10 4 46 8 16 27 24 23 20 44 41
10 4 33 44 29 26 41 43 45 20 18
10 6 33 27 17 34 15 19 41 36 31
10 4 35 49 40 43 27 8 16 29 30
10 3 39 40 18 45 12 25 36 49 14
10 2 35 8 36 21 28 11 33 44 49
10 4 35 8 36 41 44 24 46 16 13
10 19 24 30 17 15 12 50 25 35 9
10 41 19 35 27 42 38 39 10 25 49
10 18 32 11 29 31 15 30 40 50 38
10 14 23 37 31 16 29 9 25 13 36
10 42 46 38 24 50 41 35 34 9 37
10 22 32 18 29 26 10 33 16 14 23
10 8 47 42 14 21 34 20 50 15 35
10 28 24 37 21 26 25 47 42 50 34
10 22 29 48 21 11 14 38 36 26 32
10 47 9 14 42 11 43 26 48 33 13
10 16 11 42 38 19 18 27 39 50 37
10 25 11 46 50 19 34 27 29 15 49
10 48 38 26 9 34 50 29 16 31 12
10 27 8 12 36 25 39 31 33 29 10
10 11 14 19 20 49 31 33 40 22 47
10 17 8 22 37 24 49 25 20 13 23
10 12 25 13 8 49 16 23 39 9 45
10 15 44 34 46 14 35 18 41 47 10
10 17 33 26 45 32 18 15 27 35 22
10 14 44 22 21 47 45 35 32 48 38
10 18 13 12 21 10 9 39 24 8 32
10 10 29 23 9 21 34 30 14 50 13
10 21 46 40 36 12 22 41 8 13 30
10 36 17 16 27 24 48 11 25 35 30
10 49 10 39 45 13 47 14 12 41 31
10 16 19 18 20 28 46 11 42 21 17
10 41 30 38 50 22 44 11 17 21 36
10 9 35 12 23 36 34 19 43 32 8
10 15 27 12 21 47 29 9 45 19 36
10 32 37 33 14 19 34 26 25 47 23
10 23 32 28 45 50 11 8 30 12 37
10 10 9 48 11 33 44 47 29 45 21
10 32 26 38 24 30 35 22 28 46 9
10 28 9 49 35 34 19 21 32 12 29
10 50 39 14 10 15 12 43 9 8 19
10 28 35 21 11 48 29 37 8 13 12
10 31 11 14 21 23 44 46 40 25 17
10 50 33 29 13 22 36 15 10 8 41
10 12 36 41 49 10 13 31 28 37 33
10 19 9 25 31 10 8 15 35 30 22
10 14 27 12 45 13 28 11 19 25 16
10 29 25 35 19 32 44 8 30 22 9
10 27 13 32 26 40 29 10 28 9 49
10 14 11 26 40 45 47 17 25 32 42
10 29 34 40 19 24 16 50 21 27 8
10 14 22 19 9 36 12 32 49 10 41
10 18 31 32 35 22 40 47 16 10 34
10 29 13 28 31 10 38 25 9 16 27
10 28 21 27 33 23 45 20 38 14 26
10 17 24 20 23 18 25 10 8 41 47
10 31 9 14 49 33 22 23 11 27 30
10 15 27 11 36 44 17 28 30 37 29
10 43 10 21 18 29 27 14 40 12 44
10 8 17 38 46 31 30 14 47 18 49
10 11 24 16 22 12 44 35 42 50 17
10 28 32 36 20 46 43 50 17 13 15
10 37 13 50 35 25 24 27 16 30 23
10 33 32 39 36 15 23 18 21 13 16
10 30 50 22 45 31 40 39 10 43 38
10 25 19 38 10 45 37 9 33 44 27
10 34 50 23 29 11 44 15 35 17 46
10 47 21 19 12 31 32 9 44 20 46
10 47 34 10 18 26 15 28 12 19 33
10 48 50 46 12 42 41 37 19 10 13
10 35 18 22 39 30 27 20 17 36 34
10 12 14 40 17 19 29 37 16 31 13
10 40 12 31 17 9 27 26 50 24 29
10 34 24 44 47 50 13 36 17 23 31
10 37 16 21 47 46 13 35 32 49 36
10 17 28 39 25 8 9 23 10 45 40
10 33 31 32 30 37 21 43 49 45 39
10 10 9 49 46 26 16 11 45 44 8
10 44 13 22 35 40 21 32 42 48 37
10 23 24 27 42 13 44 30 49 41 38
10 42 24 26 40 18 35 8 50 21 11
10 29 43 49 32 40 22 13 17 47 11
10 15 35 14 33 50 32 16 31 43 17
10 37 22 47 13 28 8 48 9 18 38
10 36 26 33 14 47 43 44 21 16 11
10 12 40 17 29 42 37 45 34 19 21
10 37 23 31 35 33 21 44 40 42 32
10 45 8 35 49 22 31 48 13 32 19
10 17 32 28 36 8 44 43 37 45 19
10 14 9 15 42 34 43 49 27 24 38
10 27 8 38 10 15 19 34 49 12 22
10 50 37 45 13 48 11 22 8 20 44
10 48 27 34 19 40 10 11 37 15 44
10 34 8 42 22 43 48 35 33 38 41
10 31 47 8 46 26 22 11 34 16 49
10 10 24 11 21 30 39 36 49 38 43
10 37 25 21 12 8 50 26 9 16 32
10 17 35 12 25 22 27 10 44 24 30
10 15 18 34 24 23 48 49 45 10 16
10 50 25 46 37 38 13 23 20 18 35
10 19 18 32 12 46 28 13 36 16 49
10 49 11 29 46 14 36 26 35 42 38
10 17 42 32 33 20 28 19 48 23 22
10 19 48 8 45 20 40 36 22 25 16
10 47 10 28 40 44 14 46 30 45 12
10 41 40 24 11 34 15 46 49 28 39
10 16 50 33 28 8 11 23 9 32 46
10 12 44 21 15 47 8 9 34 41 45
10 17 50 32 12 41 40 15 8 13 38
10 50 47 22 20 8 11 30 34 24 41
10 21 38 25 15 12 47 44 49 10 50
10 46 39 37 13 18 38 22 11 44 36
10 19 30 41 24 36 34 48 27 12 11
10 23 12 16 45 29 21 30 22 13 15
10 10 11 40 49 27 34 25 28 46 41
10 28 41 24 29 10 16 27 47 20 48
10 27 10 42 9 22 36 18 46 33 40
10 14 33 39 9 24 44 16 46 13 21
10 23 45 50 16 46 9 31 10 38 43
10 19 26 31 34 49 30 8 14 35 23
10 35 29 18 16 28 14 15 13 27 49
10 25 18 32 34 14 49 42 39 40 45
10 28 20 8 19 27 14 37 10 36 21
10 50 11 22 10 25 20 34 32 13 15
10 44 16 21 30 14 40 18 49 28 46
10 33 46 38 50 15 18 17 23 22 14
10 36 10 37 29 19 28 25 17 23 21
10 11 29 46 14 13 19 20 48 32 40
10 49 33 21 23 13 24 39 26 38 50
10 16 19 36 49 33 44 41 34 24 39
10 14 19 13 18 16 33 11 45 44 8
10 19 20 31 8 34 41 11 30 18 10
10 34 42 24 49 30 27 41 28 10 13
10 25 33 36 30 14 20 49 47 8 39
10 41 42 23 24 28 49 22 9 16 11
10 25 28 9 29 42 34 10 44 38 26
10 30 31 25 12 10 49 26 11 48 13
10 28 31 16 19 9 32 8 11 30 43
10 16 37 13 11 38 9 34 10 25 15
10 36 38 31 46 30 17 50 12 29 23
10 36 40 16 38 12 42 25 35 8 50
10 14 44 12 29 16 35 38 40 28 32
10 9 18 24 45 33 49 38 35 36 26
10 11 50 15 8 18 12 32 34 28 49
10 26 39 36 25 45 13 18 47 46 44
10 9 39 44 35 38 8 15 17 26 48
10 31 17 35 34 29 9 25 48 42 33
10 26 37 20 12 30 24 40 31 35 33
10 17 21 31 16 10 12 23 30 15 36
10 46 36 32 35 12 44 20 8 48 10
10 45 17 19 46 15 49 40 10 27 16
10 40 18 27 47 23 42 17 10 36 44
10 27 24 33 19 39 50 26 9 18 15
10 29 16 48 27 21 12 9 17 25 39
10 15 29 37 26 17 25 41 8 34 32
10 24 21 15 43 45 29 42 26 16 44
10 14 48 22 23 38 37 50 10 21 31
10 42 47 45 35 44 30 15 12 29 22
10 8 9 33 13 28 46 39 49 23 20
10 49 30 17 24 40 26 12 27 36 11
10 19 16 23 32 40 31 47 30 28 22
10 25 17 30 48 8 27 24 31 16 46
10 13 17 48 14 9 29 21 27 24 32
10 26 8 17 44 43 33 48 24 21 46
10 22 8 20 44 45 34 19 10 37 31
10 30 8 40 29 35 33 25 17 18 42
10 34 21 32 39 33 37 49 27 26 18
10 41 36 28 38 30 44 49 47 25 43
10 50 30 44 41 36 15 39 31 26 28
10 35 16 39 12 13 46 11 47 28 29
10 42 20 32 36 21 29 44 41 22 48
10 18 23 47 39 11 40 26 10 25 14
10 19 48 39 24 42 18 10 13 26 47
10 45 15 34 23 39 25 40 35 28 37
10 29 26 15 18 48 28 9 13 34 8
10 19 37 30 18 8 34 27 35 45 50
10 41 26 13 45 38 12 23 42 17 20
10 20 23 50 21 42 16 15 36 27 8
10 41 21 50 22 26 28 15 43 37 48
10 23 20 27 22 32 14 45 46 9 38
10 35 24 10 43 46 14 18 15 48 31
10 26 37 10 28 9 15 30 39 44 46
10 38 18 48 23 11 30 32 24 42 16
10 44 9 37 47 17 33 40 48 36 25
10 46 9 47 13 40 49 32 29 50 36
10 13 18 43 25 46 14 45 50 33 29
10 28 13 38 43 29 9 20 21 34 17
10 30 16 25 23 33 29 10 27 38 12
10 37 9 30 43 25 45 33 21 29 48
10 23 46 45 43 13 27 21 22 37 15
10 17 21 28 9 20 22 42 33 35 45
10 42 36 29 46 34 38 30 32 44 31
10 9 37 8 11 48 40 28 18 24 32
10 19 40 11 27 31 22 14 48 35 36
10 19 11 28 20 22 44 29 47 38 46
10 22 25 34 48 46 41 28 20 11 33
10 19 31 8 20 47 26 25 22 35 9
10 39 38 36 24 42 33 27 18 8 12
10 28 11 44 39 38 35 17 34 16 32
10 23 42 31 24 28 10 25 32 44 36
10 17 14 10 27 13 9 49 28 18 20
10 31 34 10 13 30 36 47 17 15 27
10 33 34 17 27 36 50 29 35 28 32
10 23 15 20 37 31 24 46 42 41 47
10 43 20 39 29 47 11 15 41 18 9
10 35 16 17 47 30 28 46 39 36 40
10 21 36 46 30 38 23 9 31 32 14
10 9 39 32 33 14 38 30 46 31 12
10 35 32 27 48 12 39 19 17 10 24
10 28 16 33 9 22 21 36 49 17 38
10 23 44 34 39 35 13 43 26 45 32
10 20 44 33 12 27 26 31 13 11 37
10 10 15 27 39 28 9 13 46 42 18
10 21 46 20 32 15 22 41 36 49 30
10 36 37 21 14 13 50 8 46 49 18
10 17 18 27 25 26 12 9 28 11 46
10 48 43 23 19 45 10 33 22 42 39
10 41 19 43 27 14 9 39 40 26 16
10 14 18 26 16 29 19 41 50 48 43
10 16 36 39 30 25 18 21 26 12 45
10 37 49 23 38 30 25 16 40 33 17
10 25 36 28 33 24 43 37 27 44 26
10 49 33 32 20 42 47 11 50 15 14
10 29 38 48 23 42 33 36 32 50 11
10 37 44 33 45 42 35 29 19 27 26
10 34 18 15 13 47 33 42 35 25 44
10 15 43 45 35 32 42 40 47 48 21
10 20 39 23 43 37 21 15 35 32 18
10 33 34 16 25 11 42 40 27 23 44
10 23 27 47 33 9 22 28 30 48 38
10 43 35 16 32 20 42 22 28 50 49
10 26 15 31 10 21 12 34 44 35 36
10 16 25 8 29 18 41 11 33 48 37
10 42 19 31 11 48 32 34 22 12 20
10 37 50 21 28 46 16 20 19 18 29
10 18 43 33 12 16 34 22 27 47 20
10 8 25 21 29 26 13 28 31 11 27
10 44 26 39 30 20 36 10 31 13 8
10 19 26 40 15 39 35 42 28 36 9
10 35 31 40 39 37 50 41 10 11 42
10 20 22 24 28 14 39 42 25 9 33
10 14 29 35 27 9 42 17 15 25 45
10 25 27 9 24 49 17 26 20 45 41
10 14 36 20 9 22 11 45 12 15 25
10 17 45 10 44 50 27 31 29 9 33
10 9 25 29 11 39 36 42 23 22 20
10 38 22 19 49 46 24 37 11 16 30
10 40 14 31 20 28 50 10 44 21 17
10 38 8 41 24 36 37 42 28 44 39
10 33 15 38 32 27 29 19 9 37 17
10 8 48 34 44 29 16 23 41 25 22
10 24 18 30 20 47 22 16 42 12 35
10 33 46 50 24 43 26 14 47 8 17
10 29 30 36 9 45 23 44 13 25 19
10 34 31 18 20 47 38 33 12 9 45
10 49 30 44 13 24 15 8 50 14 29
10 19 9 18 11 33 32 27 22 24 40
10 50 40 42 29 14 17 27 31 19 34
10 34 42 14 47 17 9 49 23 10 12
10 37 16 30 19 11 22 48 50 24 25
10 46 29 33 23 21 15 48 19 45 24
10 41 8 34 31 43 15 45 36 27 38
10 8 31 36 50 49 48 9 46 19 33
10 46 28 27 9 48 32 35 49 31 21
10 35 31 14 49 15 24 18 36 33 43
10 30 22 39 11 31 24 8 21 23 12
10 19 34 21 36 14 16 38 11 39 12
10 30 26 50 32 27 16 11 39 25 46
10 19 41 27 39 10 25 30 14 38 9
10 10 23 24 19 13 46 20 8 30 18
10 31 46 41 36 27 26 44 38 29 12
10 15 14 18 16 24 42 32 17 31 27
10 12 45 9 44 40 26 16 48 41 34
10 20 28 41 14 46 15 39 23 22 37
10 15 40 18 42 26 12 35 13 21 22
10 24 25 15 9 31 43 14 10 41 34
10 11 36 49 41 14 17 23 44 22 28
10 36 15 24 34 40 32 48 19 39 23
10 21 37 44 9 16 46 19 8 39 15
10 32 46 37 50 33 30 21 15 49 23
10 12 50 14 49 8 27 17 45 37 11
10 17 11 46 25 22 32 40 44 36 26
10 44 30 14 15 10 42 45 48 27 12
10 18 23 21 17 44 8 29 38 41 26
10 21 24 43 15 26 22 33 38 44 23
10 33 39 24 37 8 41 46 31 40 35
10 31 24 20 39 47 13 16 36 49 15
10 33 32 39 18 12 34 37 35 19 45
10 12 40 41 42 24 23 33 28 50 17
10 41 8 31 42 21 40 44 45 33 20
10 28 46 33 48 10 27 19 8 38 40
10 26 43 8 27 50 28 32 22 34 21
10 23 12 50 9 34 18 21 29 11 47
10 43 29 50 35 27 21 18 19 17 26
10 21 10 27 29 26 32 20 49 41 23
10 35 14 46 19 25 20 45 26 12 18
10 8 11 49 39 48 30 14 19 25 40
10 29 10 35 39 40 45 27 12 26 14
10 48 47 8 15 38 46 18 11 32 16
10 30 34 39 18 14 45 27 15 12 47
10 18 30 35 32 44 39 31 8 41 45
10 36 8 19 49 50 18 22 47 42 34
10 25 41 40 20 16 38 30 15 11 13
10 17 48 27 41 34 32 39 10 8 46
10 12 30 18 28 11 36 48 19 32 8
10 18 10 44 32 48 16 42 17 43 39
10 46 19 10 11 17 15 48 14 21 49
10 44 10 45 16 29 24 41 33 43 37
10 35 28 42 44 29 16 30 24 26 10
10 15 42 28 33 18 11 36 30 32 41
10 45 23 26 35 31 25 24 11 12 27
10 40 31 41 38 46 8 20 49 47 30
10 9 10 29 21 39 35 12 42 19 47
10 35 9 49 34 43 28 44 33 25 47
10 43 18 45 20 28 11 48 27 46 31
10 24 33 26 37 44 9 45 15 36 19
10 10 43 47 45 19 12 39 24 50 35
10 37 26 16 43 45 8 11 40 19 41
10 43 27 35 46 32 21 13 29 16 24
10 19 29 28 37 26 40 41 14 43 13
10 9 24 33 27 17 43 26 39 14 10
10 42 19 28 12 50 36 21 40 31 35
10 50 15 22 46 14 40 25 30 26 23
10 34 19 28 24 43 36 22 32 21 27
10 20 39 25 10 23 13 22 17 18 19
10 27 25 28 30 26 35 11 33 48 38
