50 20 2
4 2 15 7 14
4 2 4 12 10
4 3 12 10 8
4 1 12 14 10
4 1 6 19 7
4 1 9 17 11
4 2 15 12 13
4 1 6 4 5
4 2 5 17 7
4 2 19 16 12
4 2 14 9 17
4 1 12 5 8
4 3 9 11 19
4 2 7 9 13
4 3 12 17 16
4 2 15 8 5
4 2 7 10 14
4 2 5 8 6
4 1 7 18 12
4 2 4 9 10
4 1 17 10 8
4 3 15 7 6
4 1 14 5 19
4 2 16 9 12
4 1 10 17 19
4 1 17 11 13
4 2 14 12 11
4 3 15 12 13
4 1 15 7 18
4 3 4 7 14
4 10 7 18 20
4 15 16 20 14
4 16 18 5 9
4 6 12 14 9
4 9 19 4 7
4 12 4 20 7
4 17 7 5 14
4 17 20 8 19
4 9 18 5 20
4 15 9 18 19
4 4 15 18 9
4 7 12 17 4
4 5 16 11 4
4 17 12 18 20
4 12 9 6 14
4 13 11 8 12
4 20 7 12 10
4 5 8 17 20
4 4 10 12 5
4 10 4 17 6
