1000 100 5
5 85 16 1 55 25
5 47 86 42 27 73
5 59 98 87 4 30
5 27 47 79 73 85
5 1 16 72 55 100
5 42 85 47 21 16
5 55 42 47 85 94
5 42 79 13 86 37
5 4 16 47 21 7
5 98 72 55 42 18
5 79 70 59 1 14
5 21 59 26 42 73
5 4 1 98 26 73
5 26 4 79 59 52
5 42 55 73 59 48
5 42 16 55 85 100
5 63 1 72 16 31
5 87 26 42 27 43
5 79 85 72 1 65
5 79 73 47 27 10
5 42 47 26 13 98
5 27 55 72 70 69
5 55 4 27 47 42
5 70 73 87 4 89
5 16 55 98 87 28
5 1 13 59 72 61
5 63 73 4 55 24
5 73 1 27 98 19
5 87 4 21 1 66
5 87 27 59 85 97
5 73 26 86 13 61
5 16 13 21 72 81
5 1 27 13 26 94
5 27 55 16 59 87
5 27 13 21 98 93
5 13 98 87 59 82
5 13 72 63 47 53
5 59 86 13 70 93
5 27 79 98 73 46
5 86 27 42 21 33
5 16 13 63 47 30
5 59 98 86 47 53
5 42 1 85 4 34
5 1 86 98 21 58
5 85 55 27 1 3
5 73 26 63 47 69
5 85 86 98 87 31
5 1 87 86 13 62
5 26 72 21 59 11
5 42 27 4 16 40
5 98 16 72 70 62
5 55 98 70 21 59
5 55 21 13 72 60
5 72 13 1 59 96
5 1 70 27 16 30
5 55 87 72 1 3
5 16 98 1 59 27
5 21 70 26 47 41
5 1 4 85 87 67
5 27 79 47 21 69
5 63 85 86 70 98
5 73 72 86 26 21
5 87 27 42 86 58
5 42 73 59 72 29
5 98 55 4 13 5
5 26 55 85 70 16
5 79 98 55 70 29
5 87 63 27 21 83
5 21 55 63 16 20
5 13 1 4 98 30
5 63 70 55 1 88
5 16 70 63 73 88
5 63 73 72 13 45
5 87 86 47 70 78
5 27 4 87 42 96
5 98 86 59 42 82
5 47 4 85 79 71
5 26 1 16 42 72
5 63 21 26 72 69
5 27 85 87 4 92
5 55 1 72 59 70
5 16 73 86 26 68
5 26 55 86 98 82
5 1 79 59 55 100
5 86 13 1 47 75
5 98 73 70 72 59
5 87 4 79 16 1
5 63 87 73 16 72
5 98 73 59 72 6
5 13 16 79 27 25
5 85 86 42 27 39
5 79 26 1 13 62
5 55 86 27 21 19
5 87 73 16 13 65
5 47 16 79 87 83
5 55 59 98 79 39
5 63 72 55 21 46
5 72 26 47 86 74
5 98 63 42 16 28
5 72 21 55 42 49
5 26 98 13 85 9
5 79 16 47 72 88
5 55 86 26 72 9
5 73 55 47 98 63
5 1 85 4 98 73
5 73 70 59 86 75
5 13 55 85 47 74
5 21 72 26 13 66
5 42 1 16 70 77
5 21 72 47 59 38
5 72 27 86 73 52
5 73 1 4 98 84
5 4 79 21 27 35
5 16 70 21 42 6
5 55 73 63 59 96
5 73 79 98 63 42
5 85 16 70 27 20
5 47 70 72 85 69
5 4 27 72 98 78
5 21 70 13 16 99
5 85 70 42 55 29
5 55 86 47 73 62
5 87 47 21 27 89
5 98 70 63 13 28
5 73 98 70 63 60
5 26 47 27 87 55
5 47 63 79 55 27
5 59 72 70 13 82
5 1 21 26 63 68
5 13 4 16 26 38
5 4 21 63 87 20
5 4 13 87 72 45
5 13 85 47 59 82
5 26 79 21 4 85
5 98 70 26 13 11
5 1 59 4 26 64
5 13 16 73 79 11
5 86 87 26 63 39
5 98 16 59 87 71
5 4 16 26 73 63
5 79 16 13 21 10
5 26 79 98 27 71
5 59 21 79 42 69
5 13 72 70 59 22
5 42 26 47 1 94
5 42 55 4 85 70
5 79 26 72 1 46
5 4 59 63 73 69
5 98 16 70 26 24
5 47 55 79 73 98
5 72 26 79 27 5
5 21 27 4 86 55
5 79 13 26 55 96
5 47 70 4 87 95
5 42 1 72 79 90
5 47 27 1 42 89
5 86 72 70 73 45
5 98 13 70 47 37
5 72 21 13 42 66
5 59 1 79 47 60
5 55 73 1 13 53
5 73 98 85 16 29
5 27 13 55 21 70
5 86 63 85 59 12
5 98 42 1 87 22
5 63 79 87 13 69
5 26 98 13 21 37
5 70 86 1 27 78
5 63 26 16 47 50
5 1 27 16 86 37
5 73 87 27 70 83
5 21 1 26 98 97
5 4 85 55 87 96
5 47 70 26 87 35
5 79 55 98 26 5
5 42 55 70 26 87
5 63 4 47 73 37
5 86 63 42 26 17
5 59 85 72 73 35
5 87 98 26 59 18
5 26 13 21 85 74
5 72 42 86 55 16
5 13 98 59 16 55
5 73 72 87 85 57
5 72 4 55 47 59
5 55 79 73 21 29
5 47 87 1 4 13
5 27 79 86 55 32
5 73 47 70 86 31
5 59 85 47 4 53
5 21 13 87 63 37
5 63 16 85 47 56
5 1 85 47 27 6
5 79 26 63 70 4
5 73 21 63 79 81
5 79 47 27 98 31
5 59 26 42 85 40
5 4 21 1 42 8
5 13 79 42 47 58
5 98 42 63 16 32
5 47 13 4 85 20
5 70 98 27 13 11
5 63 85 72 79 81
5 63 87 59 27 7
5 98 79 42 4 75
5 63 1 27 13 36
5 73 1 42 98 93
5 85 55 1 70 16
5 72 21 86 42 85
5 72 70 87 4 65
5 87 26 27 16 14
5 63 73 21 13 83
5 16 72 70 73 19
5 16 59 85 63 96
5 98 73 87 13 51
5 87 86 72 1 85
5 13 4 85 63 54
5 79 1 63 85 40
5 26 4 98 42 83
5 16 70 72 26 75
5 55 59 70 27 29
5 47 1 87 42 15
5 26 13 21 47 86
5 13 59 47 86 83
5 4 70 72 42 77
5 72 4 59 87 85
5 13 59 21 86 30
5 79 47 21 13 40
5 4 16 85 13 87
5 21 27 13 1 53
5 73 98 47 55 84
5 27 73 87 16 37
5 16 98 72 55 43
5 72 4 47 87 98
5 73 13 59 47 61
5 47 87 27 85 57
5 63 79 72 73 32
5 21 70 86 98 47
5 87 47 73 85 8
5 98 73 79 13 12
5 79 21 26 59 24
5 86 87 59 1 60
5 86 21 16 26 89
5 59 42 55 86 60
5 21 72 26 1 40
5 42 63 59 4 72
5 87 59 4 42 56
5 16 21 27 42 31
5 16 4 59 42 92
5 70 79 16 73 81
5 34 36 28 77 7
5 5 8 10 77 20
5 71 34 5 57 89
5 77 36 57 34 19
5 57 53 81 68 67
5 33 71 52 5 16
5 57 53 33 81 86
5 69 10 52 77 64
5 53 10 8 52 20
5 51 58 71 36 43
5 68 28 53 58 66
5 57 7 52 10 89
5 33 10 7 69 72
5 58 57 10 81 7
5 10 33 66 8 71
5 81 52 10 58 2
5 10 57 51 69 28
5 33 36 8 66 26
5 53 69 77 68 13
5 33 28 36 52 27
5 57 33 28 52 31
5 58 10 5 28 59
5 71 10 93 53 14
5 28 58 81 57 77
5 66 69 52 28 73
5 71 66 5 34 74
5 51 93 58 69 97
5 5 33 81 53 22
5 57 33 66 51 23
5 52 58 36 68 35
5 69 8 93 81 49
5 7 10 68 71 98
5 93 8 36 58 83
5 57 69 53 36 30
5 68 81 58 34 18
5 93 52 36 58 68
5 93 10 69 77 96
5 93 71 8 66 94
5 5 69 77 58 37
5 34 36 10 57 98
5 8 7 33 68 56
5 81 8 36 10 91
5 57 81 7 71 88
5 58 69 81 33 62
5 7 93 34 51 6
5 69 57 8 93 37
5 51 66 28 34 83
5 8 7 36 51 22
5 71 7 36 68 25
5 53 81 51 93 47
5 52 28 93 77 40
5 33 93 58 53 87
5 66 53 69 36 28
5 34 7 71 69 80
5 36 53 77 71 21
5 57 33 7 51 2
5 58 34 53 33 19
5 53 34 71 8 56
5 36 52 53 51 72
5 53 36 8 51 74
5 58 8 33 93 15
5 33 57 58 8 43
5 69 51 66 58 74
5 8 7 51 81 43
5 69 68 66 10 8
5 5 57 69 81 75
5 69 52 57 28 43
5 58 68 34 36 67
5 7 71 51 33 25
5 69 5 28 68 90
5 33 57 28 8 55
5 58 69 68 66 62
5 5 34 7 93 43
5 10 52 58 53 34
5 36 33 52 10 7
5 71 77 10 8 96
5 66 7 10 8 4
5 36 7 33 57 37
5 58 71 66 81 82
5 57 7 34 77 48
5 69 66 93 10 18
5 69 58 52 51 94
5 69 10 68 51 64
5 69 33 57 66 16
5 52 34 10 71 82
5 36 5 71 68 53
5 5 51 53 10 49
5 10 93 5 36 17
5 52 58 8 53 84
5 58 71 68 7 43
5 8 28 81 66 43
5 28 66 10 93 43
5 7 81 93 51 83
5 77 81 57 5 22
5 69 77 71 52 76
5 58 69 93 5 44
5 69 66 58 10 49
5 69 28 66 81 92
5 71 34 33 36 17
5 68 7 93 57 51
5 8 28 93 57 59
5 52 7 33 28 15
5 10 69 81 52 17
5 10 81 77 53 66
5 81 53 33 71 92
5 68 33 58 51 44
5 7 68 69 5 44
5 10 58 68 5 18
5 93 66 34 33 87
5 7 71 51 33 65
5 53 51 81 68 20
5 77 34 81 51 97
5 5 66 58 33 50
5 28 53 5 36 1
5 66 53 58 10 8
5 69 77 58 66 7
5 52 51 36 8 42
5 57 58 52 77 11
5 77 58 53 34 42
5 81 69 36 10 13
5 5 57 66 68 26
5 58 71 77 7 68
5 5 69 77 52 42
5 7 69 68 71 84
5 69 7 68 93 40
5 36 34 81 53 32
5 57 36 68 66 81
5 58 33 8 10 65
5 36 66 5 8 24
5 34 81 33 93 17
5 10 93 77 53 76
5 36 71 58 69 17
5 81 71 69 77 12
5 8 28 93 10 12
5 58 10 52 33 85
5 10 52 28 5 31
5 34 8 7 77 89
5 53 69 8 77 1
5 34 53 58 5 40
5 53 28 10 57 89
5 69 77 58 10 50
5 36 33 28 93 50
5 8 69 53 28 93
5 77 58 57 33 97
5 81 71 53 77 78
5 8 57 68 52 85
5 53 52 51 81 42
5 33 28 5 81 17
5 10 33 36 7 82
5 5 93 28 68 33
5 28 34 5 77 85
5 8 7 5 33 56
5 33 7 57 10 50
5 7 68 51 81 64
5 93 33 68 10 91
5 5 28 52 10 26
5 69 52 93 33 57
5 36 69 33 81 67
5 33 10 34 93 15
5 93 5 69 34 53
5 8 28 33 57 36
5 8 58 10 77 17
5 71 51 93 28 59
5 77 69 66 10 45
5 52 53 51 28 64
5 5 33 28 77 39
5 33 52 10 5 91
5 77 36 68 34 51
5 33 68 8 53 48
5 71 53 52 81 83
5 51 66 81 7 13
5 36 69 58 71 54
5 81 36 7 51 73
5 81 77 51 7 46
5 58 81 5 52 31
5 51 71 5 81 94
5 57 58 10 81 100
5 71 53 81 57 78
5 66 5 81 36 70
5 28 81 36 51 100
5 58 5 36 68 76
5 10 33 57 34 17
5 69 77 58 71 25
5 81 51 66 10 43
5 81 71 66 51 86
5 36 58 5 51 76
5 7 71 52 68 18
5 57 52 58 77 82
5 66 77 28 8 61
5 51 81 33 7 43
5 57 58 5 10 96
5 52 53 51 58 62
5 58 33 36 71 86
5 57 66 52 10 24
5 57 68 36 71 1
5 33 77 66 52 7
5 51 77 58 81 61
5 69 28 5 10 47
5 93 66 51 53 80
5 8 33 93 28 69
5 10 58 8 28 94
5 33 77 5 66 26
5 28 68 10 57 23
5 5 77 8 93 80
5 69 68 7 10 2
5 66 53 34 57 18
5 71 69 28 77 57
5 34 7 69 93 55
5 51 69 5 57 14
5 36 68 5 66 76
5 77 8 57 93 72
5 69 5 33 52 7
5 36 81 34 28 62
5 93 36 58 10 3
5 69 68 53 81 51
5 34 10 69 58 14
5 69 34 10 53 30
5 68 36 34 52 63
5 58 69 66 36 82
5 58 51 66 52 55
5 51 52 81 71 7
5 93 5 81 58 62
5 57 81 8 36 86
5 69 28 36 93 50
5 71 58 53 8 29
5 71 57 53 81 64
5 7 57 66 71 29
5 28 66 8 57 37
5 58 7 66 8 48
5 58 66 7 33 73
5 10 51 36 68 59
5 58 53 7 57 35
5 34 93 5 81 9
5 10 81 36 28 74
5 5 57 36 34 74
5 7 8 52 51 19
5 58 77 36 66 27
5 57 34 8 10 91
5 10 7 68 52 91
5 57 68 33 36 19
5 5 58 8 28 83
5 28 5 68 33 10
5 81 8 36 71 12
5 52 68 69 8 73
5 71 52 81 36 16
5 71 36 33 68 6
5 53 51 66 7 94
5 28 69 68 7 90
5 34 52 77 36 73
5 5 93 34 69 79
5 95 5 7 58 94
5 22 41 64 71 25
5 16 46 92 22 3
5 59 46 98 22 100
5 46 59 5 98 41
5 7 46 16 30 59
5 55 95 64 92 32
5 46 37 55 86 39
5 70 86 30 98 77
5 70 98 64 46 54
5 95 16 64 90 18
5 58 70 64 59 86
5 46 7 30 92 98
5 7 59 58 5 11
5 46 47 30 16 79
5 95 71 92 37 60
5 90 41 5 59 50
5 5 41 98 16 1
5 7 98 16 59 43
5 90 71 16 5 59
5 5 16 59 47 31
5 95 92 47 86 22
5 30 41 64 95 5
5 55 37 71 98 32
5 55 7 64 59 97
5 30 58 41 16 75
5 30 41 70 59 25
5 86 92 70 7 4
5 22 47 90 59 60
5 86 41 22 90 23
5 5 86 64 41 77
5 98 41 64 22 39
5 47 90 16 64 48
5 16 47 46 59 78
5 47 16 37 55 57
5 71 22 95 59 52
5 16 22 59 46 81
5 70 86 46 22 35
5 86 70 16 58 48
5 58 86 92 46 13
5 98 64 58 59 81
5 70 55 37 98 89
5 92 98 59 95 46
5 90 41 98 86 9
5 30 64 71 41 56
5 7 37 59 95 54
5 98 64 30 22 6
5 92 86 46 30 33
5 46 7 58 64 28
5 92 70 95 16 68
5 86 5 98 92 85
5 59 16 64 47 78
5 95 86 58 37 17
5 98 22 55 47 97
5 95 71 64 47 6
5 7 58 22 55 52
5 46 47 55 37 56
5 58 55 30 5 73
5 90 7 98 95 70
5 41 90 22 71 4
5 5 7 46 37 72
5 37 46 47 95 3
5 92 55 37 98 72
5 41 7 22 47 91
5 98 71 41 90 32
5 16 46 92 90 72
5 70 86 98 41 6
5 22 30 59 86 10
5 58 95 86 16 52
5 16 64 55 70 15
5 16 59 47 46 19
5 58 71 30 41 18
5 71 47 95 37 66
5 7 30 47 22 49
5 46 92 7 30 2
5 58 71 7 37 93
5 7 55 30 92 72
5 30 92 86 37 69
5 58 16 64 30 33
5 46 71 5 86 20
5 41 7 22 70 93
5 86 70 7 64 24
5 70 46 22 30 36
5 64 98 37 55 46
5 47 95 41 55 84
5 16 64 30 95 77
5 30 70 98 71 52
5 22 46 70 92 48
5 7 58 47 55 92
5 71 92 37 41 54
5 90 30 37 98 63
5 7 16 95 58 96
5 46 58 37 55 88
5 16 37 30 64 58
5 7 58 71 37 65
5 86 58 5 41 13
5 64 47 16 98 8
5 47 5 64 37 48
5 92 47 58 16 42
5 90 70 16 7 37
5 5 16 22 58 23
5 30 16 86 70 38
5 86 71 16 90 70
5 7 16 55 30 86
5 30 46 71 64 97
5 92 5 30 7 23
5 98 41 7 59 40
5 59 64 98 55 87
5 95 5 71 58 35
5 98 16 41 58 85
5 86 47 71 95 23
5 86 30 22 46 55
5 55 98 30 90 19
5 98 30 95 55 9
5 7 86 70 90 84
5 58 37 41 64 18
5 30 47 7 92 72
5 55 22 47 59 67
5 41 47 71 22 88
5 86 92 58 16 49
5 41 59 22 37 67
5 41 59 16 70 32
5 22 58 55 41 44
5 59 7 92 98 67
5 71 58 90 59 85
5 7 59 41 37 87
5 70 22 95 30 21
5 95 47 70 16 11
5 95 41 71 70 46
5 22 46 70 30 96
5 7 90 41 70 11
5 95 59 70 90 45
5 64 22 98 92 88
5 71 30 92 95 84
5 71 95 70 5 47
5 46 7 30 95 16
5 55 30 90 92 91
5 30 37 58 55 75
5 95 47 22 92 56
5 46 41 37 30 7
5 55 5 16 58 64
5 16 22 47 59 95
5 59 16 46 47 25
5 64 7 41 55 12
5 70 30 55 71 83
5 16 90 41 95 37
5 46 7 98 64 28
5 37 86 30 47 100
5 22 30 92 47 15
5 30 47 86 41 6
5 58 46 70 55 84
5 70 30 95 55 20
5 92 70 90 95 59
5 16 47 86 71 60
5 41 71 90 7 50
5 7 58 47 16 3
5 37 16 55 86 39
5 70 46 41 47 55
5 59 37 47 95 22
5 90 64 71 16 98
5 86 16 37 7 10
5 70 86 92 47 51
5 86 41 58 95 44
5 55 41 5 16 91
5 47 55 30 95 43
5 59 71 90 86 52
5 5 58 71 92 50
5 47 71 37 7 20
5 47 22 55 7 65
5 59 71 30 55 17
5 22 90 41 64 51
5 5 37 22 59 75
5 5 95 71 7 89
5 16 58 98 30 62
5 46 59 70 95 65
5 47 37 58 64 92
5 7 71 90 92 22
5 37 41 92 30 50
5 71 46 95 59 99
5 7 47 92 30 90
5 70 59 46 30 16
5 70 30 71 98 50
5 30 92 7 16 43
5 64 98 70 46 56
5 41 58 86 95 29
5 95 59 98 5 85
5 95 37 30 58 97
5 86 47 71 55 24
5 64 22 55 47 44
5 5 98 30 71 3
5 59 30 86 22 93
5 59 98 7 37 3
5 22 16 95 41 2
5 16 90 59 55 75
5 16 64 37 41 15
5 59 64 46 86 99
5 86 46 92 47 96
5 30 55 58 95 1
5 64 55 47 70 29
5 30 37 7 58 84
5 5 58 46 98 78
5 22 70 71 90 50
5 41 16 92 71 27
5 47 7 55 58 93
5 22 95 70 64 83
5 59 46 64 22 57
5 22 70 47 98 61
5 95 47 41 30 16
5 37 58 30 64 51
5 92 95 41 46 30
5 37 55 70 58 20
5 22 95 71 86 49
5 37 90 70 58 52
5 95 98 71 7 70
5 37 71 7 16 22
5 7 95 59 86 66
5 37 71 41 92 56
5 59 58 37 7 66
5 47 30 46 58 53
5 98 7 86 55 88
5 47 30 71 70 87
5 7 46 98 92 63
5 37 58 59 70 25
5 47 90 55 41 54
5 92 41 7 98 59
5 41 71 64 58 22
5 55 86 98 22 6
5 64 47 90 86 98
5 30 37 46 90 43
5 30 86 95 64 29
5 59 30 16 47 62
5 70 95 58 7 46
5 64 30 47 7 43
5 22 7 98 46 62
5 37 90 7 58 17
5 16 59 5 7 86
5 55 59 30 16 75
5 58 5 59 30 33
5 7 46 5 86 20
5 30 71 59 90 1
5 55 22 64 90 6
5 58 86 37 47 55
5 16 92 70 71 83
5 59 46 22 37 45
5 59 98 5 70 11
5 90 16 95 41 21
5 37 7 22 90 86
5 70 86 37 98 51
5 41 86 64 95 60
5 47 37 5 22 56
5 32 86 5 83 9
5 72 5 29 85 45
5 88 5 60 80 4
5 85 1 83 88 49
5 67 72 74 83 48
5 92 5 72 35 1
5 80 90 72 67 46
5 26 80 5 92 76
5 83 61 90 5 51
5 61 88 46 26 55
5 32 86 1 67 13
5 32 67 5 83 79
5 67 85 74 83 79
5 60 46 41 72 77
5 74 83 88 1 32
5 72 80 32 67 40
5 61 1 35 26 40
5 32 61 86 67 88
5 86 88 80 5 64
5 88 72 61 86 23
5 46 41 86 61 68
5 88 41 61 67 39
5 67 74 88 46 43
5 41 74 26 61 14
5 1 86 85 35 5
5 1 60 29 86 84
5 46 5 88 61 48
5 29 1 92 86 78
5 61 67 5 85 65
5 5 29 32 72 53
5 85 90 5 60 75
5 5 29 46 88 6
5 35 1 80 92 18
5 35 74 85 5 16
5 29 46 61 72 89
5 46 60 74 5 28
5 32 90 74 72 43
5 5 88 85 92 62
5 29 60 90 80 49
5 85 67 86 80 20
5 92 61 60 29 34
5 32 88 80 29 2
5 74 1 26 61 87
5 1 41 32 5 40
5 90 86 92 32 24
5 29 32 35 1 46
5 35 29 86 67 14
5 61 5 72 26 35
5 35 85 83 32 93
5 26 1 72 80 70
5 88 80 46 32 81
5 46 26 80 61 69
5 85 67 35 26 31
5 80 85 60 88 12
5 85 26 60 67 28
5 80 35 92 90 45
5 90 88 72 35 7
5 88 85 74 61 14
5 5 92 85 1 35
5 86 72 32 46 48
5 5 83 85 41 59
5 74 83 61 60 55
5 92 80 32 90 54
5 92 86 60 72 33
5 29 74 67 46 61
5 85 32 61 5 19
5 46 85 67 29 4
5 29 74 67 32 30
5 83 46 80 60 96
5 46 5 92 86 16
5 85 92 90 80 32
5 67 29 83 74 48
5 5 86 88 32 56
5 88 5 61 46 66
5 46 85 32 80 9
5 26 5 41 72 46
5 74 1 35 46 8
5 46 74 29 88 32
5 74 26 32 35 25
5 74 85 86 26 7
5 32 35 90 80 2
5 72 5 46 80 59
5 92 83 29 1 79
5 88 60 83 1 32
5 26 32 67 80 10
5 46 26 88 29 91
5 85 86 61 46 90
5 88 46 26 72 31
5 67 86 29 41 74
5 60 86 85 88 36
5 83 26 85 41 42
5 35 92 1 46 12
5 61 5 29 90 7
5 60 32 86 35 16
5 29 1 88 90 8
5 72 61 88 41 39
5 74 80 1 85 8
5 60 86 61 85 45
5 67 29 46 74 7
5 61 74 1 72 16
5 72 35 5 41 40
5 86 67 83 90 44
5 5 32 85 35 40
5 41 72 1 46 20
5 32 46 92 5 49
5 88 72 83 67 20
5 5 60 61 80 25
5 29 86 67 1 60
5 5 80 85 61 66
5 1 29 67 80 51
5 61 46 60 72 74
5 67 88 61 5 77
5 85 83 35 29 30
5 29 26 83 85 55
5 92 5 72 26 36
5 72 83 26 90 74
5 83 60 61 86 17
5 26 5 72 35 31
5 46 35 61 26 76
5 72 29 5 32 78
5 85 46 61 88 48
5 1 72 46 86 28
5 67 86 90 88 20
5 5 90 1 46 70
5 35 92 1 86 82
5 60 80 1 92 69
5 32 61 67 86 5
5 61 41 1 90 62
5 60 61 88 32 29
5 72 83 86 74 78
5 46 60 29 1 83
5 72 74 88 90 97
5 35 61 5 67 47
5 85 26 1 5 17
5 67 32 41 90 82
5 85 86 1 32 98
5 32 46 29 92 55
5 35 90 83 67 25
5 46 29 92 32 59
5 60 29 86 67 70
5 46 88 74 72 40
5 74 83 1 67 55
5 83 80 41 74 100
5 85 72 46 86 75
5 83 26 86 46 18
5 46 80 5 83 51
5 29 41 5 32 11
5 61 60 26 5 80
5 85 92 83 5 75
5 83 1 72 92 9
5 35 26 60 92 30
5 80 85 46 5 75
5 1 60 80 46 6
5 26 92 61 67 72
5 5 32 88 61 19
5 83 1 61 86 68
5 46 83 61 72 55
5 86 83 61 5 100
5 83 67 72 46 19
5 60 72 26 46 76
5 35 83 67 88 26
5 67 29 83 46 87
5 83 72 26 80 25
5 72 67 60 90 15
5 29 46 35 86 12
5 35 5 26 46 58
5 80 1 83 46 78
5 90 85 67 86 45
5 35 26 61 60 55
5 74 61 67 90 70
5 83 61 60 67 49
5 88 41 74 26 38
5 60 26 85 35 73
5 72 85 74 83 82
5 86 80 83 61 35
5 29 5 61 1 26
5 1 85 83 67 94
5 60 29 88 80 79
5 35 80 72 67 66
5 88 83 92 32 80
5 72 85 46 92 28
5 83 86 92 67 74
5 41 60 80 46 87
5 74 80 1 67 21
5 60 67 46 83 5
5 83 90 35 60 36
5 72 90 41 46 47
5 86 90 83 80 36
5 88 26 32 74 51
5 35 67 90 88 72
5 92 32 5 29 81
5 61 60 92 85 16
5 41 60 5 35 94
5 67 60 86 80 52
5 46 80 29 26 66
5 26 35 60 72 7
5 41 85 29 80 71
5 1 80 90 74 6
5 67 90 72 60 95
5 67 26 83 60 57
5 92 26 90 5 14
5 74 46 35 85 52
5 5 90 74 80 38
5 46 60 67 86 83
5 32 86 5 61 58
5 35 92 72 26 15
5 83 35 86 46 8
5 86 74 90 88 9
5 85 88 41 72 54
5 46 35 83 61 49
5 5 86 74 60 4
5 92 88 85 41 54
5 61 32 74 88 3
5 67 88 35 32 64
5 35 80 74 60 39
5 41 80 83 72 78
5 74 90 46 88 67
5 85 90 26 46 94
5 86 80 5 92 65
5 60 29 74 92 47
5 92 88 74 1 23
5 32 88 92 60 71
5 67 72 80 41 59
5 26 80 90 1 97
5 26 60 85 41 57
5 83 60 5 1 74
5 80 72 5 83 32
5 60 88 26 1 65
5 1 5 26 88 16
5 80 1 60 67 36
5 80 72 67 90 5
5 74 72 26 61 66
5 72 46 1 74 18
5 26 80 1 29 3
5 26 60 29 92 93
5 1 90 41 29 64
5 74 60 86 72 82
5 80 90 35 32 96
5 67 88 86 35 85
5 67 29 80 5 78
5 29 46 41 80 82
5 35 32 90 61 80
5 1 29 90 60 94
5 41 60 26 90 84
5 61 26 41 29 100
5 35 90 72 1 92
5 85 67 60 80 76
5 1 60 35 86 68
5 85 1 5 80 96
5 35 72 85 60 99
