1000 700 5
10 28 178 215 538 700 224 355 230 643 285
10 71 602 231 669 367 632 427 573 530 645
10 93 300 627 169 534 203 372 171 602 586
10 53 557 684 482 278 505 279 391 216 561
10 61 575 395 279 634 128 253 409 406 389
10 96 433 224 344 602 680 331 493 417 236
10 89 503 200 361 168 380 139 247 451 145
10 32 308 697 247 521 383 274 353 673 647
10 76 289 497 274 666 551 574 679 453 115
10 66 292 325 690 475 461 235 638 596 551
10 41 461 344 615 241 669 571 512 219 270
10 65 255 591 318 456 520 595 679 196 345
10 104 111 435 628 699 318 479 342 161 304
10 33 431 639 587 428 123 201 310 355 474
10 11 614 358 268 152 115 592 291 448 522
10 83 268 689 446 577 240 195 365 159 232
10 84 534 618 279 126 637 617 252 125 318
10 87 584 514 507 197 617 262 470 435 490
10 30 601 441 249 586 546 298 510 469 302
10 55 430 277 192 390 353 379 274 227 383
10 68 658 518 578 348 679 243 195 563 107
10 83 267 543 413 144 209 345 251 698 645
10 24 571 404 325 461 519 448 153 221 303
10 26 543 638 444 631 266 277 218 263 690
10 34 513 424 514 690 474 402 658 567 530
10 105 317 135 450 548 438 164 315 247 628
10 2 694 242 401 664 300 383 317 473 430
10 13 339 451 161 364 285 200 456 174 114
10 92 425 319 199 114 179 355 427 658 334
10 15 146 271 113 624 198 578 132 362 319
10 14 639 688 222 628 237 202 517 524 149
10 78 218 195 300 430 324 376 443 266 619
10 6 459 291 259 685 210 504 619 691 458
10 50 143 581 131 566 559 520 437 560 400
10 6 511 178 456 553 410 567 297 212 375
10 66 271 142 197 250 666 357 296 268 534
10 82 645 432 559 481 214 470 346 434 349
10 29 487 454 539 245 635 180 147 291 469
10 38 326 304 619 157 590 437 538 420 532
10 52 586 194 663 359 162 691 191 638 420
10 96 514 656 272 655 607 173 271 668 204
10 45 463 566 411 301 239 137 432 246 637
10 101 180 671 184 202 556 195 607 241 605
10 85 174 495 249 214 685 553 451 509 226
10 96 684 445 159 614 281 431 637 387 493
10 62 226 575 239 134 273 318 517 595 234
10 16 135 558 142 676 632 272 635 549 603
10 18 558 314 405 106 318 402 626 189 177
10 24 217 255 184 138 303 249 273 463 281
10 105 593 333 177 314 202 534 358 405 414
10 75 656 313 528 323 269 420 451 189 492
10 74 658 450 295 529 597 126 622 588 621
10 66 655 622 604 613 506 477 530 491 308
10 80 389 230 214 385 265 390 246 109 247
10 17 471 231 590 459 445 513 592 157 425
10 80 534 621 354 261 340 256 632 537 499
10 71 462 405 143 399 436 126 438 477 601
10 67 675 457 333 666 249 107 676 599 591
10 94 413 427 572 373 608 173 237 578 634
10 75 331 255 653 477 180 177 355 615 138
10 22 235 467 344 148 563 275 119 147 395
10 91 586 618 246 171 613 680 505 401 297
10 86 407 540 568 199 534 489 557 681 449
10 8 192 362 255 380 198 518 555 541 605
10 34 452 187 599 392 317 291 314 461 240
10 97 254 337 225 508 348 124 261 484 194
10 23 558 166 139 141 503 322 414 250 417
10 47 429 207 187 580 307 232 515 279 666
10 32 299 108 233 404 255 251 622 387 178
10 49 294 205 248 219 655 453 622 257 260
10 24 492 646 298 449 699 362 410 577 414
10 36 333 311 299 422 351 268 316 173 107
10 71 560 602 309 514 435 563 204 305 114
10 100 125 653 353 385 198 122 318 510 181
10 49 445 239 619 673 575 216 499 503 609
10 17 318 464 237 527 634 563 163 227 545
10 62 134 499 226 349 574 250 545 680 606
10 47 233 248 264 572 477 225 579 154 516
10 45 613 571 318 125 298 529 410 605 392
10 16 161 145 541 494 197 329 336 609 371
10 27 193 470 319 151 679 647 666 329 270
10 79 220 411 407 186 557 668 472 384 607
10 90 613 132 158 402 189 315 582 561 598
10 23 551 169 320 578 584 619 441 616 625
10 81 218 441 442 566 241 126 242 425 375
10 48 613 637 154 242 567 692 308 568 368
10 81 360 585 357 459 280 342 207 485 132
10 24 436 325 346 689 638 631 450 349 221
10 10 643 196 234 388 591 572 143 307 623
10 3 682 327 154 383 285 622 592 202 173
10 70 451 652 303 436 385 248 127 426 519
10 29 322 427 485 453 297 394 688 421 210
10 33 477 152 662 285 269 311 134 612 295
10 21 468 674 486 369 573 570 425 376 494
10 57 476 450 389 524 700 316 188 126 335
10 6 140 573 496 541 656 419 696 483 381
10 83 610 211 616 244 640 515 676 234 350
10 85 401 369 424 245 496 273 270 640 546
10 14 494 210 245 189 483 539 575 181 436
10 31 435 565 535 603 261 179 638 404 170
10 6 653 613 584 594 108 485 263 301 419
10 41 426 642 634 546 372 568 211 462 244
10 98 522 618 655 285 477 486 681 595 479
10 10 292 597 682 233 560 396 321 289 186
10 64 238 331 472 189 602 364 693 431 493
10 31 587 610 578 389 539 573 591 363 524
10 59 194 154 559 320 633 623 470 328 394
10 96 196 268 584 387 573 314 304 352 208
10 49 377 648 161 620 320 577 432 405 253
10 80 320 559 251 665 186 319 617 515 296
10 81 669 491 270 308 626 183 476 493 401
10 20 463 501 585 152 410 324 211 505 321
10 52 656 319 518 266 354 699 355 688 108
10 92 628 176 157 281 325 593 156 165 472
10 46 642 286 459 154 233 655 370 319 620
10 73 138 110 204 170 203 418 612 585 631
10 96 231 209 625 437 460 505 361 560 236
10 63 333 580 550 167 401 324 312 172 468
10 83 216 414 161 504 646 364 617 321 415
10 40 638 349 175 187 414 266 271 131 140
10 5 226 179 295 261 392 693 289 650 362
10 10 227 530 274 649 305 259 678 253 219
10 35 240 194 417 258 403 145 133 593 420
10 42 162 293 672 593 233 150 211 489 411
10 43 682 506 348 385 401 361 225 334 440
10 68 296 217 194 327 294 535 158 667 286
10 53 534 678 285 243 525 413 649 557 203
10 98 410 575 358 559 486 235 143 405 355
10 38 256 595 342 576 163 279 190 198 454
10 58 248 334 564 119 401 586 399 321 550
10 16 583 409 683 161 177 639 336 457 547
10 47 596 519 168 526 685 383 278 366 433
10 58 625 172 167 619 148 151 696 389 547
10 68 151 282 600 484 253 539 141 581 139
10 62 146 466 606 114 404 672 266 155 382
10 69 332 685 272 185 214 451 236 531 466
10 82 530 397 592 303 468 452 550 413 191
10 66 345 248 256 397 154 284 588 324 542
10 102 603 541 348 417 196 622 481 218 346
10 50 521 693 480 627 313 120 334 234 130
10 63 279 317 576 265 379 328 360 271 148
10 24 613 328 227 637 601 520 160 668 368
10 103 137 396 331 510 128 533 593 570 537
10 5 662 349 165 529 523 566 492 182 593
10 51 540 603 696 482 362 500 623 177 535
10 73 350 271 637 533 300 243 557 349 345
10 25 663 521 213 144 392 509 699 353 346
10 32 526 546 313 505 411 429 581 695 499
10 82 145 155 532 535 533 176 232 601 369
10 18 164 137 346 149 363 611 442 131 451
10 9 538 545 631 393 290 373 161 592 370
10 79 457 433 441 251 432 510 629 173 641
10 11 221 562 466 174 114 507 406 623 452
10 6 177 148 593 601 649 467 176 633 581
10 77 700 385 477 612 620 695 665 226 435
10 9 598 438 301 280 507 670 510 260 401
10 91 499 145 409 133 190 611 158 343 496
10 6 383 232 594 443 366 410 548 506 521
10 70 647 358 693 404 185 113 602 578 500
10 37 449 608 415 222 646 292 651 322 275
10 77 484 338 530 435 273 637 387 236 581
10 41 324 665 559 552 157 284 692 199 327
10 66 644 676 581 525 168 482 535 406 538
10 31 118 368 259 577 130 334 183 632 410
10 19 529 406 581 309 563 388 322 630 229
10 55 689 131 360 415 327 195 655 127 344
10 91 166 658 156 537 135 115 358 382 601
10 84 561 609 607 357 572 216 144 328 547
10 53 328 512 477 405 289 114 337 532 400
10 32 307 369 285 574 621 291 579 607 684
10 98 335 570 564 695 582 290 694 233 693
10 14 273 561 131 377 243 650 615 697 459
10 60 329 191 602 261 460 201 141 135 380
10 20 117 465 692 153 419 362 477 584 685
10 61 258 576 478 526 224 304 429 655 317
10 29 173 466 476 488 599 555 511 700 671
10 99 391 344 139 335 255 372 217 112 551
10 71 234 542 660 437 357 432 410 121 323
10 104 182 478 533 270 492 413 607 249 626
10 61 521 370 680 274 316 533 478 523 662
10 41 449 565 525 285 591 206 647 282 131
10 75 526 485 313 254 525 398 181 576 423
10 1 492 617 623 542 697 108 250 184 693
10 104 359 199 142 311 543 672 417 338 498
10 24 688 641 247 208 147 192 433 585 426
10 15 205 618 424 162 531 119 679 416 304
10 13 286 368 446 630 466 125 454 551 311
10 29 464 165 109 455 407 346 224 499 142
10 5 682 383 129 403 602 250 130 214 661
10 52 501 565 437 498 150 389 320 117 149
10 46 330 477 345 653 317 333 445 409 284
10 27 575 517 475 198 418 694 320 125 222
10 49 382 282 633 293 197 509 151 533 397
10 49 469 121 155 226 335 391 528 146 643
10 9 696 689 447 344 331 519 482 273 630
10 17 619 525 624 520 387 357 346 176 355
10 6 627 126 473 301 486 312 254 148 694
10 22 374 606 307 311 353 668 322 666 159
10 44 383 303 165 423 506 576 571 471 277
10 45 151 121 361 238 487 561 319 344 547
10 58 292 572 456 225 289 141 336 470 364
10 79 315 194 441 475 192 421 516 115 670
10 88 113 218 295 401 267 221 332 622 196
10 11 186 630 499 298 675 126 557 194 379
10 5 637 575 499 626 463 516 578 210 453
10 31 470 574 522 511 618 485 281 274 284
10 87 239 534 361 385 452 375 642 285 626
10 76 532 426 375 659 599 231 181 343 423
10 101 528 678 575 473 237 669 687 450 584
10 47 460 443 173 341 288 620 592 210 573
10 1 420 620 475 377 638 624 179 466 332
10 11 197 394 356 570 624 567 304 616 462
10 63 518 119 623 373 457 233 389 401 668
10 100 357 598 133 537 600 319 126 529 329
10 81 129 545 180 642 617 607 631 657 335
10 61 624 537 423 112 564 275 342 257 351
10 47 475 654 249 181 610 451 502 646 322
10 105 277 201 287 321 152 492 370 225 181
10 7 222 256 574 163 287 207 368 483 658
10 101 231 445 248 484 443 581 294 115 468
10 35 453 436 336 625 173 171 200 531 130
10 70 241 598 287 183 525 268 684 314 249
10 92 313 416 574 498 266 165 583 319 155
10 7 260 143 201 389 364 131 426 172 662
10 68 228 350 191 397 136 579 682 253 632
10 101 486 418 323 369 234 295 334 529 386
10 84 307 471 612 669 404 585 204 538 554
10 105 131 488 562 453 139 693 413 257 337
10 44 590 526 598 455 531 479 699 170 179
10 72 200 428 696 616 620 144 641 319 607
10 13 351 623 624 140 221 256 675 491 516
10 5 506 613 547 378 287 695 424 109 308
10 29 416 622 132 371 481 564 348 380 153
10 46 697 411 609 310 230 688 185 642 269
10 46 592 539 407 662 257 138 284 352 515
10 63 312 292 508 530 474 108 301 456 460
10 5 588 390 492 346 620 573 170 681 636
10 17 129 501 155 350 372 666 658 189 544
10 52 584 698 346 633 686 522 280 254 498
10 84 611 314 472 260 570 189 340 632 243
10 86 222 416 608 629 556 588 270 293 177
10 102 653 437 329 396 615 558 394 161 550
10 27 233 247 150 479 117 239 519 409 514
10 60 232 455 340 173 228 463 457 242 178
10 94 335 315 160 574 653 550 459 555 657
10 87 406 491 438 167 262 621 674 208 126
10 68 269 355 273 191 551 156 508 288 515
10 86 641 404 666 534 681 613 610 215 151
10 87 443 417 383 235 237 342 652 106 324
10 67 346 470 165 231 161 415 294 559 354
10 76 228 563 651 548 142 183 278 519 156
10 53 388 638 289 220 504 307 321 563 536
10 9 579 618 260 323 666 405 306 591 112
10 71 340 528 511 320 279 301 469 524 629
10 25 463 415 301 550 501 454 179 547 142
10 90 693 364 152 270 261 140 114 479 410
10 51 479 106 425 401 260 415 535 210 179
10 16 134 589 514 231 478 167 147 674 162
10 41 186 552 638 189 513 587 305 423 628
10 51 675 254 424 453 462 495 511 410 497
10 50 363 583 343 445 574 167 122 443 659
10 19 335 569 547 535 414 306 397 114 670
10 25 442 681 518 116 270 337 137 332 481
10 33 109 575 361 461 582 446 369 641 133
10 47 569 574 168 447 210 224 451 425 311
10 83 451 450 150 662 235 338 532 467 665
10 62 594 624 635 185 593 516 224 312 254
10 92 422 327 393 518 346 512 534 577 682
10 101 655 233 528 586 664 455 303 477 403
10 22 288 282 156 665 221 131 638 636 641
10 68 504 378 323 158 660 110 548 371 350
10 78 350 504 579 378 420 606 416 519 582
10 49 461 578 635 186 192 285 573 163 533
10 17 597 282 625 392 257 115 357 530 508
10 43 220 251 195 318 455 613 624 116 192
10 23 519 267 207 563 362 520 632 334 357
10 7 548 615 439 163 585 642 334 304 629
10 63 517 557 279 163 154 452 515 206 199
10 71 503 372 525 698 280 643 511 650 111
10 9 621 518 358 337 332 516 377 109 590
10 66 190 614 327 338 178 340 433 639 684
10 10 434 429 220 356 233 107 459 241 476
10 23 157 545 136 121 404 253 388 361 564
10 59 578 656 607 149 305 670 112 573 605
10 97 343 661 335 415 533 206 595 646 332
10 67 623 342 620 173 645 133 319 294 415
10 16 436 649 212 106 371 226 491 645 218
10 86 508 203 215 340 651 616 494 631 683
10 89 147 585 200 460 507 473 408 117 678
10 101 241 531 304 139 556 673 640 448 413
10 36 542 438 269 603 270 123 298 116 448
10 54 314 266 384 251 150 401 159 130 273
10 39 146 553 583 566 517 202 494 112 358
10 47 240 234 275 329 691 671 144 624 560
10 17 368 379 472 125 502 553 524 330 257
10 35 402 182 237 503 504 251 644 586 388
10 68 324 144 662 598 300 623 566 377 271
10 74 651 299 222 588 524 653 379 498 132
10 83 640 380 372 508 198 378 163 510 254
10 11 203 229 417 457 302 231 664 262 585
10 40 506 412 547 580 533 218 520 112 428
10 6 254 598 289 635 484 266 180 662 209
10 80 220 373 454 380 159 146 335 573 609
10 100 378 269 284 288 525 355 671 267 534
10 5 457 432 240 122 216 303 679 312 325
10 49 211 547 507 592 156 552 661 581 406
10 65 244 617 564 457 641 396 383 461 542
10 22 523 292 257 310 408 168 193 686 201
10 74 510 259 303 501 447 295 224 470 321
10 85 677 616 202 502 613 368 475 692 461
10 11 137 485 582 339 510 414 123 688 281
10 81 463 494 330 562 288 405 497 258 346
10 34 304 416 247 143 491 672 215 396 568
10 65 412 552 667 379 197 392 670 212 284
10 46 650 470 113 615 494 594 206 137 346
10 43 260 205 558 422 532 170 194 696 477
10 85 117 578 338 397 126 580 351 623 360
10 52 382 221 374 387 186 242 607 164 421
10 17 406 611 311 304 629 557 184 606 235
10 37 658 359 322 300 573 660 686 622 238
10 71 374 392 495 416 161 627 396 547 573
10 47 233 655 557 597 465 340 570 118 631
10 39 294 363 226 316 635 617 314 124 585
10 61 140 679 230 571 399 583 548 118 286
10 40 116 199 449 403 323 117 381 247 656
10 40 168 632 351 556 173 617 406 383 220
10 22 215 575 221 427 626 149 477 287 441
10 29 413 233 601 426 224 589 367 112 317
10 84 343 516 552 486 434 162 146 559 257
10 86 556 527 519 247 304 675 575 526 333
10 33 331 156 658 334 407 544 202 387 644
10 6 188 653 344 568 329 477 673 619 635
10 87 211 648 357 348 436 284 540 678 626
10 94 260 190 331 116 532 175 458 160 395
10 78 471 464 536 460 676 163 289 457 176
10 42 225 563 140 111 435 212 438 652 114
10 6 475 666 575 129 523 269 446 458 502
10 99 685 205 673 257 392 128 366 313 249
10 97 372 201 259 579 630 326 514 354 483
10 14 695 209 557 170 309 648 664 546 414
10 65 645 186 446 460 603 445 123 126 396
10 53 296 309 538 382 304 222 609 617 352
10 67 394 399 523 540 150 204 383 661 203
10 33 469 281 643 288 618 368 539 159 146
10 16 276 165 111 259 219 321 390 148 510
10 36 297 439 361 370 563 134 335 320 455
10 11 536 690 572 252 503 453 261 567 424
10 3 216 529 355 348 617 614 690 537 217
10 29 667 547 492 202 285 140 410 495 633
10 33 241 608 431 498 569 237 198 595 276
10 104 573 290 642 406 162 197 694 682 278
10 14 554 227 565 185 425 489 327 686 537
10 70 551 366 556 241 122 423 340 507 330
10 55 419 474 384 510 528 587 663 560 225
10 83 525 154 295 394 452 455 692 687 239
10 84 146 416 127 381 496 694 440 179 452
10 91 484 455 374 133 464 161 504 632 128
10 46 191 420 612 272 468 233 322 158 473
10 50 555 250 129 223 393 409 235 592 372
10 20 505 542 438 536 594 324 628 452 556
10 8 636 628 479 549 379 124 577 337 380
10 30 699 590 626 580 212 509 513 229 337
10 79 167 133 582 555 644 628 558 617 349
10 75 517 659 585 358 343 296 393 590 480
10 3 272 639 696 327 423 192 221 667 484
10 10 464 696 240 450 512 161 392 225 390
10 90 309 516 514 505 316 267 202 428 157
10 66 203 280 546 148 533 524 277 665 250
10 36 669 625 111 635 582 653 246 463 380
10 70 163 571 350 680 190 121 204 351 369
10 84 396 657 598 107 405 451 170 617 412
10 83 279 206 491 221 535 532 197 208 600
10 76 352 452 116 171 646 685 294 228 177
10 28 591 426 415 287 446 473 313 697 262
10 71 582 611 635 134 411 286 478 375 231
10 57 486 249 353 507 661 352 331 328 309
10 33 637 611 336 682 604 619 330 478 217
10 41 529 403 575 527 596 657 686 618 432
10 89 386 661 287 380 247 682 135 397 115
10 23 628 138 136 645 406 561 120 189 182
10 22 475 577 291 566 388 328 421 118 233
10 8 341 419 611 185 666 569 181 310 305
10 71 571 348 544 249 376 699 648 542 293
10 34 370 410 110 693 267 131 302 696 239
10 56 457 645 518 201 125 411 365 233 213
10 105 458 113 551 622 635 502 148 174 395
10 53 642 197 459 512 588 550 619 628 415
10 77 368 128 515 464 211 498 356 601 554
10 9 395 323 239 600 547 318 161 700 115
10 1 231 141 163 477 537 156 201 293 375
10 3 695 376 386 404 221 496 125 347 570
10 11 547 483 690 582 602 324 337 268 124
10 7 516 457 537 188 617 174 398 664 674
10 60 464 236 140 497 275 160 417 355 264
10 77 268 285 499 185 278 531 344 383 143
10 61 581 107 505 647 550 114 151 145 467
10 29 339 165 655 151 395 286 541 207 472
10 33 676 179 489 511 523 584 212 320 254
10 89 691 408 395 679 470 382 690 384 484
10 63 352 211 283 354 114 401 460 264 226
10 66 550 207 427 354 442 456 300 328 326
10 40 258 146 247 162 503 249 694 267 250
10 48 215 429 258 410 395 249 661 411 360
10 98 636 173 357 263 407 634 538 633 672
10 96 269 647 653 260 471 134 541 426 220
10 102 435 430 131 579 260 526 636 535 402
10 30 689 472 598 662 533 202 324 208 375
10 5 478 179 566 652 525 146 601 673 300
10 21 654 111 386 387 433 375 278 425 205
10 61 619 426 234 360 124 393 675 284 312
10 55 468 490 265 407 639 386 508 483 532
10 91 409 592 550 357 334 109 548 266 556
10 89 567 233 588 139 487 528 294 684 440
10 6 274 461 217 499 454 293 599 665 375
10 86 409 133 337 148 407 237 549 634 642
10 17 396 401 435 690 602 501 471 145 555
10 101 160 404 644 382 171 327 264 451 580
10 61 332 419 430 172 345 646 162 680 700
10 85 386 686 314 203 229 665 606 573 143
10 78 562 575 117 268 354 681 231 540 340
10 37 500 506 474 123 260 145 551 276 481
10 25 266 110 135 578 413 406 145 368 419
10 51 597 212 615 527 444 152 420 360 640
10 28 348 671 597 599 602 477 499 358 699
10 42 247 141 123 457 527 516 643 540 616
10 5 686 599 672 294 517 362 340 185 198
10 29 563 133 258 401 541 467 366 182 128
10 2 532 430 178 427 347 608 572 491 106
10 28 139 136 554 107 418 163 573 166 245
10 81 241 114 403 236 597 593 505 243 163
10 9 488 158 623 528 237 373 242 430 121
10 33 459 181 201 328 184 322 422 547 617
10 79 549 594 684 636 368 652 539 315 277
10 101 547 523 448 197 562 491 256 287 166
10 62 213 201 200 520 576 500 674 463 308
10 32 672 522 222 130 133 698 690 366 548
10 77 184 428 357 237 120 301 562 248 219
10 69 569 605 276 289 329 296 543 456 278
10 29 399 533 491 388 347 342 483 315 138
10 65 633 258 528 476 318 261 165 306 197
10 91 470 520 575 132 300 368 491 110 376
10 41 216 233 376 573 124 106 334 640 412
10 25 418 182 519 424 407 659 233 576 588
10 22 318 340 155 422 396 666 106 497 501
10 88 231 543 242 657 571 230 284 194 461
10 101 592 698 368 630 676 558 635 432 512
10 55 545 383 133 621 645 245 698 618 316
10 90 610 209 659 688 467 552 383 451 243
10 8 236 689 601 201 341 451 349 258 301
10 24 693 568 522 622 658 594 556 277 544
10 100 606 414 485 182 588 225 421 474 250
10 87 141 446 362 123 132 562 643 678 489
10 103 273 507 509 374 148 122 402 178 182
10 42 692 164 282 571 357 181 394 281 628
10 103 329 668 632 677 258 551 520 227 535
10 60 550 266 250 324 120 544 517 245 470
10 103 143 142 442 193 115 698 446 536 333
10 94 444 165 624 504 553 210 697 450 110
10 55 379 428 275 359 679 503 203 313 551
10 64 435 519 327 553 421 678 584 694 539
10 92 178 379 540 679 676 678 461 357 199
10 32 544 695 551 586 329 303 663 528 334
10 16 528 236 346 233 298 522 364 630 464
10 13 418 457 391 107 340 515 184 337 631
10 75 133 372 203 502 381 404 690 653 202
10 48 507 296 263 180 592 644 231 134 452
10 9 272 346 137 630 577 536 299 322 257
10 61 113 365 161 599 267 181 609 580 296
10 71 659 173 643 686 326 360 666 455 573
10 28 250 257 142 367 344 600 661 134 419
10 41 331 538 652 202 618 606 464 244 229
10 83 341 592 528 436 132 174 376 496 532
10 41 521 657 515 626 409 301 694 598 690
10 24 181 421 252 191 297 696 278 330 286
10 79 368 554 426 631 199 382 344 690 461
10 41 372 227 430 402 324 522 551 343 699
10 86 129 406 517 340 650 160 537 128 548
10 103 298 423 616 456 124 556 687 128 278
10 41 497 321 266 471 392 307 107 147 554
10 73 278 232 638 515 512 269 658 523 164
10 104 587 308 147 455 641 562 203 229 311
10 46 472 501 216 665 220 456 439 218 186
10 21 266 524 215 158 292 686 187 619 409
10 66 162 549 137 317 130 267 553 380 341
10 16 404 201 698 183 314 429 428 608 313
10 36 521 468 697 133 666 363 270 584 287
10 21 633 338 262 435 154 380 286 302 628
10 16 113 232 636 615 568 316 314 526 414
10 10 385 464 671 228 549 477 256 621 331
10 2 160 471 513 576 476 619 218 618 573
10 33 186 383 435 527 187 296 528 468 404
10 16 586 207 162 673 190 671 569 525 157
10 39 376 216 461 182 238 655 619 366 194
10 84 359 435 306 548 239 246 529 334 251
10 18 200 574 335 634 606 691 546 690 696
10 86 498 334 231 389 169 240 382 174 560
10 42 153 686 429 188 149 557 399 169 224
10 13 382 244 560 245 285 650 138 136 393
10 4 425 629 236 129 377 687 612 654 601
10 69 373 532 459 674 318 632 349 288 182
10 74 578 432 673 590 172 583 650 608 211
10 25 630 537 113 604 535 680 665 526 344
10 90 514 274 272 412 153 223 554 601 553
10 34 294 654 677 573 313 167 619 519 571
10 40 419 624 133 616 372 226 256 681 219
10 40 598 597 550 426 510 388 443 457 519
10 68 200 595 587 343 425 265 472 352 631
10 60 625 518 431 162 508 450 510 174 482
10 89 233 568 187 626 553 118 219 259 634
10 55 592 306 141 249 204 671 227 607 373
10 40 668 664 210 369 308 640 670 349 120
10 99 342 561 274 353 153 580 137 582 111
10 47 521 415 280 202 690 467 393 345 515
10 87 393 618 580 189 378 476 457 130 113
10 54 363 216 654 213 627 225 676 587 207
10 49 233 508 638 283 536 585 497 196 200
10 84 666 384 200 266 242 664 638 569 215
10 75 351 404 202 186 609 301 421 643 257
10 100 579 242 217 663 407 139 343 467 246
10 32 423 280 635 122 184 563 674 456 286
10 103 462 558 140 130 115 169 250 334 608
10 45 283 279 554 527 259 577 202 657 603
10 91 335 120 698 253 173 678 323 519 287
10 101 209 630 445 562 549 419 398 381 324
10 19 268 439 467 625 675 505 579 474 267
10 14 110 370 615 254 503 327 157 352 493
10 20 250 514 697 316 480 607 414 534 388
10 43 671 507 380 345 582 492 490 109 610
10 46 573 639 534 368 548 487 212 206 696
10 79 633 475 464 518 485 638 690 692 239
10 32 210 280 281 431 306 601 577 239 138
10 104 345 567 540 394 505 665 412 242 160
10 88 654 306 315 637 323 403 531 373 181
10 5 253 411 487 522 631 653 424 617 354
10 34 643 145 373 557 528 464 342 371 545
10 30 248 579 614 253 159 472 240 378 385
10 39 265 145 505 321 159 119 128 351 257
10 37 548 630 359 204 687 108 192 332 249
10 73 115 653 250 390 375 407 536 386 425
10 3 381 338 695 661 289 576 692 355 290
10 89 185 287 112 642 539 583 675 452 547
10 91 149 661 430 119 463 653 188 541 402
10 36 326 553 335 107 551 320 118 503 636
10 36 665 409 205 667 652 279 292 365 588
10 91 350 489 361 526 204 659 551 308 492
10 33 610 303 688 518 368 681 260 547 530
10 49 592 459 109 554 448 207 689 111 561
10 53 368 671 664 653 403 482 365 449 456
10 30 658 654 114 575 339 174 232 111 403
10 87 312 350 283 382 216 437 109 129 438
10 33 292 119 305 210 401 129 365 302 611
10 56 423 622 371 123 492 666 522 679 447
10 5 511 142 280 519 312 396 343 178 630
10 39 237 373 612 693 308 320 454 239 265
10 9 302 665 485 627 400 173 437 268 640
10 39 110 561 592 557 189 412 402 667 565
10 14 639 628 648 301 693 376 123 519 334
10 67 471 588 472 611 679 339 591 304 573
10 30 507 108 571 678 634 695 672 532 684
10 70 319 630 176 546 321 234 382 618 308
10 50 168 261 393 179 453 518 378 354 332
10 12 482 222 228 218 506 306 480 526 493
10 38 238 270 658 578 487 221 591 358 391
10 59 113 575 520 407 111 361 456 506 435
10 76 693 284 345 136 654 442 210 540 390
10 30 573 220 461 666 511 604 564 635 633
10 88 626 191 142 121 427 275 265 612 325
10 16 126 107 119 189 482 166 406 401 369
10 85 545 674 538 164 680 633 406 327 410
10 77 146 155 225 612 558 407 239 359 617
10 101 593 579 569 578 348 635 186 195 600
10 43 536 456 582 152 421 129 564 221 353
10 93 425 192 529 546 199 651 316 449 305
10 105 368 128 581 354 295 307 229 258 275
10 32 516 310 371 326 423 356 243 576 631
10 33 177 318 279 662 249 338 672 355 183
10 96 246 612 268 454 563 311 332 202 185
10 60 425 212 226 618 370 624 594 495 339
10 14 614 390 485 502 490 648 578 309 202
10 50 463 170 557 226 548 618 223 689 439
10 77 558 252 533 209 201 515 168 519 688
10 74 356 656 368 697 219 152 673 361 263
10 65 414 160 371 577 399 310 407 272 265
10 55 654 191 602 674 224 505 237 634 274
10 99 416 205 235 617 576 556 155 651 467
10 6 154 660 328 349 390 573 389 596 222
10 85 524 266 298 606 455 318 304 171 602
10 98 430 658 512 659 190 226 120 636 152
10 35 219 541 332 305 334 237 513 514 479
10 64 170 602 108 434 643 498 422 489 280
10 24 520 152 628 335 678 251 696 575 369
10 71 644 266 642 663 317 244 441 308 203
10 67 625 546 437 213 691 500 485 240 410
10 72 533 231 607 432 393 383 546 412 203
10 66 513 320 271 402 379 342 496 645 318
10 84 691 304 624 665 680 381 592 620 464
10 19 586 350 138 121 159 692 454 430 551
10 32 352 353 656 398 533 628 307 174 666
10 24 547 663 216 500 510 489 152 175 193
10 72 206 220 643 308 593 383 292 436 651
10 546 632 506 140 416 459 378 293 641 621
10 571 635 188 596 189 230 377 630 269 566
10 491 447 585 303 463 345 547 615 214 397
10 538 700 443 136 576 695 671 473 674 609
10 560 378 249 360 267 479 315 322 389 452
10 439 519 605 150 442 679 647 611 292 567
10 365 148 608 171 212 496 114 115 480 428
10 443 610 522 554 497 641 272 132 410 359
10 191 218 594 149 382 335 220 544 126 496
10 336 224 194 691 563 313 525 279 536 663
10 528 202 598 439 404 238 651 413 433 224
10 423 328 366 600 370 199 212 429 467 536
10 122 601 498 129 444 267 215 343 492 445
10 668 666 429 284 490 527 242 450 239 388
10 176 434 625 408 627 587 613 524 491 504
10 448 267 244 581 208 552 657 400 290 606
10 251 178 530 436 371 635 459 361 357 559
10 366 133 511 495 234 414 278 659 462 357
10 593 260 234 228 152 292 446 143 334 438
10 129 648 236 441 314 107 358 245 503 376
10 297 107 285 359 453 335 153 461 205 154
10 565 161 366 281 445 372 464 603 536 683
10 370 501 519 224 487 572 562 699 532 541
10 610 375 539 629 416 497 397 377 289 401
10 462 454 688 563 120 336 616 314 303 177
10 168 260 663 599 547 605 452 243 608 288
10 194 484 627 514 530 144 548 181 665 445
10 203 691 245 171 161 318 243 504 232 451
10 528 577 430 224 472 350 666 212 408 635
10 439 171 266 566 643 253 311 675 106 118
10 428 549 334 336 481 663 637 503 356 378
10 365 626 410 131 482 644 132 564 654 384
10 532 191 662 257 522 586 546 144 562 516
10 405 439 320 512 646 374 385 607 643 617
10 601 239 434 511 614 395 523 597 649 158
10 698 591 207 496 145 567 681 152 470 669
10 604 423 324 684 609 299 567 219 638 174
10 331 280 366 377 402 510 632 587 281 436
10 523 238 274 133 139 565 317 389 443 568
10 268 305 682 372 599 267 309 344 481 446
10 179 495 341 343 130 589 580 253 684 383
10 319 318 575 668 256 411 694 239 378 651
10 537 511 512 175 152 164 554 135 514 652
10 676 642 178 611 395 159 230 297 351 457
10 632 555 601 131 173 152 140 450 460 407
10 117 168 135 384 422 341 549 277 602 161
10 121 192 171 503 231 157 684 460 147 626
10 211 419 277 128 383 187 429 214 554 118
10 317 177 646 347 453 564 533 284 544 632
10 581 390 312 567 536 570 233 479 121 521
10 596 478 410 150 581 379 274 337 176 342
10 200 588 157 262 302 107 257 431 445 247
10 315 156 168 338 122 503 625 650 409 562
10 686 206 509 577 499 484 315 234 265 655
10 169 327 685 157 269 477 390 317 383 488
10 276 680 597 131 258 534 141 282 123 674
10 443 361 149 587 571 286 183 482 521 239
10 631 547 277 468 598 454 560 655 659 406
10 243 334 659 626 471 674 418 543 182 560
10 699 696 450 273 567 414 557 627 345 608
10 676 543 556 309 641 189 700 616 125 183
10 235 476 560 119 240 365 642 464 138 602
10 466 495 290 201 449 312 609 355 618 633
10 114 156 498 670 125 327 491 168 550 383
10 258 344 661 656 582 584 479 191 355 612
10 459 697 693 477 274 317 121 284 625 615
10 217 480 414 269 241 436 461 645 561 274
10 571 242 616 659 661 569 283 448 349 467
10 395 643 282 335 153 139 187 414 129 654
10 173 418 266 668 262 410 587 590 684 331
10 184 260 633 461 137 472 685 509 225 693
10 613 552 526 255 653 310 421 599 312 531
10 142 613 693 345 617 549 624 516 196 393
10 389 226 516 510 657 692 675 346 414 506
10 251 252 335 591 374 319 172 114 621 237
10 282 184 609 446 296 316 327 279 234 541
10 661 538 106 631 395 284 457 252 184 544
10 311 473 326 519 477 674 695 213 179 601
10 700 583 627 544 333 185 686 512 446 213
10 685 276 132 174 655 543 577 372 681 363
10 633 566 536 216 682 626 279 627 585 658
10 592 145 274 151 164 341 579 634 477 253
10 168 354 393 198 457 605 575 671 473 485
10 677 265 134 249 633 607 495 523 592 304
10 500 171 306 696 675 342 513 293 679 613
10 369 107 422 203 643 603 238 433 113 653
10 599 272 694 215 106 119 461 367 642 511
10 479 215 672 383 516 321 548 556 404 487
10 632 300 146 166 410 230 288 177 646 326
10 471 110 155 276 685 113 653 167 355 423
10 640 346 642 607 632 109 547 688 692 256
10 559 365 455 512 217 389 197 526 659 361
10 607 359 223 174 409 321 230 587 352 179
10 534 453 603 163 565 225 279 663 678 464
10 594 486 634 532 515 347 651 585 160 457
10 109 289 608 411 238 666 472 394 277 263
10 364 119 686 420 242 358 184 651 347 302
10 230 585 117 303 161 237 520 349 384 380
10 420 422 242 506 283 133 550 619 173 611
10 658 636 134 339 522 344 354 112 192 479
10 147 385 393 505 467 114 167 650 293 330
10 422 436 629 470 598 174 317 260 276 340
10 644 280 255 602 473 682 227 358 216 293
10 126 317 272 225 387 217 121 512 438 455
10 654 303 130 111 171 231 587 642 408 581
10 421 606 693 171 397 652 473 289 496 379
10 248 285 668 250 189 620 455 147 694 227
10 314 331 445 540 532 562 213 551 329 359
10 197 113 308 641 296 189 671 500 383 621
10 246 327 551 378 680 297 592 611 525 489
10 337 183 227 349 391 662 313 364 286 173
10 299 605 512 543 195 531 492 231 178 173
10 666 624 304 600 214 373 114 560 394 623
10 533 350 122 547 585 289 637 556 561 385
10 244 553 199 189 358 537 540 677 414 673
10 114 687 283 413 595 275 180 342 423 351
10 671 370 125 635 535 299 466 135 339 508
10 200 162 217 268 392 246 440 218 485 515
10 420 204 432 685 553 594 576 656 570 281
10 487 327 288 654 414 164 173 382 215 120
10 498 673 282 160 481 405 479 520 663 257
10 122 560 654 682 603 226 189 551 162 259
10 674 139 641 389 549 222 577 305 524 170
10 207 328 428 303 282 555 512 464 553 471
10 120 528 497 138 541 263 545 390 502 285
10 504 697 357 635 287 389 542 679 671 252
10 558 297 289 504 308 500 157 348 533 630
10 322 158 619 281 279 639 559 361 362 627
10 643 176 595 571 134 253 572 466 303 200
10 332 208 529 392 123 527 598 359 201 581
10 638 684 618 447 698 605 519 569 424 518
10 185 488 612 667 634 399 631 366 505 621
10 392 327 246 318 687 245 476 143 214 655
10 113 265 191 335 535 252 381 502 617 115
10 409 147 559 256 323 435 329 578 520 427
10 242 297 113 277 203 575 426 160 541 447
10 432 666 116 526 302 615 182 660 689 300
10 377 288 507 417 178 459 268 226 540 232
10 207 136 244 476 200 239 519 201 472 146
10 207 422 184 209 693 643 246 356 488 161
10 165 433 112 261 681 542 148 132 582 480
10 559 317 329 668 434 638 642 222 518 367
10 182 303 438 352 121 504 597 292 545 144
10 575 157 606 458 527 357 655 374 466 173
10 393 404 252 122 364 353 231 134 168 639
10 113 458 247 598 481 462 590 269 393 681
10 288 477 326 289 129 577 188 552 389 398
10 202 574 573 521 155 617 246 510 687 184
10 276 169 466 480 341 259 267 207 681 584
10 612 663 254 662 440 208 293 406 370 383
10 506 259 120 504 372 627 410 465 696 130
10 569 429 222 389 244 446 641 521 542 207
10 231 404 262 425 256 418 492 683 391 334
10 353 333 266 529 549 306 423 127 525 598
10 653 647 269 483 204 672 170 668 321 164
10 568 627 612 250 578 598 479 395 601 364
10 121 482 539 162 673 530 425 348 588 347
10 404 286 477 249 534 650 147 163 669 632
10 381 459 490 109 631 595 195 616 340 202
10 249 538 110 528 282 358 455 244 379 400
10 548 601 270 474 455 684 613 337 543 196
10 640 333 508 546 540 257 475 675 574 338
10 243 170 488 699 364 206 582 592 220 404
10 359 509 564 561 671 449 376 311 215 673
10 365 654 138 496 140 177 568 486 119 111
10 490 250 614 529 182 467 201 656 370 269
10 680 117 289 462 282 540 346 297 402 216
10 556 370 304 416 291 310 545 652 302 422
10 524 626 437 551 309 166 352 146 420 463
10 318 340 114 512 517 572 160 176 314 217
10 423 358 117 409 360 445 601 569 251 552
10 115 334 233 171 560 697 690 524 548 322
10 456 129 414 603 273 220 639 699 672 418
10 567 612 151 530 675 259 636 157 195 301
10 649 625 258 142 581 588 445 156 202 513
10 436 303 359 609 168 212 423 256 612 141
10 618 408 222 325 142 537 300 247 163 459
10 557 686 251 549 270 424 432 296 369 670
10 321 114 446 475 419 462 406 327 184 162
10 201 483 158 548 386 681 560 259 503 215
10 511 195 265 356 118 559 630 344 370 240
10 562 385 579 341 468 455 163 572 325 309
10 519 284 464 229 310 471 126 446 525 654
10 106 494 217 118 265 157 307 507 113 260
10 411 676 683 523 693 159 415 184 254 297
10 673 533 525 177 643 645 538 699 640 565
10 277 181 392 109 456 545 516 583 615 550
10 291 699 546 120 356 207 318 272 498 641
10 540 503 120 211 429 338 533 263 343 570
10 310 259 263 407 381 504 500 329 357 211
10 337 328 132 180 325 482 480 361 157 591
10 656 558 576 269 653 392 439 327 311 309
10 369 615 645 460 272 491 692 477 432 613
10 524 489 696 287 325 473 274 400 174 585
10 364 158 609 131 177 188 618 338 356 565
10 341 285 280 188 381 391 633 261 688 664
10 431 699 659 641 679 205 499 507 565 403
10 201 436 403 296 464 295 159 314 382 283
10 265 149 528 159 281 393 645 257 189 487
10 594 114 172 515 230 618 340 421 564 336
10 490 376 543 605 673 405 171 345 128 555
10 594 116 521 200 542 481 653 490 162 335
10 187 198 623 665 368 377 676 568 543 225
10 447 552 685 127 662 601 527 259 224 260
10 452 147 544 135 175 288 670 369 373 464
10 248 340 509 128 368 222 121 557 233 536
10 157 337 684 120 566 637 639 177 447 333
10 428 609 675 422 364 473 534 682 439 479
10 514 322 495 520 576 217 676 392 522 165
10 202 574 534 551 505 363 394 134 556 408
10 297 679 583 624 428 575 465 344 563 582
10 374 445 223 254 658 280 286 156 624 322
10 356 237 698 254 420 278 616 648 242 196
10 129 164 671 628 570 472 361 163 443 215
10 578 671 261 358 293 550 623 204 217 113
10 153 423 442 379 219 570 110 483 217 505
10 442 399 639 248 524 303 593 217 144 644
10 257 649 577 666 188 108 388 697 455 233
10 586 238 484 144 470 223 639 298 207 486
10 649 426 621 192 384 578 537 225 373 195
10 680 370 672 249 150 340 125 548 232 241
10 434 354 510 641 472 454 432 173 570 448
10 429 424 337 402 361 592 183 277 300 297
10 268 477 543 374 495 246 671 660 130 691
10 291 484 437 346 461 212 481 670 229 254
10 302 631 328 611 632 233 437 528 262 209
10 635 385 117 154 650 616 419 284 123 202
10 141 357 194 201 577 266 574 529 485 482
10 291 261 524 245 666 368 128 446 300 233
10 261 146 223 484 247 624 549 414 680 602
10 633 360 439 532 557 140 216 564 198 185
10 209 374 236 431 153 284 187 122 654 622
10 356 339 138 583 439 508 569 675 264 373
10 556 648 293 423 608 645 319 162 692 182
10 446 494 408 621 607 428 326 227 442 194
10 651 206 421 261 210 234 609 459 207 500
10 613 379 416 131 121 515 307 374 674 433
10 456 165 336 116 529 467 602 472 392 161
10 499 689 457 173 316 654 438 195 589 249
10 333 203 289 586 565 358 500 688 638 318
10 526 418 350 626 326 629 357 182 376 312
10 374 550 203 404 126 684 548 518 274 503
10 365 491 120 202 525 152 215 579 688 150
10 247 478 619 613 184 674 349 467 453 303
10 480 138 266 179 231 621 282 654 579 629
10 327 259 179 650 190 348 222 164 369 134
10 662 167 189 505 584 179 263 589 438 431
10 411 204 153 248 642 526 232 399 638 214
10 120 541 617 139 267 326 109 380 606 416
10 410 402 696 483 307 264 488 455 522 471
10 171 388 310 379 228 265 217 120 536 261
10 512 306 516 385 366 387 574 111 246 344
10 367 566 660 552 381 111 302 189 245 115
10 355 466 564 560 492 390 428 159 696 658
10 356 196 215 432 154 471 308 641 149 188
10 542 610 376 286 303 489 480 695 444 243
10 205 691 490 669 114 319 458 122 198 170
10 553 566 294 564 380 154 603 663 448 198
10 306 634 208 429 605 301 662 251 530 277
10 291 150 194 394 685 385 618 206 114 636
10 287 676 255 595 679 468 510 372 225 508
10 275 355 216 515 133 512 418 214 417 252
10 365 616 225 490 699 682 425 596 429 358
10 226 200 454 418 270 553 190 490 642 335
10 320 501 690 700 210 220 652 109 336 524
10 176 446 227 442 546 313 231 498 645 301
10 137 565 179 131 457 405 424 559 556 177
10 401 188 407 560 275 557 300 192 504 237
10 671 660 618 412 332 561 366 195 207 687
10 248 629 253 175 429 407 631 481 668 223
10 135 554 362 690 407 163 664 430 603 154
10 152 685 241 342 485 578 525 524 645 123
10 686 633 199 379 610 416 304 409 583 598
10 237 397 174 245 491 563 334 190 279 154
10 278 616 352 312 453 650 159 309 181 400
10 449 691 467 524 417 544 333 564 452 364
10 239 169 237 486 538 575 223 454 639 502
10 340 547 471 433 109 211 232 510 161 352
10 130 133 596 213 278 265 157 151 584 595
10 478 489 291 427 252 464 328 449 113 567
10 419 606 118 277 696 507 295 643 321 143
10 352 604 295 566 647 571 158 362 191 549
10 628 148 671 388 332 116 223 482 669 338
10 622 317 360 591 468 263 460 594 517 643
10 324 204 151 292 670 517 113 222 522 500
10 531 694 149 550 535 379 600 235 673 582
10 163 565 438 324 422 632 338 681 397 341
10 496 432 358 473 222 624 421 597 278 253
10 420 656 200 296 156 110 619 136 238 161
10 527 485 229 346 613 580 285 519 106 364
10 342 206 164 219 309 698 471 322 326 465
10 568 412 436 225 527 641 639 350 246 241
10 642 354 176 599 406 545 589 654 240 530
10 248 459 534 542 595 609 686 186 339 210
10 648 217 612 674 327 435 278 395 597 171
10 228 586 326 306 436 303 583 514 446 597
10 486 412 149 575 626 146 165 669 518 110
10 558 505 135 154 442 203 601 618 338 225
10 169 432 348 502 600 272 433 296 305 565
10 455 500 563 506 323 348 179 696 191 467
10 434 528 578 345 223 502 293 185 143 629
10 647 109 270 625 318 670 276 658 263 334
10 539 175 198 321 216 574 500 444 469 622
10 389 221 405 395 447 184 269 326 482 601
10 634 207 275 250 213 535 170 228 579 131
10 629 489 471 302 691 237 516 295 228 280
10 191 341 175 663 488 132 119 345 410 456
10 153 698 356 290 260 494 448 301 227 350
10 569 447 299 639 493 430 665 631 218 579
10 297 415 523 230 495 494 437 509 682 272
10 362 666 331 397 260 221 114 115 202 440
10 255 197 518 151 294 633 144 310 250 575
10 491 417 261 379 281 504 594 345 156 676
10 193 671 128 200 584 358 591 391 675 683
10 580 498 608 623 133 350 476 549 632 499
10 541 345 224 179 358 452 448 481 671 689
10 331 299 243 301 347 643 206 562 224 475
10 229 330 230 600 674 304 601 589 277 284
10 308 514 219 542 419 153 414 226 604 246
10 577 658 646 533 606 207 651 231 427 270
10 238 208 332 403 687 514 630 274 541 407
10 604 585 620 356 330 270 590 176 239 203
10 522 516 659 257 264 149 418 455 192 386
10 460 109 608 468 437 342 536 400 603 476
10 267 330 575 553 364 552 186 119 645 289
10 297 146 135 670 160 406 227 204 523 283
10 464 516 602 184 112 196 226 665 583 546
10 201 379 428 138 116 241 227 112 524 442
10 372 477 328 134 417 125 589 692 230 689
10 498 289 266 172 569 139 302 511 383 535
10 475 679 655 669 254 479 274 318 210 510
10 417 110 528 590 381 665 546 413 392 228
10 405 170 116 230 369 667 185 480 380 387
10 537 455 282 297 652 238 250 507 399 684
10 427 661 212 463 543 385 297 574 160 422
10 370 106 661 142 518 232 150 648 292 689
10 669 263 536 118 303 425 391 228 473 695
10 136 433 459 279 139 580 122 365 537 576
10 444 692 624 287 283 417 471 362 661 694
10 318 361 226 615 190 161 528 480 291 396
10 565 218 640 620 492 170 670 166 137 512
10 336 278 326 609 635 304 572 164 382 286
10 403 280 509 480 171 455 450 136 570 411
10 386 551 217 589 682 243 433 560 462 378
10 372 530 292 213 401 287 700 472 368 245
10 247 451 328 419 615 114 538 277 472 605
10 258 486 168 397 438 472 608 335 539 489
10 667 252 143 157 591 438 595 361 662 424
10 113 176 556 127 229 250 428 492 550 233
10 647 147 460 351 546 572 444 663 641 177
10 461 307 119 424 483 503 694 324 488 258
10 197 534 649 293 134 267 151 694 674 154
10 510 124 350 364 322 141 177 344 333 303
10 446 612 370 159 439 122 540 246 357 171
10 211 206 376 526 302 317 597 200 492 438
10 400 221 491 141 310 429 652 348 523 412
10 333 222 267 219 226 662 603 321 359 339
10 556 314 325 458 456 579 187 350 563 115
10 228 452 669 283 243 427 300 299 150 560
10 118 223 273 441 389 493 262 695 532 430
10 466 177 111 659 120 533 193 331 326 670
10 172 494 185 586 661 369 366 596 238 492
10 141 157 509 486 565 520 298 185 670 570
10 614 688 228 658 275 584 404 242 364 403
10 238 145 557 304 536 345 484 467 465 205
10 109 585 615 515 244 364 525 124 381 446
10 300 218 462 178 282 219 141 114 524 348
10 219 536 532 116 401 222 544 566 359 367
10 461 324 361 191 630 287 407 482 368 290
10 206 477 692 284 504 381 443 197 543 351
10 663 568 366 493 281 471 211 304 418 626
10 285 429 327 487 182 519 308 472 657 417
10 271 520 476 383 611 644 118 690 351 406
10 448 341 612 503 491 506 166 507 329 659
10 467 478 559 667 381 599 403 529 585 265
10 200 390 282 278 448 405 357 592 675 246
10 170 206 151 230 553 507 633 141 157 236
10 627 634 462 351 569 277 395 465 160 429
10 174 162 161 515 494 170 581 422 354 355
10 404 507 159 478 405 645 321 198 108 492
10 129 400 601 518 492 254 183 519 268 389
10 462 290 142 339 412 356 147 128 159 682
10 481 176 375 194 243 285 521 163 246 333
10 264 362 503 325 434 676 233 252 420 250
10 434 552 537 170 250 306 219 156 122 451
10 633 326 638 277 402 606 147 432 202 347
10 602 394 541 274 510 405 388 246 543 608
10 495 630 367 217 659 596 619 182 149 488
10 445 133 633 298 569 342 554 142 417 490
10 260 487 409 591 484 196 310 364 542 679
10 489 214 654 186 256 492 138 671 661 306
10 341 556 366 481 471 140 254 494 643 357
10 252 276 175 145 677 617 286 166 402 247
10 221 631 500 287 202 196 194 421 319 403
10 551 412 676 660 581 505 358 451 265 553
10 581 109 450 455 380 402 278 377 106 167
10 643 531 506 606 339 148 391 695 566 569
10 668 657 524 531 607 624 686 417 131 564
10 111 616 319 530 434 372 560 623 666 316
10 199 594 494 163 214 299 201 152 372 673
