500 30 4
8 3 7 28 17 14 20 19 5
8 2 28 23 20 25 5 7 14
8 3 19 23 24 10 27 6 14
8 1 20 19 6 30 27 26 12
8 2 6 14 25 30 29 22 28
8 1 26 17 8 27 19 7 20
8 2 18 5 17 8 25 28 15
8 3 14 29 11 19 10 21 25
8 3 13 28 25 18 8 26 20
8 2 21 20 10 11 30 26 28
8 4 18 5 28 11 13 30 23
8 4 30 11 10 15 29 17 26
8 3 7 30 10 27 17 24 26
8 2 16 27 28 17 15 21 18
8 1 28 10 18 29 17 9 12
8 1 14 24 15 21 28 29 10
8 2 9 18 12 23 27 17 25
8 1 8 13 22 19 7 9 6
8 1 27 23 20 30 28 16 8
8 2 11 17 16 26 20 19 28
8 4 10 19 24 22 15 13 27
8 1 6 22 20 26 25 12 16
8 1 26 20 30 29 5 9 8
8 1 25 20 24 22 18 11 5
8 2 14 16 26 9 11 17 8
8 1 6 11 14 26 23 21 27
8 4 25 30 26 27 7 11 10
8 2 20 16 9 29 10 12 21
8 3 16 7 9 10 26 11 27
8 1 11 6 16 5 9 13 23
8 3 12 5 28 26 7 21 9
8 3 5 12 11 25 18 24 15
8 1 30 23 11 27 18 25 21
8 3 17 24 29 8 6 23 9
8 4 13 27 21 10 15 23 5
8 3 12 29 22 5 27 7 19
8 3 12 15 9 7 26 23 20
8 2 7 28 10 24 25 21 5
8 3 20 10 8 22 18 7 5
8 1 5 28 8 24 19 10 7
8 4 15 16 13 26 30 8 12
8 3 5 17 7 8 20 22 6
8 4 29 10 19 7 5 17 28
8 3 11 27 20 21 13 15 29
8 3 21 28 23 6 8 11 12
8 1 15 25 16 17 18 29 13
8 1 15 29 5 10 23 16 13
8 2 20 21 19 25 7 28 13
8 3 7 17 23 21 16 6 19
8 3 23 30 17 24 5 10 8
8 2 9 30 24 29 19 16 21
8 3 27 19 13 23 12 26 11
8 4 29 9 15 8 6 18 21
8 4 26 16 15 5 30 27 28
8 1 17 23 14 22 27 18 5
8 4 29 19 30 17 16 26 27
8 4 5 19 29 16 26 12 24
8 2 27 8 19 28 25 20 26
8 4 28 19 12 17 22 14 26
8 3 29 8 19 25 15 11 10
8 4 25 22 24 20 14 12 30
8 3 7 15 5 24 8 13 25
8 4 30 28 15 21 7 27 12
8 1 25 28 8 17 29 30 19
8 1 21 24 16 10 11 9 30
8 2 7 22 27 19 29 9 11
8 3 29 6 22 9 28 14 18
8 1 5 7 25 18 19 15 8
8 4 13 11 30 16 10 27 12
8 2 9 14 21 10 22 24 13
8 1 9 19 23 17 13 15 26
8 2 12 22 18 11 26 16 28
8 3 12 5 19 28 6 20 15
8 2 12 8 19 26 14 13 11
8 3 25 23 12 22 21 19 7
8 4 8 11 10 12 21 19 24
8 2 28 22 9 25 24 15 19
8 3 11 7 15 16 9 25 17
8 3 29 30 9 26 8 10 16
8 2 9 14 28 7 16 29 11
8 3 21 14 29 10 23 28 6
8 1 30 23 5 8 25 28 9
8 2 23 27 15 22 18 25 8
8 2 6 13 30 19 11 14 8
8 3 11 28 24 19 27 21 26
8 1 10 19 8 15 16 5 7
8 1 12 17 30 28 18 20 19
8 4 9 15 18 8 20 17 24
8 3 6 8 18 14 24 22 21
8 3 29 12 14 5 17 18 23
8 3 8 5 26 11 17 25 12
8 2 12 11 9 16 19 24 13
8 3 29 22 17 13 8 9 18
8 2 29 21 9 13 19 23 27
8 1 20 19 10 28 8 27 29
8 1 7 11 19 9 14 26 27
8 2 5 9 25 11 23 28 22
8 2 20 24 11 26 14 30 23
8 4 7 16 12 18 6 8 24
8 2 14 19 26 6 29 9 24
8 2 12 26 13 10 25 29 18
8 4 12 21 18 30 10 14 8
8 1 5 15 12 23 9 30 17
8 4 14 25 30 21 5 19 8
8 4 8 10 15 26 27 14 5
8 2 22 11 23 7 14 10 5
8 2 16 22 29 30 9 28 13
8 2 21 26 10 29 16 17 14
8 2 8 26 15 7 17 30 24
8 2 12 30 5 25 13 18 28
8 4 28 21 15 23 26 24 13
8 1 23 5 21 24 12 27 26
8 3 22 11 24 19 8 23 28
8 2 21 11 19 5 6 7 16
8 2 14 20 24 18 13 23 17
8 3 17 18 16 26 9 15 7
8 4 30 20 6 13 15 5 24
8 2 23 29 6 5 10 16 18
8 3 17 13 14 18 24 5 22
8 2 19 8 26 10 15 24 12
8 2 17 8 6 15 9 27 30
8 4 26 19 24 25 28 18 7
8 2 24 10 17 5 22 19 29
8 2 22 11 21 30 24 23 13
8 1 5 10 21 26 14 13 15
8 1 30 27 19 21 29 17 22
8 1 6 8 5 29 19 7 16
8 2 26 28 7 14 21 6 12
8 2 11 14 5 15 27 8 21
8 3 22 26 7 28 12 23 29
8 4 14 7 28 11 20 6 15
8 1 30 29 26 19 17 24 11
8 3 10 29 19 28 30 13 24
8 4 6 5 10 27 15 16 21
8 2 15 12 27 6 5 26 19
8 2 7 6 30 26 5 22 29
8 1 5 12 26 28 8 15 16
8 4 26 17 15 25 7 13 19
8 1 24 21 27 18 25 6 8
8 2 10 19 30 13 27 6 9
8 2 16 28 10 9 15 24 26
8 4 16 20 11 22 13 27 7
8 3 23 8 25 14 19 17 13
8 1 21 6 10 30 28 11 14
8 1 29 16 19 12 11 20 14
8 3 27 18 7 12 15 29 6
8 4 15 22 17 11 6 9 28
8 2 26 11 22 23 28 20 27
8 4 5 29 20 23 22 8 12
8 4 28 29 26 14 20 11 17
8 3 11 14 9 22 20 13 19
8 1 15 23 14 30 7 6 9
8 1 12 9 25 13 17 14 29
8 2 11 12 22 29 17 5 10
8 2 19 9 20 30 22 17 12
8 1 12 10 27 11 15 6 5
8 4 5 23 6 16 22 28 20
8 1 26 25 13 17 18 29 15
8 1 7 6 29 8 14 28 19
8 3 17 21 10 11 26 9 8
8 2 10 21 20 5 29 19 14
8 4 21 9 17 10 19 14 13
8 2 23 18 25 9 19 29 6
8 1 16 28 8 19 26 22 9
8 1 27 28 15 12 16 26 11
8 3 15 12 5 28 19 21 7
8 4 29 7 6 26 21 12 30
8 4 9 13 12 26 7 11 16
8 2 26 19 25 17 27 12 13
8 2 28 5 12 17 24 9 7
8 1 7 22 9 8 13 19 18
8 1 30 6 23 9 24 15 20
8 4 28 29 5 10 12 20 15
8 1 30 16 20 29 11 22 25
8 1 19 17 6 10 14 9 23
8 3 8 27 29 19 14 6 20
8 1 18 24 9 12 11 26 21
8 2 16 8 26 14 30 29 12
8 1 28 12 30 27 13 19 23
8 3 9 24 29 26 25 21 16
8 2 7 21 13 14 12 30 22
8 4 25 19 15 5 18 28 6
8 2 8 26 12 21 27 20 17
8 2 21 26 14 15 6 23 13
8 3 13 12 18 30 24 25 21
8 3 14 6 23 15 11 13 30
8 4 12 9 16 6 28 22 26
8 4 9 25 26 5 7 30 22
8 1 26 21 29 23 27 8 28
8 4 28 24 8 30 17 23 14
8 1 28 21 10 13 6 29 22
8 3 7 9 24 17 12 29 15
8 2 29 7 12 16 11 25 21
8 3 18 11 28 10 19 30 5
8 4 27 25 15 14 5 16 11
8 3 9 30 14 10 7 23 27
8 3 12 19 13 29 21 6 8
8 1 5 9 20 13 25 10 7
8 1 24 20 15 22 5 13 6
8 2 26 7 30 27 22 19 5
8 3 15 18 20 12 21 22 28
8 1 19 7 27 15 24 22 11
8 2 28 27 18 6 7 11 29
8 1 29 28 27 8 30 14 20
8 1 6 9 11 14 27 30 19
8 1 12 5 25 11 6 24 29
8 4 10 28 24 13 19 11 25
8 4 27 16 30 10 14 11 9
8 4 17 24 10 25 26 15 16
8 1 23 5 28 26 15 11 12
8 2 8 25 30 9 27 11 14
8 3 9 8 25 16 13 6 23
8 2 26 25 29 6 12 30 18
8 2 14 21 26 27 13 18 29
8 2 16 13 22 7 15 12 10
8 3 15 16 8 7 27 5 22
8 1 25 13 14 24 23 28 15
8 1 22 11 14 25 10 27 13
8 2 30 10 16 20 22 28 13
8 1 17 10 22 15 14 24 16
8 4 28 26 17 16 12 25 6
8 1 20 12 15 30 29 9 24
8 1 27 29 10 24 21 6 17
8 4 24 8 20 21 29 9 17
8 1 23 13 28 25 19 12 24
8 3 19 13 14 15 18 7 28
8 3 11 20 14 12 5 23 13
8 3 13 5 30 28 29 17 12
8 1 15 28 17 29 22 6 7
8 3 27 5 11 7 9 19 17
8 2 11 30 26 27 12 21 19
8 3 12 20 9 17 22 26 8
8 3 10 27 16 19 18 21 30
8 4 17 20 15 6 5 26 7
8 4 18 24 8 9 6 11 7
8 2 28 18 6 21 5 17 22
8 1 28 6 29 18 13 5 16
8 1 11 29 16 28 6 22 23
8 2 15 10 6 29 14 25 8
8 1 27 19 30 18 29 11 12
8 2 29 15 19 28 21 8 7
8 4 25 6 19 23 5 12 16
8 4 16 20 24 11 6 23 21
8 1 21 8 18 26 6 15 10
8 4 17 21 8 25 16 10 6
8 2 24 10 19 27 29 8 11
8 4 18 23 29 19 7 11 20
8 1 20 11 23 10 30 18 15
8 1 7 5 8 27 22 28 17
8 3 16 9 29 28 26 15 5
8 3 10 19 27 18 7 12 11
8 1 14 27 22 12 6 17 13
8 4 14 5 25 28 23 7 16
8 1 23 18 16 24 13 25 20
8 4 21 19 18 26 12 9 22
8 1 14 7 20 15 13 17 22
8 3 10 7 11 30 9 21 20
8 4 13 9 21 5 29 18 10
8 4 30 11 29 15 12 24 22
8 4 8 26 6 28 20 10 22
8 1 14 26 20 28 13 6 24
8 2 13 25 6 28 20 8 27
8 2 28 7 26 16 13 15 10
8 1 29 30 23 24 12 22 17
8 3 18 7 6 24 13 25 21
8 4 20 24 12 5 10 15 21
8 4 13 5 23 21 11 20 14
8 1 28 17 13 14 22 12 29
8 4 25 27 12 19 26 15 11
8 4 28 15 10 18 26 8 23
8 3 5 10 18 24 14 12 15
8 2 29 17 20 7 11 18 21
8 1 12 22 25 26 21 24 9
8 2 8 23 24 11 12 21 15
8 1 29 30 21 5 7 10 24
8 2 14 30 13 16 23 12 11
8 1 10 27 26 29 13 14 19
8 4 17 29 10 28 22 21 8
8 1 27 7 18 26 20 24 25
8 3 11 18 8 6 10 7 20
8 2 18 13 19 15 21 16 26
8 2 11 7 17 20 6 14 21
8 4 6 25 10 18 13 17 30
8 1 20 5 11 28 12 14 18
8 3 28 27 29 11 30 16 17
8 4 28 10 30 29 20 25 7
8 3 11 8 7 5 25 15 16
8 4 30 5 28 24 7 14 6
8 3 13 7 26 27 15 23 19
8 4 21 29 23 16 6 22 17
8 4 22 30 9 10 28 26 6
8 3 6 19 20 9 26 16 13
8 2 22 10 16 18 29 30 28
8 2 10 21 15 7 16 18 27
8 2 27 15 7 26 11 24 17
8 1 29 24 7 28 21 30 10
8 2 16 11 27 28 14 9 7
8 4 9 28 10 30 11 27 29
8 2 27 11 30 17 8 18 14
8 2 14 21 12 7 27 10 17
8 10 19 14 29 11 17 6 13
8 6 14 28 16 10 25 7 24
8 25 11 29 8 7 9 6 30
8 24 21 23 19 13 26 6 12
8 27 24 9 21 19 26 13 28
8 10 25 20 9 6 17 13 28
8 26 21 28 8 12 7 17 10
8 7 27 30 23 9 24 12 21
8 29 9 27 11 21 26 12 14
8 28 14 26 8 12 20 21 15
8 23 14 28 9 16 15 22 26
8 18 29 22 6 11 15 12 9
8 12 18 19 26 28 8 29 17
8 28 11 16 25 29 9 17 24
8 24 14 20 12 23 18 10 21
8 25 28 18 13 9 20 8 16
8 27 13 5 23 18 17 11 12
8 18 5 28 13 26 25 9 17
8 8 25 7 18 10 26 11 13
8 7 12 19 20 25 16 15 21
8 19 8 30 23 27 11 18 24
8 24 25 26 20 22 13 28 18
8 5 30 18 25 8 22 7 13
8 13 12 7 19 10 15 26 5
8 15 11 9 22 21 12 7 19
8 16 18 15 23 29 10 27 8
8 5 24 7 12 6 20 8 13
8 20 6 27 24 21 8 18 11
8 26 28 6 10 21 14 22 5
8 8 19 5 24 6 20 14 17
8 7 8 11 13 18 10 5 27
8 27 18 30 5 20 28 24 17
8 16 10 25 29 11 22 27 26
8 18 27 12 23 22 6 30 11
8 30 12 28 14 6 27 13 21
8 23 26 25 30 13 7 17 6
8 24 9 12 14 30 16 8 29
8 18 29 26 27 9 16 10 25
8 5 12 27 26 7 22 19 10
8 11 14 7 20 19 26 17 13
8 11 21 7 18 26 22 24 8
8 30 24 12 19 11 29 28 13
8 18 21 17 25 20 28 22 5
8 9 12 29 28 7 24 23 15
8 12 20 21 22 25 7 24 16
8 14 6 26 30 15 5 22 21
8 14 12 8 5 15 21 29 17
8 6 16 21 18 27 17 22 10
8 18 26 9 11 7 13 14 6
8 11 30 15 5 10 19 12 13
8 11 14 19 5 12 26 27 29
8 23 13 15 8 7 27 22 30
8 6 24 14 16 18 17 25 23
8 13 20 29 6 10 12 8 22
8 26 10 23 19 18 24 12 22
8 28 10 20 12 25 26 21 22
8 10 19 27 9 25 7 8 14
8 29 17 10 28 13 8 24 15
8 22 11 9 15 19 20 21 25
8 16 11 9 30 21 29 10 28
8 25 29 28 24 20 5 18 23
8 16 27 5 9 25 10 13 12
8 25 9 10 20 27 22 26 8
8 15 27 24 13 5 10 17 14
8 27 11 26 9 12 25 28 14
8 11 7 23 26 8 12 9 27
8 13 28 22 27 20 21 11 6
8 13 11 17 25 23 22 18 21
8 20 8 11 13 19 14 18 24
8 9 19 30 23 5 18 7 29
8 14 16 20 28 18 6 13 27
8 16 15 23 13 6 26 8 25
8 11 20 30 17 24 8 21 19
8 7 18 27 5 9 16 25 14
8 13 7 19 8 22 12 17 10
8 30 28 25 14 15 29 11 17
8 14 12 26 8 30 19 16 5
8 20 29 16 19 25 14 10 13
8 18 26 8 25 6 24 19 23
8 19 5 30 23 18 12 25 22
8 9 20 29 17 6 25 11 15
8 11 5 10 9 23 21 30 7
8 14 28 11 29 8 21 17 10
8 24 5 19 10 30 21 11 15
8 30 13 12 16 19 29 10 28
8 23 21 15 20 26 14 29 9
8 26 29 13 11 24 16 21 17
8 21 23 7 24 5 27 11 10
8 12 9 21 23 17 10 15 5
8 11 23 18 10 25 13 17 30
8 13 28 20 26 19 11 27 22
8 15 5 6 25 29 21 20 18
8 17 14 9 28 11 8 25 24
8 22 26 29 21 23 30 6 16
8 20 9 30 21 22 6 13 19
8 30 14 16 8 28 12 27 23
8 25 14 18 11 13 24 8 7
8 14 28 21 7 19 6 25 5
8 19 18 11 30 23 10 8 7
8 10 30 12 21 7 14 23 29
8 28 30 19 25 6 26 10 12
8 10 18 25 26 12 20 28 11
8 9 14 19 26 7 28 30 22
8 14 30 9 27 20 8 12 7
8 20 26 28 25 22 15 12 19
8 15 6 24 14 16 28 19 5
8 24 18 30 29 8 16 27 6
8 23 9 27 7 25 16 6 30
8 5 26 10 27 7 12 24 9
8 28 30 25 15 7 14 17 16
8 7 8 28 13 12 21 29 10
8 9 23 14 27 20 19 10 30
8 15 9 16 10 13 29 24 8
8 29 13 7 22 12 6 8 19
8 25 26 15 23 6 11 27 14
8 11 26 10 25 12 8 18 23
8 13 27 10 5 15 28 26 14
8 26 14 24 20 30 29 22 10
8 5 21 7 18 6 9 24 16
8 28 14 5 26 25 17 7 30
8 9 18 23 24 8 11 6 22
8 21 13 27 29 25 8 10 12
8 14 11 22 13 24 19 18 26
8 18 22 19 21 8 6 20 29
8 22 23 27 18 25 26 15 7
8 6 7 15 27 8 13 11 21
8 11 8 14 10 13 18 15 6
8 23 20 17 6 21 29 10 9
8 18 7 9 10 21 5 15 29
8 30 26 27 5 28 10 20 13
8 12 22 19 27 20 8 13 29
8 15 13 10 20 29 30 18 9
8 24 19 12 7 6 10 21 23
8 30 22 12 27 13 24 21 7
8 19 8 15 7 5 14 30 25
8 18 16 11 19 7 10 13 24
8 26 25 20 15 5 16 13 30
8 10 15 7 23 14 8 9 6
8 24 10 19 20 15 28 26 11
8 15 12 10 29 21 7 14 22
8 11 9 30 28 12 23 22 19
8 16 7 11 14 28 15 13 25
8 11 16 26 21 13 7 19 24
8 22 8 14 9 5 11 29 27
8 5 22 9 15 13 28 24 29
8 13 6 21 27 19 7 18 10
8 6 14 21 18 19 25 8 22
8 21 13 9 14 29 18 16 11
8 20 17 30 23 27 16 14 18
8 17 15 30 20 8 27 22 26
8 24 6 22 29 5 21 9 30
8 28 22 21 11 13 15 9 10
8 6 9 19 25 23 14 11 26
8 21 15 20 13 16 27 24 7
8 7 25 21 24 9 28 17 27
8 22 13 14 7 10 28 25 24
8 27 25 21 20 18 30 6 7
8 11 25 16 10 24 21 23 5
8 7 14 21 11 28 16 19 24
8 12 13 24 9 29 28 22 23
8 16 12 24 20 11 15 27 6
8 13 24 30 14 18 12 19 8
8 30 25 12 21 23 16 27 22
8 20 9 6 12 16 27 21 5
8 6 25 7 20 23 15 19 24
8 26 30 14 29 7 25 18 5
8 18 29 8 16 30 5 24 28
8 21 13 23 26 20 10 24 27
8 13 8 26 16 28 12 11 14
8 9 24 29 18 16 21 25 30
8 28 21 7 20 6 10 12 27
8 7 9 21 6 14 12 26 24
8 12 18 21 13 27 30 5 11
8 8 26 20 27 6 5 17 10
8 26 16 25 24 20 27 23 30
8 15 6 8 20 28 27 13 7
8 26 21 16 24 23 7 12 11
8 29 30 5 15 20 7 26 11
8 19 24 27 10 11 29 20 13
8 11 24 12 26 19 30 27 29
8 5 23 29 12 27 13 10 18
8 24 15 13 7 18 5 9 27
8 14 6 12 21 28 24 30 25
8 30 15 10 7 24 27 21 19
8 22 7 28 13 26 6 5 29
8 15 9 5 27 24 13 6 16
8 15 18 11 23 16 5 21 26
8 7 12 14 26 15 25 13 8
8 20 7 30 23 24 28 22 12
8 9 18 15 28 6 25 22 12
8 20 5 6 30 29 15 10 8
8 10 30 27 26 7 6 28 8
8 16 26 9 18 5 20 14 25
8 8 24 7 23 30 29 5 15
8 27 6 17 11 5 16 19 26
8 19 30 20 9 17 5 18 10
8 27 12 11 16 8 10 17 30
8 6 16 8 7 26 30 17 20
8 14 26 20 6 19 15 12 7
8 13 29 23 22 6 26 8 17
