800 500 5
10 66 432 210 482 260 195 310 336 174 417
10 19 463 167 347 355 384 321 86 284 425
10 4 227 367 250 496 105 145 280 433 454
10 26 332 396 282 395 452 288 271 447 138
10 34 438 377 176 299 412 319 392 182 488
10 58 94 382 461 222 380 126 396 479 252
10 64 300 357 303 461 436 192 270 454 82
10 52 195 88 334 221 383 487 344 373 395
10 18 213 406 437 321 122 313 451 146 264
10 59 323 119 265 251 248 436 180 100 404
10 20 487 462 373 159 498 328 413 91 306
10 51 294 209 160 289 291 498 276 421 331
10 48 253 399 221 304 98 249 441 280 278
10 34 317 76 233 282 292 120 265 127 346
10 47 332 325 276 141 83 168 495 490 247
10 31 91 111 351 251 325 353 101 340 99
10 21 495 383 455 82 279 357 128 96 106
10 69 322 217 396 128 286 334 230 184 87
10 11 102 325 289 240 239 442 449 159 380
10 27 197 236 476 468 301 489 357 393 83
10 20 290 404 369 311 95 306 441 112 471
10 10 468 127 177 408 143 80 182 258 485
10 68 350 205 360 471 464 136 381 343 192
10 32 493 92 141 439 287 134 86 227 170
10 4 110 84 191 148 256 500 432 313 362
10 6 390 182 127 427 117 321 456 487 257
10 3 449 350 215 391 426 129 429 237 370
10 72 255 321 208 213 355 463 257 474 373
10 36 298 326 280 355 461 241 106 260 421
10 75 458 95 257 429 371 123 194 129 181
10 64 442 393 279 247 131 267 424 321 82
10 35 378 465 440 373 130 321 457 77 329
10 74 446 289 493 393 117 280 431 455 192
10 68 348 299 341 466 289 450 172 421 78
10 36 483 256 195 242 472 328 205 186 152
10 58 337 235 291 195 247 309 461 336 460
10 56 407 402 133 500 103 421 318 183 349
10 45 199 392 376 289 276 446 161 449 477
10 55 436 376 401 274 382 336 342 471 189
10 31 178 341 216 410 262 236 190 82 131
10 59 83 399 247 90 175 258 109 93 432
10 36 177 347 101 235 198 247 268 314 87
10 9 433 312 450 466 397 236 80 411 228
10 14 156 112 160 206 163 128 382 390 168
10 19 236 435 464 101 420 494 342 259 477
10 45 224 190 298 104 446 418 219 368 498
10 14 134 268 188 151 235 320 310 476 256
10 50 281 178 431 222 98 208 477 409 447
10 57 99 184 472 375 263 374 295 288 118
10 19 234 406 400 333 86 429 313 222 237
10 73 131 263 385 83 112 262 106 282 475
10 28 350 203 288 300 487 151 362 309 175
10 73 114 460 319 294 359 311 195 314 181
10 3 204 466 270 203 107 193 253 444 129
10 50 180 82 375 408 189 166 205 345 97
10 44 362 275 93 417 215 423 78 161 321
10 65 218 163 118 102 283 181 272 186 433
10 33 467 178 302 134 174 423 159 452 233
10 64 226 110 278 175 191 123 459 153 386
10 52 196 213 140 278 149 468 159 448 321
10 52 251 271 116 454 189 204 435 179 191
10 18 343 326 319 238 442 150 137 377 334
10 17 237 144 492 462 316 173 432 461 497
10 18 222 226 365 346 329 324 371 272 127
10 42 406 458 87 199 280 322 206 189 122
10 32 442 76 215 189 168 314 131 246 454
10 35 204 82 292 250 360 113 332 242 267
10 23 133 338 336 335 419 428 235 244 437
10 22 261 145 495 99 112 436 229 164 151
10 54 278 499 138 120 451 403 249 136 425
10 14 350 402 423 265 177 238 271 96 155
10 56 203 473 194 252 401 235 120 306 295
10 49 140 424 499 350 497 326 414 420 439
10 68 441 426 409 489 109 220 499 460 187
10 30 446 465 138 289 220 438 246 302 292
10 71 401 227 457 418 449 433 344 479 159
10 49 151 368 195 169 347 358 480 141 372
10 16 188 221 97 331 123 214 126 321 78
10 9 222 444 429 256 404 453 271 119 451
10 25 353 478 393 281 435 217 178 257 432
10 34 494 468 267 82 401 278 136 112 304
10 16 262 144 279 421 198 460 349 354 292
10 56 429 78 491 230 448 281 131 235 121
10 62 193 305 281 356 117 111 472 489 145
10 19 198 366 143 324 186 362 236 314 491
10 2 293 400 359 134 114 403 165 99 450
10 43 306 335 187 300 124 77 439 471 427
10 71 364 119 339 157 126 242 223 81 97
10 69 122 235 455 366 386 292 471 96 113
10 31 441 107 288 427 111 491 270 159 433
10 64 214 320 330 361 408 453 181 336 482
10 18 188 466 155 287 274 498 109 206 249
10 1 336 480 320 334 147 163 174 414 229
10 27 221 282 118 340 442 240 465 138 165
10 69 355 235 368 459 465 238 137 270 120
10 12 267 141 431 332 90 314 244 147 362
10 68 114 383 413 491 250 329 388 470 347
10 4 307 126 437 450 104 367 344 378 230
10 6 466 202 339 193 440 250 134 357 450
10 73 260 336 371 299 391 434 294 481 201
10 27 342 356 403 362 300 257 463 429 457
10 51 233 250 447 405 353 228 84 104 324
10 23 242 316 326 84 437 113 400 397 134
10 7 146 402 277 331 293 403 319 408 169
10 31 176 443 440 329 437 422 473 477 454
10 34 468 194 207 169 101 380 227 437 138
10 29 445 79 371 401 125 443 197 490 387
10 61 107 121 460 461 279 344 464 390 420
10 58 438 435 219 491 287 200 417 481 363
10 43 421 410 402 381 470 440 168 78 257
10 47 204 385 194 406 498 347 448 352 185
10 46 467 272 133 401 495 80 386 267 480
10 6 205 344 151 227 329 309 78 479 203
10 63 392 324 144 191 304 312 294 205 362
10 53 121 225 378 402 116 293 132 325 153
10 59 112 307 122 435 110 410 218 411 474
10 3 81 484 76 464 256 142 336 123 359
10 69 222 269 110 350 157 156 115 271 175
10 58 321 207 166 370 427 298 329 129 188
10 11 114 182 149 285 391 206 137 293 292
10 7 256 439 484 430 352 143 199 132 272
10 9 91 268 80 336 125 403 162 138 356
10 40 124 180 261 456 229 491 468 379 163
10 75 362 490 226 234 388 365 472 377 473
10 3 169 135 299 228 486 385 332 472 372
10 63 480 204 379 346 328 452 477 499 288
10 32 355 130 458 341 175 315 442 408 129
10 42 352 397 345 193 357 442 461 451 311
10 31 241 192 158 396 252 237 121 154 173
10 74 372 425 201 125 469 322 434 483 218
10 47 161 279 257 169 167 459 101 236 176
10 23 472 391 448 111 241 204 83 323 331
10 40 277 238 441 399 152 351 166 459 412
10 72 328 410 335 217 411 483 143 408 127
10 14 426 366 357 385 430 166 225 185 213
10 13 362 181 205 82 130 273 425 450 249
10 26 131 445 467 233 109 287 103 228 428
10 60 294 277 383 390 252 484 414 199 94
10 43 236 147 212 224 399 408 404 480 82
10 60 262 155 144 230 260 409 137 425 454
10 46 273 140 245 274 138 121 228 424 295
10 18 473 258 334 307 351 467 417 435 209
10 40 154 348 496 137 377 316 151 328 218
10 4 368 148 269 100 126 340 363 85 231
10 63 122 441 476 344 185 415 175 296 178
10 41 489 498 417 309 144 333 253 230 88
10 73 169 408 388 244 91 130 384 183 192
10 46 412 423 246 173 91 296 444 290 373
10 4 312 235 367 405 292 270 432 240 119
10 33 383 161 424 382 339 91 84 111 222
10 61 215 336 400 80 84 395 293 263 141
10 67 100 270 377 385 444 158 171 338 134
10 36 457 479 271 287 241 150 126 307 341
10 14 185 259 487 206 372 461 140 232 285
10 51 126 444 198 139 237 252 256 173 422
10 14 469 319 278 255 153 167 176 404 450
10 7 322 235 309 320 242 193 457 400 289
10 15 366 247 132 495 413 200 163 260 121
10 66 214 479 310 281 296 257 290 433 262
10 41 107 174 90 203 430 96 470 310 387
10 69 170 193 248 123 77 295 185 237 323
10 31 125 265 93 468 405 423 205 304 295
10 45 304 500 76 447 316 129 196 323 191
10 19 230 104 175 337 431 403 389 120 217
10 38 395 232 318 384 114 122 377 459 424
10 24 187 411 482 171 428 156 496 472 415
10 23 92 294 217 475 340 301 103 233 271
10 44 91 180 378 321 300 254 441 411 425
10 50 354 479 343 322 292 248 373 102 107
10 47 480 137 287 158 248 283 417 171 142
10 66 288 386 127 120 459 491 188 286 487
10 30 111 233 342 193 222 299 239 432 249
10 23 448 193 89 237 268 429 473 402 216
10 9 472 265 96 86 453 165 425 112 273
10 29 431 380 350 284 349 490 287 494 117
10 23 228 152 225 105 117 100 150 94 285
10 63 250 104 98 206 303 372 309 330 255
10 39 456 195 113 327 209 177 466 492 139
10 70 192 499 227 160 346 225 434 457 109
10 60 142 123 90 391 324 370 121 147 396
10 36 131 246 279 373 447 256 386 208 458
10 14 281 416 489 261 378 176 475 479 161
10 24 175 283 310 236 295 391 390 323 317
10 57 324 272 153 151 477 288 341 106 201
10 5 250 341 207 210 385 283 497 97 376
10 36 450 128 424 180 438 456 261 183 428
10 63 305 349 447 155 493 386 110 303 318
10 67 456 99 278 170 394 473 397 234 424
10 14 86 263 349 98 243 242 378 189 115
10 28 388 161 346 405 151 142 318 105 188
10 70 349 220 425 309 353 133 491 90 306
10 49 318 238 341 326 217 393 188 191 201
10 17 500 426 273 233 276 320 495 251 368
10 73 225 406 367 347 172 224 469 179 427
10 54 246 198 217 211 209 330 426 459 302
10 24 499 423 204 395 440 495 323 350 311
10 73 175 399 180 189 197 206 274 371 307
10 40 472 433 314 345 230 84 162 90 89
10 31 400 88 123 125 194 348 119 330 318
10 74 409 127 94 192 95 155 481 153 381
10 51 250 116 286 496 212 124 393 403 252
10 67 254 445 141 157 201 332 499 94 370
10 60 289 400 416 385 93 365 383 222 253
10 54 365 344 283 82 248 220 335 290 154
10 18 472 77 497 428 95 457 250 85 260
10 67 309 196 316 352 484 135 475 205 397
10 24 331 318 125 448 477 398 141 88 434
10 58 127 136 163 140 315 470 175 331 409
10 61 186 98 398 244 252 378 278 355 203
10 63 145 380 125 114 229 449 200 252 243
10 70 432 352 480 471 157 500 100 479 255
10 45 336 220 274 398 111 316 489 466 246
10 53 280 300 197 370 162 379 308 119 347
10 32 307 456 246 444 332 339 273 263 181
10 5 364 237 421 460 97 486 254 496 200
10 9 233 383 312 123 95 323 281 379 480
10 43 407 467 340 205 259 76 166 145 335
10 71 258 355 433 99 381 322 409 175 380
10 15 116 92 184 161 214 400 227 301 190
10 38 320 163 417 272 431 399 457 332 487
10 22 162 117 108 450 494 215 313 239 224
10 26 256 185 292 486 117 118 280 157 281
10 23 218 193 276 201 301 117 436 311 139
10 74 414 214 88 232 243 418 434 110 156
10 19 490 426 398 231 142 206 92 188 265
10 61 408 136 90 212 290 184 219 391 164
10 19 475 186 129 435 337 466 496 170 116
10 12 108 322 114 358 189 368 381 177 179
10 32 175 269 319 417 245 459 338 248 474
10 21 494 185 367 425 119 343 156 134 387
10 69 101 333 467 151 474 216 490 234 115
10 16 321 135 467 265 323 262 295 222 330
10 74 254 104 491 247 397 400 166 146 81
10 67 388 85 211 420 415 318 242 159 396
10 67 457 147 274 233 433 293 180 218 229
10 62 134 417 136 453 390 184 431 117 193
10 74 184 77 96 309 252 355 191 387 429
10 73 203 210 160 391 293 361 311 302 460
10 33 343 251 176 369 487 149 292 448 278
10 2 446 140 414 379 444 364 86 418 395
10 60 407 251 195 326 456 299 165 414 341
10 30 430 347 452 465 202 263 327 120 218
10 41 419 109 379 204 152 154 174 478 454
10 61 424 441 141 349 142 359 418 416 107
10 39 410 239 184 496 335 128 153 312 245
10 23 325 126 258 125 263 389 280 385 110
10 64 489 321 275 305 390 137 158 372 80
10 27 236 202 415 181 405 420 92 491 203
10 75 197 278 293 127 396 332 204 193 181
10 9 96 391 201 308 365 291 499 114 272
10 42 382 94 236 155 398 344 461 173 477
10 32 469 107 407 277 436 109 396 285 358
10 70 467 224 384 499 119 442 338 202 220
10 34 199 427 363 201 108 441 84 228 284
10 18 471 409 100 190 176 182 169 138 244
10 5 356 143 149 481 374 361 465 483 443
10 75 261 391 434 169 442 355 493 130 131
10 65 304 392 448 99 313 219 262 420 236
10 13 147 93 143 334 207 322 244 107 280
10 53 307 109 233 334 359 403 467 309 446
10 59 216 483 357 166 207 427 85 492 281
10 38 170 493 120 433 229 328 393 105 355
10 37 222 291 449 321 368 344 460 417 194
10 35 274 431 383 370 482 271 414 106 210
10 44 269 98 264 225 321 384 174 152 261
10 4 287 204 469 283 321 323 442 292 268
10 3 447 207 132 433 423 282 118 259 331
10 36 207 420 380 314 367 113 487 138 430
10 64 437 335 482 160 217 421 127 345 80
10 58 391 252 258 148 402 488 355 275 127
10 71 429 475 209 369 237 405 312 225 332
10 56 182 225 437 113 266 464 312 198 216
10 61 79 181 265 322 451 123 289 233 373
10 5 118 149 463 203 153 395 219 376 240
10 72 76 429 434 305 307 142 340 250 445
10 49 115 223 254 403 195 78 231 261 288
10 2 351 423 155 285 297 135 472 322 422
10 56 475 115 282 219 492 196 121 300 327
10 13 183 331 313 390 106 438 129 293 277
10 71 258 157 338 398 223 250 342 285 227
10 5 177 480 468 416 99 485 371 491 477
10 66 214 378 399 331 258 426 424 100 114
10 17 126 253 211 319 276 108 188 495 365
10 69 457 310 143 398 83 164 332 366 157
10 74 428 450 316 330 386 438 280 459 477
10 8 270 347 86 433 198 466 192 429 232
10 36 180 237 166 135 429 244 446 426 341
10 50 462 376 326 169 432 221 265 238 254
10 50 298 159 473 106 216 98 125 273 243
10 66 132 460 443 430 306 463 307 320 451
10 51 456 115 483 338 126 418 467 319 371
10 44 368 469 435 326 407 152 440 486 463
10 2 465 197 172 87 373 192 262 115 251
10 53 82 148 159 172 227 118 230 174 183
10 62 412 90 283 257 164 256 439 249 226
10 42 438 485 343 373 220 318 385 335 481
10 17 77 248 450 211 352 300 371 499 161
10 24 283 453 127 458 151 277 479 196 247
10 42 411 309 110 266 499 182 468 479 353
10 43 176 394 249 298 479 224 106 166 76
10 50 453 252 199 436 456 279 378 464 159
10 12 316 94 294 500 315 213 204 288 137
10 23 359 404 301 193 206 333 307 167 328
10 61 282 92 376 77 95 392 305 189 100
10 60 360 293 500 369 176 204 102 370 334
10 43 442 268 321 369 165 256 425 126 96
10 60 309 446 206 449 241 216 235 343 201
10 37 252 272 82 188 426 405 374 91 206
10 73 358 480 405 279 484 121 382 323 355
10 62 452 162 424 195 108 438 381 185 319
10 27 104 102 174 221 369 134 474 329 246
10 65 187 178 257 233 482 323 280 426 242
10 22 426 413 243 122 245 255 233 163 327
10 43 334 290 225 309 443 355 215 252 438
10 32 330 104 291 299 392 91 265 363 220
10 50 146 125 101 269 158 241 416 133 121
10 25 231 151 349 199 467 383 382 404 466
10 75 91 211 499 490 199 179 472 415 420
10 14 275 331 395 107 77 184 319 435 126
10 51 301 247 346 288 393 452 430 233 458
10 67 88 492 320 279 258 190 274 407 94
10 35 476 429 416 223 122 477 466 255 148
10 60 293 278 209 213 267 402 462 369 116
10 56 314 121 280 444 348 87 491 307 372
10 66 123 417 404 325 185 438 86 236 76
10 17 407 341 189 83 477 487 160 316 159
10 15 96 260 193 377 494 332 307 484 176
10 29 460 487 354 127 447 428 237 92 99
10 1 347 404 82 197 459 483 379 391 236
10 69 307 320 168 120 334 340 139 194 227
10 62 499 374 365 83 322 480 170 208 327
10 40 133 278 139 441 88 330 173 274 309
10 65 361 84 381 469 483 317 215 183 462
10 3 154 145 327 459 362 330 451 398 164
10 11 130 249 161 175 165 141 431 370 331
10 39 196 121 172 245 237 300 225 494 270
10 1 142 401 280 137 363 489 438 366 273
10 50 495 367 239 256 441 119 471 204 260
10 40 102 122 478 89 257 166 355 103 467
10 27 309 336 388 416 143 147 434 359 100
10 18 243 127 416 366 387 373 123 161 312
10 9 489 454 388 360 306 340 434 485 342
10 37 93 479 440 137 216 189 267 76 201
10 54 94 368 226 89 292 104 78 405 296
10 24 424 417 211 214 143 182 176 258 198
10 8 187 379 195 479 472 265 124 214 327
10 28 399 311 103 488 211 184 341 380 80
10 57 274 81 390 217 227 291 248 133 396
10 52 470 325 328 84 153 463 229 152 225
10 60 445 331 120 349 413 187 197 221 186
10 28 408 235 260 193 119 175 343 300 230
10 19 181 202 366 96 285 311 135 85 162
10 21 460 141 196 309 282 419 304 431 218
10 30 324 111 262 86 450 379 380 280 365
10 25 100 314 93 139 121 453 276 173 191
10 73 455 266 449 288 444 424 415 215 471
10 55 379 490 174 82 355 149 263 95 339
10 12 338 127 335 400 431 241 136 334 425
10 24 84 468 493 106 149 216 172 218 255
10 73 237 239 280 373 421 300 279 375 186
10 22 384 117 427 442 173 102 124 404 414
10 55 150 447 145 329 313 262 116 453 205
10 73 380 254 403 478 312 158 351 393 396
10 44 379 77 409 206 153 226 336 392 293
10 59 202 113 166 319 280 251 333 452 460
10 58 79 453 219 269 345 463 341 402 208
10 49 403 247 264 141 232 421 445 499 196
10 60 499 271 377 202 420 309 147 122 434
10 65 76 441 388 113 325 102 266 432 155
10 64 317 178 146 174 176 410 164 466 500
10 50 289 248 261 470 193 144 348 326 132
10 51 291 415 218 211 283 156 210 407 87
10 59 344 181 370 288 389 314 149 396 106
10 3 257 157 383 149 282 347 313 292 424
10 52 402 362 143 376 262 371 125 385 290
10 69 396 301 290 151 297 359 224 379 214
10 70 473 183 227 330 107 469 127 262 191
10 14 404 460 240 216 426 163 151 142 473
10 64 217 400 328 122 429 288 211 304 383
10 63 479 446 327 88 211 207 129 460 170
10 5 159 104 377 122 174 135 76 351 103
10 42 196 179 77 474 313 82 303 423 191
10 66 158 169 175 132 498 191 343 205 244
10 64 467 415 394 179 271 121 423 149 364
10 29 431 491 467 321 92 273 459 245 344
10 24 120 413 488 492 147 247 117 267 281
10 23 83 79 122 422 309 135 235 110 391
10 72 220 294 77 148 356 476 323 105 397
10 4 447 81 363 449 323 135 482 333 139
10 42 455 500 314 224 476 408 435 446 377
10 32 309 183 258 449 263 369 431 285 439
10 6 221 147 315 242 179 434 343 193 136
10 26 184 253 150 329 317 349 140 243 382
10 45 349 225 488 174 144 474 276 448 164
10 55 443 481 451 227 360 397 264 193 182
10 9 497 463 349 453 228 104 486 348 431
10 47 310 126 374 316 187 270 493 115 459
10 4 273 406 416 259 255 76 461 392 466
10 42 187 348 131 418 95 156 115 476 82
10 72 335 231 246 76 156 316 435 253 336
10 33 492 435 325 93 166 446 388 328 366
10 70 135 174 265 223 251 445 412 89 102
10 48 258 476 140 255 387 160 158 264 373
10 19 414 483 381 98 352 471 424 173 198
10 34 168 171 96 356 222 306 303 320 256
10 19 112 400 330 417 395 271 130 458 203
10 10 500 162 171 142 336 229 325 435 493
10 35 219 465 478 495 419 322 118 195 260
10 71 361 132 347 366 80 221 492 318 156
10 23 313 116 222 78 376 397 144 297 460
10 63 434 289 315 415 134 126 320 363 112
10 42 347 109 303 450 237 488 162 434 179
10 53 256 205 298 335 270 337 255 334 394
10 12 226 275 209 258 201 225 95 415 400
10 59 229 163 192 104 338 320 370 438 183
10 13 396 253 245 365 279 461 364 458 223
10 63 143 195 105 458 249 138 194 248 417
10 16 118 137 446 210 142 263 80 229 345
10 17 447 331 161 196 245 382 116 105 395
10 7 124 135 372 298 499 206 385 475 333
10 52 170 301 321 228 222 172 232 84 208
10 18 149 345 420 248 195 182 228 232 121
10 50 333 241 263 134 128 470 410 248 299
10 49 176 478 219 248 491 148 361 490 332
10 68 285 360 354 431 391 202 482 373 433
10 28 310 354 264 154 205 213 457 402 148
10 59 440 229 425 269 325 90 77 267 220
10 69 246 379 192 181 431 425 136 363 83
10 52 160 336 224 242 493 438 387 145 386
10 58 311 132 171 135 118 389 194 280 120
10 66 158 386 212 486 187 317 374 356 365
10 58 263 204 415 195 473 141 391 450 496
10 24 496 403 433 321 195 230 329 119 371
10 29 480 366 498 385 230 313 379 198 94
10 37 94 248 136 361 117 93 324 473 150
10 75 486 226 476 369 370 125 118 235 212
10 57 411 432 356 215 468 304 210 373 316
10 19 419 212 346 270 227 249 454 321 134
10 73 225 364 143 96 138 350 82 200 366
10 39 172 152 86 276 194 76 359 259 405
10 72 111 185 452 350 295 468 205 132 372
10 24 184 127 336 418 176 241 215 104 269
10 53 207 176 217 390 305 145 431 259 175
10 8 426 123 473 195 248 260 436 405 360
10 2 184 424 182 274 411 488 215 399 469
10 30 116 362 440 243 481 297 309 119 293
10 21 402 137 293 104 486 177 475 202 223
10 37 427 103 184 135 348 313 185 173 424
10 75 225 359 358 96 396 356 164 472 157
10 44 432 396 423 363 321 171 258 181 421
10 25 230 105 228 393 415 273 122 103 476
10 16 244 414 482 412 154 131 340 185 387
10 54 132 240 379 160 99 87 333 258 456
10 4 317 223 263 466 484 245 159 150 310
10 49 431 265 107 324 460 216 78 259 150
10 73 291 412 189 426 137 124 425 323 202
10 4 446 374 146 323 371 444 401 491 160
10 3 443 250 304 436 193 438 126 430 181
10 24 153 448 408 417 309 89 272 279 231
10 9 104 387 111 436 353 282 382 134 294
10 24 407 330 203 188 312 409 162 281 86
10 18 289 115 225 393 139 479 263 457 269
10 71 249 213 454 143 441 478 222 302 86
10 43 265 361 383 301 155 311 192 290 241
10 9 93 317 205 100 321 296 92 188 125
10 60 192 377 295 232 210 328 117 487 222
10 34 484 143 167 486 159 229 120 139 461
10 74 317 367 383 160 162 88 418 120 184
10 49 90 256 367 101 382 418 314 315 240
10 28 410 301 483 166 334 296 409 386 252
10 36 345 109 372 468 486 428 207 246 257
10 12 376 129 165 215 357 199 420 398 353
10 26 454 391 275 277 436 486 226 271 209
10 73 458 343 196 248 233 399 470 436 130
10 38 210 480 472 464 137 278 397 292 156
10 66 304 77 145 427 330 454 106 354 149
10 3 146 408 273 104 354 256 458 492 352
10 12 357 280 194 495 204 133 413 480 365
10 17 305 366 390 379 140 241 388 291 451
10 9 207 324 356 334 106 200 269 92 330
10 433 91 345 339 146 369 346 363 124 88
10 157 351 99 241 462 252 493 401 452 290
10 495 371 497 485 206 409 260 156 133 313
10 410 166 297 413 284 176 248 260 261 215
10 297 216 424 303 153 435 331 475 483 274
10 310 144 242 408 388 78 364 384 134 382
10 305 393 98 497 142 294 484 207 211 91
10 142 419 161 233 356 280 391 400 412 342
10 299 430 464 326 414 400 317 92 244 135
10 198 263 96 463 299 145 201 490 104 279
10 268 214 255 323 451 495 138 371 174 218
10 141 204 123 118 248 80 205 399 252 410
10 223 177 495 424 281 454 282 162 203 365
10 283 265 219 425 156 200 344 292 419 148
10 247 153 326 291 196 372 360 354 241 187
10 370 352 193 491 223 294 284 404 401 402
10 327 84 489 352 269 173 261 266 429 129
10 494 158 146 410 288 203 291 167 369 252
10 120 441 157 193 250 490 162 306 368 236
10 100 191 225 316 124 306 430 285 425 145
10 210 172 141 314 477 390 342 385 229 304
10 136 204 246 96 361 428 269 85 499 185
10 349 172 78 255 146 493 80 273 499 127
10 283 402 466 259 455 496 248 225 476 190
10 479 232 277 432 114 381 478 85 194 84
10 211 195 294 278 131 257 424 121 125 170
10 172 443 205 272 231 462 82 78 446 221
10 291 198 228 459 120 355 348 323 331 217
10 83 310 489 404 328 444 242 224 240 150
10 94 338 414 178 247 81 416 303 143 404
10 452 76 124 202 118 313 209 487 466 472
10 434 211 283 213 353 426 243 134 166 104
10 191 150 133 249 87 476 486 484 181 461
10 252 401 269 113 310 475 80 84 181 122
10 193 171 226 201 89 499 262 467 317 424
10 396 123 266 242 119 310 246 81 126 179
10 343 304 487 262 377 219 234 323 225 192
10 491 314 347 489 93 246 324 152 122 92
10 450 205 196 254 484 165 175 85 285 345
10 175 382 305 434 260 183 370 484 293 389
10 398 224 223 372 83 375 157 331 207 143
10 474 258 452 429 170 333 427 464 252 197
10 372 177 258 206 409 169 211 282 185 256
10 115 109 435 408 379 137 213 409 404 364
10 368 347 403 370 132 219 449 224 117 396
10 346 251 95 445 205 86 169 96 387 388
10 475 298 173 140 398 237 448 151 325 158
10 440 112 435 162 441 201 301 80 85 497
10 450 410 215 389 175 176 342 115 233 482
10 441 327 229 124 215 291 344 413 359 250
10 258 159 402 303 114 444 322 319 345 274
10 326 393 302 163 283 78 272 111 382 436
10 328 235 196 410 389 183 378 496 161 292
10 168 179 482 356 144 424 102 98 142 227
10 476 430 143 254 424 210 470 189 260 257
10 155 191 195 405 390 467 455 146 162 269
10 171 254 468 400 319 222 345 285 348 487
10 159 278 490 480 176 211 469 357 132 335
10 333 356 480 325 132 227 335 185 224 232
10 317 246 149 328 462 235 210 280 434 400
10 441 311 482 442 363 90 473 252 474 76
10 214 201 92 111 347 450 117 282 311 423
10 172 269 419 206 113 373 357 376 278 294
10 418 151 175 297 182 318 285 308 341 426
10 201 214 339 434 144 88 317 202 248 113
10 327 405 188 394 107 210 91 486 160 406
10 151 174 480 463 223 116 400 461 427 426
10 94 166 82 363 467 121 443 119 493 249
10 191 348 437 495 446 319 379 139 432 462
10 415 171 475 242 137 404 403 169 337 440
10 365 121 231 200 498 446 89 340 138 473
10 192 171 121 113 89 277 174 397 339 354
10 370 135 207 305 200 358 379 290 233 478
10 196 157 277 192 352 228 159 214 134 387
10 120 294 284 452 394 126 435 237 389 495
10 220 464 378 117 85 163 476 274 103 341
10 239 486 150 139 121 184 357 449 180 479
10 199 436 341 361 222 445 216 346 99 81
10 80 449 458 246 416 425 420 308 248 234
10 207 307 129 228 243 384 367 188 247 149
10 359 482 180 224 354 192 387 278 184 244
10 82 144 494 277 399 492 104 162 393 424
10 444 213 453 427 110 149 87 102 205 308
10 92 430 229 397 173 159 213 341 387 230
10 330 200 297 394 473 428 98 126 223 164
10 363 251 297 82 470 139 280 471 443 329
10 349 456 92 113 395 259 171 381 396 495
10 239 403 102 301 233 130 379 219 205 294
10 499 261 126 481 325 346 383 390 332 371
10 81 365 381 401 149 415 360 288 174 427
10 179 186 428 308 415 408 138 178 90 381
10 137 500 343 384 371 487 240 130 403 266
10 160 432 112 250 150 301 307 487 166 275
10 464 336 218 406 354 281 439 91 499 197
10 265 360 358 452 359 499 398 262 231 230
10 238 227 500 320 486 90 103 249 386 203
10 310 114 408 197 334 290 240 445 500 147
10 178 106 246 147 450 275 313 372 301 201
10 78 195 365 337 449 335 478 141 296 427
10 180 495 356 277 439 352 484 232 269 156
10 402 221 207 459 285 107 385 140 105 228
10 328 187 402 147 190 116 221 226 183 230
10 445 168 317 423 272 154 471 437 280 342
10 176 497 311 236 380 79 462 414 314 335
10 90 178 499 253 275 271 354 142 404 465
10 317 243 313 323 148 420 474 358 312 178
10 447 472 232 295 420 418 324 283 425 110
10 495 408 76 194 128 340 129 174 358 283
10 476 244 430 461 245 176 396 364 356 111
10 415 271 361 389 412 186 123 94 97 180
10 287 399 202 200 436 407 306 308 140 235
10 85 344 95 423 435 153 372 118 131 304
10 378 493 240 312 439 204 155 238 353 82
10 453 171 406 371 381 353 334 170 421 150
10 144 397 486 461 78 316 259 203 320 404
10 450 329 500 359 259 354 274 299 485 161
10 476 182 410 181 285 491 487 273 283 455
10 212 134 132 365 189 330 105 354 482 416
10 84 308 180 372 276 433 229 81 382 360
10 152 100 407 86 246 481 137 204 166 331
10 181 158 305 365 110 165 263 335 370 122
10 447 399 276 355 362 444 460 261 94 305
10 101 227 94 299 272 360 230 453 207 328
10 413 216 488 451 123 399 172 420 483 200
10 274 148 334 408 87 217 285 88 315 129
10 154 136 369 96 216 365 250 318 301 363
10 120 242 157 206 106 499 486 236 121 214
10 232 121 355 442 114 267 466 151 391 460
10 228 118 334 243 354 196 168 155 304 276
10 93 486 257 250 296 89 383 467 377 349
10 174 229 178 133 126 476 244 169 81 424
10 452 354 305 252 170 359 310 182 268 150
10 115 234 180 105 407 342 336 141 112 398
10 337 294 356 470 288 171 242 342 153 482
10 92 195 249 167 132 180 363 435 439 404
10 98 121 182 396 92 143 118 371 322 281
10 482 325 195 465 192 453 257 191 328 102
10 301 81 139 237 249 425 330 430 188 80
10 221 111 455 166 271 287 132 487 402 372
10 253 239 305 404 136 244 472 356 284 182
10 333 290 82 372 386 427 192 175 442 488
10 184 361 304 319 417 299 445 392 247 350
10 193 438 485 251 192 469 147 354 493 416
10 277 333 173 262 211 133 272 307 201 352
10 384 318 288 353 402 355 262 289 295 435
10 493 476 322 249 464 211 158 167 95 361
10 242 121 394 186 168 489 197 322 362 491
10 479 83 377 383 266 248 490 91 238 351
10 247 312 358 277 169 330 249 223 291 103
10 255 120 330 147 230 374 117 296 118 128
10 87 430 96 312 456 128 97 218 390 287
10 306 323 433 165 447 326 155 449 187 395
10 264 240 247 158 95 152 336 243 136 252
10 200 433 466 488 478 464 348 352 237 119
10 446 224 366 378 244 408 97 158 402 114
10 208 408 329 202 130 206 367 391 176 454
10 378 182 324 171 359 363 487 450 299 108
10 113 476 161 489 448 307 313 481 394 492
10 380 479 92 291 331 373 381 190 470 168
10 212 496 306 117 283 461 410 173 98 309
10 388 250 266 135 238 449 117 362 91 220
10 240 336 133 233 322 314 238 195 376 498
10 260 136 412 128 333 218 405 204 285 309
10 272 406 445 489 193 105 333 109 205 439
10 445 254 218 420 198 208 382 491 189 231
10 424 463 440 467 188 487 82 203 130 167
10 144 304 487 194 98 162 333 77 84 79
10 80 303 127 333 469 428 208 330 292 293
10 130 363 84 124 400 499 181 149 368 80
10 98 453 278 173 427 458 270 442 131 268
10 398 78 178 466 262 355 412 452 296 460
10 150 323 208 135 260 216 199 99 220 385
10 368 100 198 142 307 229 323 86 339 363
10 130 264 341 193 131 149 100 241 299 318
10 305 310 224 155 261 348 220 346 178 498
10 329 127 468 435 445 297 197 158 126 295
10 252 253 355 105 257 346 94 303 183 215
10 148 251 188 213 83 297 488 146 244 464
10 374 380 136 427 439 390 196 450 76 438
10 399 245 362 450 103 112 467 107 81 449
10 270 162 176 466 308 256 485 153 437 108
10 478 307 402 90 257 320 226 210 467 111
10 132 204 483 148 78 332 302 370 351 209
10 429 452 150 195 396 417 420 438 348 297
10 135 229 319 128 378 173 253 97 204 363
10 183 219 294 149 151 311 89 320 419 225
10 87 445 389 122 451 158 498 420 260 106
10 252 477 162 265 411 201 381 429 273 455
10 79 89 343 432 403 164 447 460 249 357
10 392 221 443 445 451 471 191 321 213 436
10 149 212 404 471 347 308 249 196 165 304
10 298 202 158 273 346 138 490 151 229 429
10 220 300 442 315 483 195 157 358 170 396
10 478 249 195 270 232 122 412 97 448 259
10 214 156 464 140 219 159 409 303 408 160
10 410 193 314 362 439 456 143 76 477 298
10 77 456 81 239 125 108 279 214 105 408
10 457 376 386 443 231 442 85 278 256 441
10 310 244 163 432 480 293 222 404 225 489
10 367 414 141 115 480 464 296 264 226 472
10 246 323 307 373 107 387 156 280 204 500
10 97 463 472 249 352 264 376 279 165 131
10 435 84 129 336 192 489 96 474 428 196
10 183 422 336 218 480 86 104 380 235 244
10 295 364 430 420 217 470 383 211 145 279
10 123 107 237 369 321 448 250 262 183 100
10 114 446 141 268 345 390 111 416 299 240
10 240 217 307 382 443 207 329 247 303 496
10 383 313 87 275 84 108 474 136 97 498
10 79 189 107 276 441 470 162 303 153 362
10 176 115 395 406 163 405 320 188 311 398
10 337 497 170 271 184 151 428 114 451 492
10 298 306 277 87 499 361 448 322 158 297
10 113 305 370 275 131 195 188 398 119 406
10 392 177 423 153 245 250 422 348 421 259
10 298 244 91 258 137 338 165 379 203 117
10 284 390 493 157 241 456 392 359 484 405
10 226 494 375 101 266 409 451 199 371 259
10 153 338 154 90 226 437 433 359 156 300
10 165 86 207 272 318 396 197 201 248 309
10 285 405 233 193 144 362 386 277 149 147
10 254 480 427 83 455 260 268 188 383 407
10 386 190 284 242 341 146 333 352 122 198
10 458 437 76 476 127 370 352 296 493 449
10 170 336 268 240 468 381 195 226 201 129
10 180 86 354 293 247 170 91 368 435 221
10 181 473 354 442 476 202 500 168 307 262
10 102 490 406 388 236 451 472 112 237 188
10 345 465 98 471 216 421 468 84 294 277
10 359 348 118 419 367 192 134 199 424 423
10 338 77 193 79 117 211 358 214 135 294
10 231 328 393 193 429 319 147 423 220 419
10 100 344 155 411 125 81 460 223 102 104
10 104 256 335 164 319 143 220 469 142 494
10 228 290 498 453 88 455 132 387 104 76
10 398 399 491 198 80 187 336 421 438 299
10 299 298 256 466 246 488 339 112 489 129
10 215 229 311 81 300 329 449 332 154 424
10 388 172 327 410 223 238 394 367 404 168
10 320 421 416 96 142 259 211 296 326 249
10 125 369 404 335 228 221 359 375 436 162
10 218 392 160 370 262 433 303 496 226 98
10 259 159 242 409 82 269 466 388 161 426
10 484 214 276 464 103 486 376 494 346 285
10 195 157 318 272 451 349 273 192 342 252
10 128 329 96 185 482 243 386 177 327 377
10 260 397 498 456 125 359 126 170 151 353
10 379 118 293 123 144 241 385 244 489 341
10 290 452 386 216 171 264 198 485 200 497
10 92 416 401 366 80 463 241 376 118 229
10 424 275 389 448 485 441 210 194 360 433
10 322 166 151 219 218 288 430 209 338 94
10 235 279 134 174 277 412 177 498 305 364
10 397 436 216 92 150 222 296 335 306 183
10 81 361 383 221 367 215 310 187 481 380
10 434 103 277 393 371 306 436 322 253 243
10 471 337 447 393 105 271 98 316 96 244
10 368 389 486 304 498 215 376 490 277 247
10 347 279 158 298 274 344 182 353 493 227
10 182 328 339 114 221 125 365 157 151 273
10 270 442 264 261 279 446 190 285 352 292
10 480 393 281 253 417 314 385 108 305 179
10 309 98 455 234 426 240 198 481 323 190
10 176 344 488 260 196 282 93 102 134 393
10 485 289 302 467 483 272 155 298 270 321
10 472 394 137 222 447 142 240 431 258 285
10 481 406 253 482 349 464 457 254 370 359
10 251 462 344 249 485 470 429 331 103 171
10 456 182 451 155 140 436 295 289 344 177
10 472 171 420 221 84 474 232 362 126 121
10 133 219 193 493 327 192 263 485 195 426
10 171 226 491 439 311 202 349 386 446 337
10 314 148 157 257 140 133 118 474 317 329
10 226 335 478 491 450 190 247 366 273 459
10 215 357 176 383 221 115 148 220 198 287
10 465 205 264 208 349 463 254 224 393 292
10 253 195 456 429 179 150 439 468 289 212
10 100 301 431 487 128 211 178 278 122 437
10 287 220 187 251 285 442 87 420 105 110
10 174 226 334 328 472 294 401 403 300 395
10 497 429 262 202 473 363 310 401 448 370
10 343 447 278 212 164 323 367 147 159 165
10 389 494 245 122 403 181 189 126 352 339
10 489 433 338 314 124 472 181 417 221 457
10 372 321 317 114 383 236 428 289 347 140
10 230 183 236 435 263 364 157 189 148 168
10 458 269 279 492 312 303 311 337 387 490
10 444 439 429 149 330 88 118 413 121 130
10 147 384 371 425 367 228 118 108 391 373
10 324 381 419 186 81 377 267 455 160 463
10 249 254 88 416 279 323 160 366 384 440
10 476 441 489 255 195 136 242 258 285 293
10 369 85 145 481 204 288 389 195 493 158
10 461 104 251 353 450 426 101 147 364 295
10 330 349 269 287 373 380 143 151 388 250
10 480 129 448 95 370 182 461 353 94 148
10 119 384 405 92 469 494 337 332 328 98
10 306 278 347 461 490 176 436 223 426 84
10 313 91 246 257 416 408 362 380 135 162
10 120 362 138 359 444 288 424 325 368 329
10 350 346 152 332 206 370 480 478 285 297
10 233 79 247 322 244 316 431 359 213 283
10 405 158 229 410 308 471 189 378 186 267
10 366 255 320 456 442 170 399 92 486 211
10 195 327 465 456 477 348 194 338 94 95
10 162 362 251 178 353 417 246 92 396 84
10 169 266 493 164 407 252 318 477 313 240
10 389 241 400 391 279 381 119 84 371 164
10 378 258 303 206 184 204 466 447 420 198
10 448 391 258 127 320 274 94 325 198 100
10 237 240 267 399 460 361 410 84 252 302
10 184 80 301 498 218 199 437 111 426 448
10 191 140 124 156 176 302 479 264 320 279
10 470 164 262 334 421 139 221 434 88 417
10 312 244 126 484 343 461 382 368 113 358
10 337 161 108 318 248 423 152 414 195 140
10 403 312 107 208 275 426 316 149 394 414
10 169 494 195 235 405 106 204 311 248 283
10 407 362 196 356 364 120 262 329 492 143
10 161 334 415 105 147 89 356 179 336 171
