2000 150 5
10 4 94 61 100 123 27 26 76 93 103
10 22 114 26 30 125 46 81 120 51 71
10 20 67 112 120 109 87 65 70 125 111
10 15 95 56 24 77 67 124 50 90 30
10 2 120 147 150 135 36 73 47 28 63
10 17 85 132 75 143 64 137 80 116 118
10 5 149 36 29 93 53 129 81 126 91
10 6 47 88 114 146 110 73 129 56 34
10 7 48 71 59 129 83 124 24 137 41
10 22 39 27 72 25 97 140 61 121 47
10 10 105 84 137 75 108 41 65 107 98
10 11 58 42 115 88 111 140 92 38 28
10 8 84 126 28 99 82 98 149 100 120
10 10 101 52 100 76 39 67 93 120 122
10 20 126 104 55 120 141 109 84 93 66
10 6 117 33 103 146 135 59 130 122 72
10 10 123 39 54 111 83 128 117 92 105
10 2 37 144 94 119 146 39 60 96 149
10 16 148 62 33 27 142 66 38 32 47
10 5 122 84 149 37 69 140 116 130 135
10 2 102 135 101 120 94 91 138 30 63
10 4 104 27 148 58 86 65 111 123 30
10 8 24 142 51 91 25 149 112 52 77
10 12 103 111 71 60 146 101 56 30 85
10 6 54 50 61 31 46 147 88 150 135
10 9 44 116 103 98 145 120 123 39 118
10 2 149 73 113 95 135 59 32 33 103
10 12 60 42 113 77 94 49 108 62 43
10 2 35 49 79 41 52 149 138 89 70
10 16 32 56 135 45 136 47 127 144 111
10 7 103 146 134 106 131 64 95 52 123
10 2 74 107 114 109 88 75 43 117 138
10 19 118 85 91 125 139 59 78 107 37
10 3 62 102 148 97 52 47 112 46 28
10 8 67 47 25 125 100 75 23 59 38
10 21 39 87 31 32 23 33 74 65 109
10 22 129 137 92 123 116 112 47 55 76
10 6 61 140 94 81 108 98 64 31 106
10 13 92 137 81 98 76 51 43 103 110
10 19 112 121 119 111 131 142 83 64 53
10 15 101 88 37 62 56 141 123 111 25
10 10 125 101 83 69 110 31 85 93 50
10 11 113 97 145 148 58 86 91 109 119
10 2 29 104 123 45 90 49 98 25 88
10 3 74 73 136 92 134 68 105 28 140
10 9 69 144 116 82 112 122 38 41 78
10 4 43 138 39 106 108 49 148 119 96
10 9 133 91 143 115 42 59 71 93 82
10 20 140 86 25 47 31 137 78 105 79
10 20 56 36 142 68 69 38 111 110 141
10 17 140 44 95 35 83 87 127 43 58
10 16 138 80 84 107 120 129 117 58 67
10 11 40 138 41 118 102 135 111 68 55
10 10 135 147 134 47 52 71 104 64 117
10 14 74 60 121 40 132 33 139 32 105
10 5 81 63 141 110 140 52 128 102 25
10 11 105 93 119 106 71 43 121 30 137
10 15 109 139 67 23 81 126 65 121 129
10 3 106 128 100 59 27 70 77 97 69
10 16 134 106 23 82 25 122 143 80 99
10 7 136 132 88 119 99 61 82 45 56
10 14 31 87 40 142 115 35 36 146 124
10 3 46 23 126 133 47 140 134 120 85
10 17 63 150 49 120 60 32 31 142 144
10 8 116 44 105 35 146 77 42 61 145
10 13 53 38 82 84 124 77 90 133 36
10 22 135 114 64 29 61 128 132 39 123
10 3 69 55 85 27 141 57 100 137 74
10 17 119 120 116 111 110 53 135 67 147
10 21 80 68 52 74 56 135 45 114 72
10 13 27 28 112 30 116 61 108 75 129
10 7 133 40 27 109 35 44 143 100 68
10 15 138 67 83 131 88 47 41 33 99
10 6 55 23 99 129 141 138 145 71 88
10 12 54 28 102 123 136 144 115 117 94
10 1 81 126 133 74 114 110 51 70 92
10 16 77 106 129 27 103 133 149 104 115
10 20 118 113 30 97 114 126 79 24 66
10 18 113 28 150 125 41 62 114 122 96
10 17 139 73 67 90 36 117 119 94 108
10 13 39 23 95 119 41 123 113 58 110
10 5 113 37 68 147 66 86 99 114 35
10 19 40 101 51 150 94 26 96 148 41
10 9 91 41 56 98 87 113 82 90 36
10 6 145 44 38 126 98 109 72 65 66
10 11 142 69 42 138 87 40 117 36 34
10 21 123 100 61 43 110 96 93 142 97
10 17 118 116 79 51 46 25 67 146 29
10 4 122 39 125 64 68 27 80 73 95
10 21 114 108 123 131 113 109 130 124 86
10 7 134 136 77 24 31 67 84 146 88
10 22 118 74 36 51 42 95 99 32 83
10 19 112 103 71 136 134 91 76 139 140
10 7 114 104 36 38 118 94 62 50 80
10 17 56 36 31 72 79 43 58 84 124
10 18 86 136 134 63 59 55 147 56 149
10 5 47 57 88 95 117 140 91 39 148
10 9 42 146 88 37 67 121 56 23 52
10 7 122 110 91 131 98 120 53 92 33
10 11 66 129 106 107 116 79 128 29 121
10 20 30 95 105 128 83 135 23 90 119
10 19 28 97 48 121 55 49 24 59 145
10 7 77 87 61 140 91 92 93 34 73
10 8 69 59 92 52 42 108 26 128 58
10 19 60 139 74 101 72 89 23 45 44
10 12 28 86 145 25 136 67 114 43 54
10 16 42 73 92 57 140 147 105 48 103
10 21 133 103 30 32 120 145 40 76 146
10 10 28 32 107 150 33 34 133 103 55
10 22 72 30 53 101 92 134 69 124 61
10 14 120 127 67 27 101 82 81 118 133
10 13 68 144 26 76 100 120 83 63 29
10 14 35 146 54 26 85 136 31 144 23
10 19 103 58 114 144 131 54 127 118 91
10 3 139 65 43 54 106 44 130 98 39
10 3 59 141 70 111 96 67 89 57 51
10 22 25 123 30 23 91 40 137 98 111
10 16 65 55 31 44 73 93 111 45 51
10 22 101 78 103 53 31 26 72 107 121
10 17 102 30 31 111 66 123 57 36 37
10 6 93 143 137 145 139 40 41 105 57
10 7 54 116 68 114 79 72 48 121 103
10 12 127 92 117 107 141 86 98 47 32
10 9 49 136 27 86 65 92 54 139 82
10 15 149 37 132 81 98 59 33 120 140
10 16 115 25 90 124 58 34 89 108 133
10 6 105 57 111 42 120 104 123 143 92
10 21 70 42 73 27 145 76 67 86 57
10 15 138 65 126 34 121 120 86 95 33
10 7 150 99 124 105 44 120 83 132 149
10 2 103 31 84 24 101 100 48 54 59
10 20 75 142 26 145 40 146 50 74 71
10 7 115 79 59 51 77 150 34 64 53
10 12 117 36 100 82 143 140 106 24 79
10 17 129 105 41 122 57 81 24 83 126
10 9 75 61 88 65 90 69 114 93 68
10 15 149 44 130 142 107 45 92 70 145
10 18 109 118 54 86 123 115 69 46 81
10 17 78 111 148 118 23 105 113 70 144
10 2 42 140 88 115 150 124 28 47 112
10 16 116 128 42 105 125 69 97 54 145
10 7 52 65 72 106 124 41 85 143 115
10 15 64 99 137 103 28 95 33 65 108
10 19 120 88 60 53 57 137 115 45 148
10 7 44 138 57 23 55 39 83 105 63
10 16 60 42 125 61 96 88 78 51 58
10 19 51 88 147 39 34 35 113 54 37
10 21 150 111 110 78 94 92 88 124 146
10 18 121 101 60 81 117 127 80 104 77
10 11 65 106 90 115 109 98 80 135 134
10 7 84 133 29 75 25 132 81 77 121
10 11 53 87 135 88 38 60 142 61 73
10 5 96 114 145 89 87 55 35 99 61
10 22 92 83 135 56 54 75 93 66 150
10 9 60 63 46 98 129 113 44 72 87
10 22 23 81 86 74 24 102 93 145 49
10 18 95 124 83 29 31 131 42 69 104
10 12 97 150 136 98 100 72 51 126 89
10 8 128 118 48 90 146 142 64 77 109
10 20 104 110 39 71 100 65 68 147 120
10 22 51 108 30 143 36 73 114 54 79
10 12 114 28 142 144 68 134 145 108 32
10 4 81 32 28 138 65 107 59 66 116
10 5 127 117 81 75 85 132 108 144 136
10 7 113 81 55 139 138 49 106 42 23
10 22 126 83 109 44 140 72 84 38 26
10 11 90 25 118 55 133 96 123 98 111
10 2 52 116 95 137 72 141 126 36 69
10 7 67 68 90 23 117 83 48 60 80
10 13 57 56 142 27 94 58 99 66 23
10 9 23 89 52 57 131 106 36 29 134
10 13 26 146 103 87 75 76 113 142 149
10 6 94 51 27 78 47 128 105 93 50
10 1 94 51 72 101 84 112 148 23 121
10 22 92 101 130 105 50 71 126 49 76
10 3 103 68 130 77 84 25 69 37 65
10 16 81 85 143 138 113 37 90 133 78
10 9 29 79 61 148 38 71 39 94 144
10 22 149 141 83 33 128 57 92 144 41
10 18 55 133 45 135 111 24 134 84 77
10 17 134 147 132 119 142 144 35 56 146
10 8 59 77 31 115 116 46 111 125 48
10 16 94 98 78 139 127 140 136 27 101
10 5 51 143 88 62 71 129 73 78 150
10 3 63 50 101 125 45 61 65 145 77
10 17 82 137 116 28 95 77 99 60 50
10 10 114 131 31 68 84 34 61 103 115
10 10 69 37 114 136 93 44 102 122 64
10 4 120 75 32 56 46 49 31 61 74
10 9 105 45 130 41 47 108 89 133 50
10 14 25 76 39 61 106 135 101 144 37
10 17 80 58 84 62 54 46 147 34 23
10 7 149 110 38 100 137 84 45 81 136
10 10 136 118 93 85 90 141 77 97 146
10 10 35 121 145 88 111 95 144 90 46
10 1 117 76 54 114 82 59 138 50 23
10 13 127 122 54 78 93 110 149 112 23
10 21 101 56 70 92 123 57 44 118 144
10 9 42 67 121 37 110 140 47 114 128
10 14 41 59 103 146 25 91 120 117 35
10 21 47 82 135 48 129 90 80 143 44
10 8 101 54 142 131 42 117 46 44 32
10 3 51 71 148 77 100 82 143 95 124
10 11 28 127 35 77 57 37 88 23 134
10 1 30 98 93 136 32 41 82 34 123
10 11 137 73 66 72 83 129 95 148 69
10 16 60 55 149 43 33 139 51 116 67
10 16 84 132 66 50 56 77 114 149 128
10 5 136 144 123 40 121 93 64 111 48
10 12 145 91 70 27 83 63 42 26 131
10 2 38 63 99 97 125 144 29 73 128
10 7 74 65 70 105 116 48 93 63 83
10 2 99 89 66 82 83 123 44 29 42
10 1 111 27 58 68 82 75 120 53 101
10 9 149 23 86 33 85 131 144 83 92
10 9 56 117 133 106 73 145 82 103 93
10 12 41 32 139 143 77 123 56 113 97
10 16 142 58 136 31 32 27 126 77 28
10 7 55 109 111 135 122 102 95 84 28
10 12 141 45 52 149 38 25 119 102 137
10 20 23 27 120 125 73 146 105 28 80
10 19 57 60 140 122 97 53 47 75 66
10 13 50 51 28 83 118 46 140 111 74
10 16 91 108 100 112 49 57 144 70 72
10 13 55 77 73 53 87 60 44 57 65
10 10 73 101 49 63 110 121 31 137 111
10 17 150 63 66 25 84 30 33 87 59
10 14 49 127 43 111 78 126 107 53 59
10 18 119 32 63 45 26 102 140 141 27
10 7 86 139 136 37 115 130 131 114 145
10 19 124 49 66 106 62 80 46 43 127
10 6 149 58 84 96 44 92 38 117 122
10 7 135 58 121 23 24 43 57 67 102
10 13 140 118 100 146 75 101 81 62 84
10 11 82 81 28 78 137 34 43 51 71
10 19 68 69 43 115 105 55 107 141 95
10 9 106 116 129 39 131 143 51 128 79
10 10 40 97 24 139 76 27 109 70 41
10 19 35 46 111 82 96 33 124 56 61
10 1 72 80 85 52 107 33 99 57 86
10 12 100 65 24 95 27 84 59 51 58
10 11 139 85 119 42 117 23 67 30 77
10 13 91 49 86 93 124 130 100 112 53
10 7 134 102 25 91 86 104 144 98 138
10 14 112 100 117 95 130 82 88 97 118
10 21 125 89 27 62 133 150 94 101 72
10 10 70 49 65 82 40 34 150 75 42
10 18 121 135 128 76 37 71 49 82 73
10 5 38 76 94 37 116 133 108 61 104
10 15 96 53 80 125 110 37 64 42 140
10 17 70 25 118 103 33 125 59 140 126
10 8 140 72 149 127 99 126 63 122 71
10 11 100 83 114 40 107 113 57 76 119
10 14 54 100 89 130 123 104 111 56 92
10 18 146 129 142 141 72 66 24 93 109
10 15 89 29 65 34 102 46 100 37 79
10 6 131 78 113 49 91 48 29 47 88
10 3 143 33 146 115 92 24 132 60 59
10 13 60 91 108 150 133 89 38 27 140
10 1 85 107 88 63 141 143 142 110 32
10 15 103 135 118 85 80 70 94 32 72
10 4 99 29 135 136 88 46 146 66 96
10 1 131 72 70 40 64 59 93 107 110
10 6 76 110 61 81 89 105 146 143 124
10 16 118 127 101 35 143 53 124 123 142
10 12 38 34 87 79 37 127 134 26 51
10 16 146 30 100 74 85 117 64 80 87
10 14 110 92 31 147 137 99 129 135 85
10 8 53 69 131 48 130 42 108 66 142
10 7 27 92 121 35 123 73 127 150 54
10 18 139 50 39 25 68 32 122 96 114
10 14 141 139 83 35 150 66 140 90 148
10 13 67 145 96 35 90 45 29 87 73
10 21 91 110 41 46 103 58 71 87 104
10 19 32 51 59 76 101 105 45 121 71
10 19 143 24 145 45 104 71 83 111 30
10 15 120 40 51 85 44 82 142 73 54
10 19 143 111 42 46 32 97 137 77 145
10 21 35 81 128 104 83 43 48 29 37
10 22 51 36 130 121 26 109 29 60 87
10 1 23 119 103 57 31 59 87 62 82
10 6 66 44 27 148 69 104 130 91 25
10 3 133 143 40 57 78 63 112 127 122
10 15 126 65 91 141 43 99 29 84 81
10 7 75 39 113 89 70 46 122 118 25
10 18 125 80 118 70 45 148 35 75 97
10 21 89 73 48 43 115 80 147 46 67
10 1 137 118 69 76 84 119 44 48 56
10 4 131 46 81 149 87 84 130 74 91
10 1 135 100 124 81 141 40 139 34 107
10 22 76 111 58 39 118 140 114 128 72
10 3 35 50 95 54 133 76 65 40 63
10 22 32 74 47 36 113 114 149 62 82
10 10 32 133 76 137 140 123 29 94 74
10 1 86 48 43 81 38 135 113 39 122
10 5 80 111 91 65 145 88 126 99 100
10 10 142 124 40 143 62 98 39 47 97
10 18 72 139 96 46 95 105 97 36 111
10 15 55 101 69 49 111 127 93 105 23
10 16 104 93 133 123 102 74 43 116 83
10 16 34 41 117 135 88 133 105 95 25
10 17 150 59 144 105 136 123 135 69 114
10 13 76 62 33 60 87 67 114 111 43
10 21 128 114 37 123 104 61 129 125 32
10 12 132 81 110 64 117 50 145 41 142
10 12 27 139 43 146 87 31 63 33 34
10 12 75 46 69 117 113 49 149 60 36
10 6 79 144 34 71 98 32 103 53 108
10 9 144 88 95 147 93 46 119 92 83
10 9 103 54 86 74 40 32 58 102 93
10 17 62 55 58 24 92 32 25 57 141
10 13 127 93 91 32 73 137 42 45 80
10 9 44 118 74 140 89 107 149 85 80
10 3 84 124 56 52 118 62 78 127 136
10 15 102 127 93 64 110 99 37 138 26
10 10 112 128 84 149 59 123 117 43 146
10 2 137 148 57 147 51 93 44 143 59
10 4 63 99 73 42 103 141 93 91 123
10 18 139 131 66 71 115 142 49 126 150
10 4 117 24 51 119 52 85 56 122 76
10 16 74 130 132 70 43 118 103 129 78
10 20 27 38 129 131 143 145 45 139 142
10 14 92 93 36 100 121 24 74 134 72
10 3 107 51 35 113 53 61 101 150 116
10 16 61 105 47 34 56 135 27 48 119
10 2 36 42 145 32 111 122 101 123 38
10 4 105 145 85 111 48 134 59 67 95
10 20 33 63 25 26 34 138 95 111 141
10 22 132 127 47 75 81 108 96 87 82
10 18 100 117 49 144 32 47 35 82 94
10 17 44 148 67 140 59 102 35 139 43
10 1 63 64 86 26 67 102 99 126 84
10 15 86 30 64 74 78 59 122 36 106
10 7 33 122 132 83 39 136 99 53 56
10 16 95 121 25 147 66 125 98 109 82
10 13 41 143 79 117 118 128 105 150 97
10 6 125 126 110 134 48 31 107 64 80
10 5 34 80 60 116 85 108 79 71 89
10 13 74 57 65 72 96 71 60 63 146
10 1 46 96 109 79 129 134 136 128 75
10 6 92 108 118 126 114 107 111 49 33
10 11 126 93 37 108 124 132 95 110 61
10 18 144 143 27 74 95 114 31 97 80
10 18 122 34 88 104 139 69 123 31 109
10 11 97 48 33 56 36 133 121 106 84
10 17 26 113 95 82 114 126 103 34 73
10 18 106 105 38 77 24 65 150 114 144
10 15 75 142 50 61 72 104 132 37 25
10 7 142 109 40 132 148 73 24 75 99
10 19 141 42 83 145 105 73 142 109 34
10 21 23 101 133 53 42 99 69 120 51
10 18 59 142 37 63 87 79 146 124 60
10 9 50 51 90 92 31 109 145 144 75
10 19 44 33 78 23 135 95 46 62 141
10 7 27 140 63 130 66 99 139 102 45
10 8 65 71 61 58 87 149 120 108 107
10 4 46 82 85 141 114 120 107 42 129
10 18 67 141 106 46 33 105 150 42 29
10 22 69 57 106 143 108 43 47 139 102
10 4 110 65 48 119 144 132 79 57 125
10 5 28 85 138 126 30 83 123 150 80
10 19 93 38 121 40 133 128 147 112 82
10 11 128 133 150 140 94 38 69 93 106
10 9 106 71 150 35 51 52 107 68 98
10 20 139 35 104 133 86 140 55 44 108
10 15 126 91 62 73 41 96 137 64 133
10 12 121 51 142 135 52 103 32 50 38
10 21 23 138 134 40 49 61 103 90 149
10 11 109 35 100 45 89 63 60 97 120
10 7 47 141 32 40 77 126 101 24 50
10 7 38 105 128 149 104 136 110 53 42
10 6 123 30 116 29 121 78 39 60 62
10 15 108 104 73 36 123 66 139 40 75
10 20 106 148 117 107 88 127 125 115 65
10 13 147 113 99 136 80 48 36 30 49
10 5 99 93 75 53 39 108 124 82 140
10 9 69 24 91 38 109 132 103 96 116
10 2 66 148 32 137 42 27 80 117 64
10 16 91 67 135 79 87 99 133 134 39
10 22 95 50 38 112 117 57 24 44 93
10 6 38 114 128 41 138 95 94 50 136
10 20 87 115 127 40 89 122 95 107 77
10 22 58 80 41 97 49 45 91 113 94
10 14 71 127 144 135 42 62 117 77 109
10 6 141 89 45 54 105 39 142 106 47
10 9 127 150 65 89 44 108 55 91 82
10 8 26 87 48 25 53 128 131 124 30
10 17 33 99 47 53 132 145 62 128 32
10 7 135 72 112 49 65 43 24 25 131
10 12 141 121 82 142 149 64 40 57 72
10 1 38 147 142 72 99 43 37 34 93
10 7 38 144 70 142 122 139 149 71 89
10 9 50 149 36 90 42 105 97 59 71
10 18 142 136 104 116 49 28 97 127 75
10 7 136 115 37 53 56 108 121 112 98
10 2 140 23 35 135 65 57 110 121 70
10 8 87 31 132 111 146 64 131 62 124
10 16 73 34 82 125 52 56 84 57 146
10 19 109 97 72 91 131 107 63 132 36
10 9 46 90 84 93 140 81 87 50 41
10 4 96 26 121 30 108 32 37 49 79
10 12 54 74 145 35 75 59 136 84 100
10 21 38 53 143 40 55 139 27 86 142
10 11 132 29 137 53 140 116 129 74 25
10 21 47 35 54 37 98 136 130 99 147
10 6 54 136 149 36 122 144 73 81 88
10 3 148 131 59 126 58 39 66 46 108
10 16 81 67 92 64 35 109 90 130 142
10 12 41 38 94 124 142 77 50 137 150
10 5 112 114 49 45 40 102 50 63 105
10 4 103 24 70 134 64 85 132 107 49
10 7 94 30 130 93 77 97 31 129 107
10 1 130 45 100 47 46 142 140 149 123
10 6 128 44 133 49 51 66 82 36 134
10 20 79 27 75 145 36 72 49 66 60
10 21 77 115 68 52 28 61 133 96 139
10 15 117 115 96 82 98 104 113 108 127
10 22 140 109 37 76 141 42 129 24 47
10 1 104 145 85 135 70 148 37 147 118
10 6 36 78 113 149 138 45 142 82 26
10 11 84 135 134 44 119 148 40 27 35
10 2 52 144 120 85 147 80 36 37 140
10 6 112 115 81 85 63 58 79 41 38
10 19 79 53 41 68 149 71 109 91 26
10 15 38 43 51 29 110 132 47 91 34
10 16 148 36 44 107 74 55 73 23 101
10 2 119 58 47 63 54 36 80 149 126
10 13 140 89 38 100 59 91 119 26 50
10 8 114 66 123 120 135 28 132 150 60
10 13 23 47 111 75 34 80 105 97 118
10 8 47 70 25 66 139 129 121 112 134
10 9 116 95 73 140 50 123 99 96 36
10 10 116 118 55 117 136 26 57 129 75
10 22 124 100 137 135 142 139 138 62 113
10 14 62 128 119 44 137 90 27 142 87
10 15 76 121 78 128 69 150 147 59 148
10 13 31 127 129 28 61 90 81 39 60
10 3 44 136 125 113 89 47 25 36 30
10 9 42 124 71 40 77 150 82 48 59
10 15 60 97 109 33 75 88 70 104 31
10 11 107 59 121 115 35 133 37 113 92
10 18 24 122 38 64 141 60 103 42 150
10 8 35 34 144 92 128 69 82 79 31
10 16 125 96 68 26 51 77 102 112 139
10 15 121 99 63 59 74 61 62 82 96
10 17 126 84 134 137 86 67 96 95 70
10 2 146 120 65 129 104 36 87 136 107
10 18 123 66 38 119 127 106 36 112 35
10 15 121 103 97 106 46 57 107 127 147
10 20 134 110 34 94 72 48 126 93 78
10 9 71 41 67 31 33 64 77 78 39
10 7 117 30 84 108 23 61 63 39 77
10 10 97 116 71 75 148 130 69 83 61
10 5 23 26 92 71 120 150 58 32 100
10 20 114 73 65 102 138 45 87 139 135
10 16 120 138 134 71 95 102 133 54 109
10 1 61 25 54 23 111 121 97 75 71
10 11 46 136 44 139 89 90 55 95 127
10 6 39 66 107 27 40 120 101 131 44
10 2 147 111 115 105 100 72 63 131 126
10 17 53 48 54 146 68 49 93 83 103
10 13 32 100 98 75 86 60 29 90 44
10 8 75 24 108 105 132 122 62 68 135
10 6 103 53 109 35 46 148 56 87 120
10 12 56 37 70 84 48 127 51 93 45
10 8 23 35 47 48 147 64 61 112 74
10 10 47 83 53 86 124 65 38 102 48
10 20 99 31 67 54 64 141 37 70 46
10 17 92 58 138 65 139 63 49 54 60
10 19 62 139 138 109 33 146 46 96 130
10 2 88 31 93 101 54 130 110 99 135
10 3 104 145 25 71 30 135 57 36 38
10 8 122 28 63 48 144 83 77 106 52
10 11 116 126 75 96 24 23 51 110 140
10 13 145 58 46 57 52 130 71 62 114
10 15 129 88 63 125 80 69 142 54 150
10 19 26 133 80 100 104 77 23 141 60
10 1 25 123 28 94 105 76 73 64 131
10 7 43 149 64 120 71 142 135 117 104
10 2 83 90 99 139 55 116 79 130 31
10 10 91 102 118 110 26 51 117 82 105
10 10 39 107 60 67 54 146 149 111 93
10 6 83 30 131 121 36 86 60 141 146
10 5 52 150 34 23 148 53 117 40 105
10 5 147 44 95 132 37 39 38 29 111
10 10 80 60 26 94 30 97 86 110 106
10 19 135 106 50 143 38 147 111 80 141
10 9 47 83 39 33 114 28 53 106 120
10 18 43 130 117 91 59 120 84 136 105
10 3 63 138 79 126 48 146 30 104 125
10 1 118 48 122 63 98 51 100 75 101
10 10 141 53 98 64 62 88 31 26 81
10 17 63 126 89 26 113 100 149 49 60
10 12 129 41 64 98 93 120 33 135 52
10 22 85 55 136 40 149 71 87 60 70
10 6 64 120 94 114 52 124 122 53 148
10 8 150 148 62 92 105 93 106 74 149
10 15 122 115 36 51 79 136 126 95 117
10 16 140 109 33 148 73 82 70 44 78
10 12 47 107 85 98 129 135 146 73 95
10 13 57 128 47 118 126 60 135 134 146
10 3 136 36 138 46 123 38 80 27 45
10 5 135 40 120 30 66 52 31 80 96
10 14 44 105 42 137 70 79 88 24 106
10 18 54 67 35 41 86 118 122 112 136
10 19 84 123 27 80 31 85 136 88 98
10 20 91 108 55 71 93 98 143 60 112
10 5 46 138 128 111 45 76 106 38 34
10 1 40 59 91 25 139 120 60 106 44
10 20 108 133 101 148 124 51 150 62 139
10 7 31 53 100 26 110 61 133 149 64
10 10 104 45 143 69 119 136 132 133 115
10 3 43 134 137 135 32 74 96 94 148
10 17 100 97 131 36 68 41 73 59 64
10 18 34 125 25 42 104 57 112 117 115
10 17 81 57 143 43 73 66 36 138 58
10 11 33 30 142 134 43 135 55 129 28
10 8 125 42 147 88 142 70 112 121 92
10 8 141 137 65 96 86 77 46 84 42
10 7 27 147 66 103 75 121 119 44 28
10 14 91 46 109 92 114 130 54 55 83
10 19 47 73 69 100 55 53 75 29 81
10 7 127 52 68 29 78 141 35 150 145
10 19 49 143 114 141 59 60 57 106 94
10 7 147 59 109 143 145 44 58 117 115
10 18 74 111 66 67 99 85 102 77 44
10 20 105 59 133 116 120 136 63 35 138
10 2 78 128 134 95 70 65 108 138 147
10 2 58 73 119 76 95 138 37 59 127
10 14 43 111 119 91 48 128 104 51 108
10 8 122 139 80 33 51 71 78 140 108
10 14 46 32 132 79 29 69 119 96 49
10 3 115 46 72 30 61 58 73 91 118
10 14 78 48 39 110 150 132 89 93 58
10 21 61 135 62 122 136 83 130 38 70
10 12 111 129 93 23 108 117 98 122 89
10 10 47 43 54 36 137 55 76 99 147
10 12 135 37 54 123 122 85 82 130 45
10 12 90 81 52 27 102 123 97 100 87
10 14 101 117 68 134 120 135 149 66 42
10 14 125 133 53 108 51 49 30 74 94
10 12 146 69 68 117 64 23 97 133 40
10 5 80 139 33 138 90 70 31 114 59
10 19 115 131 98 23 34 132 125 59 33
10 15 80 25 53 132 99 58 120 98 56
10 9 27 141 38 100 62 63 140 114 83
10 17 33 85 134 132 45 127 86 44 51
10 7 81 47 27 101 141 95 96 40 48
10 9 129 63 73 140 123 107 114 95 144
10 20 150 43 145 86 65 118 76 142 51
10 16 44 39 81 27 121 101 114 48 150
10 11 132 25 73 66 63 120 91 53 31
10 6 30 51 125 58 61 55 71 138 27
10 22 66 145 46 85 89 49 127 37 63
10 10 53 37 40 119 94 99 92 150 141
10 21 50 92 128 113 137 123 74 140 143
10 6 32 149 112 84 107 105 62 82 103
10 11 43 85 56 124 129 106 142 140 88
10 10 123 31 104 73 127 124 77 60 142
10 1 146 115 97 62 77 51 102 60 93
10 18 110 115 120 65 111 124 117 147 137
10 11 34 47 128 29 26 112 115 28 55
10 18 140 32 58 115 60 38 136 131 62
10 16 98 31 113 85 29 116 122 38 91
10 1 150 27 43 28 138 70 120 47 145
10 13 77 88 114 146 75 43 90 89 113
10 20 101 70 116 102 28 125 26 119 145
10 10 125 38 97 53 124 49 77 95 83
10 2 71 112 76 86 61 38 91 120 60
10 11 56 63 68 150 43 70 99 66 44
10 21 102 47 121 75 98 23 27 105 38
10 2 52 118 39 102 83 50 77 72 89
10 6 137 72 133 68 26 84 127 48 83
10 8 46 65 78 34 130 92 26 90 58
10 4 42 49 50 92 67 23 81 80 83
10 14 54 94 97 140 48 88 135 39 136
10 12 84 143 75 85 115 124 54 116 141
10 6 33 37 99 108 78 133 140 150 59
10 22 98 49 109 74 45 55 38 150 141
10 22 132 45 112 131 137 51 89 71 117
10 7 149 79 25 132 71 68 99 66 138
10 13 137 114 96 118 26 121 88 95 42
10 11 109 73 58 134 82 135 100 60 59
10 21 82 147 129 67 69 99 70 102 145
10 17 80 50 113 115 97 23 104 28 137
10 1 34 150 120 103 97 29 65 31 27
10 17 135 86 137 128 47 127 120 63 48
10 7 54 106 51 39 113 115 138 99 77
10 1 29 64 111 120 123 139 40 23 125
10 11 73 77 33 79 23 129 39 88 81
10 12 101 107 108 59 66 129 99 131 133
10 11 63 40 38 34 134 142 80 24 45
10 22 90 101 35 106 125 111 28 73 81
10 8 130 74 144 137 101 66 86 135 57
10 16 91 122 125 61 56 130 149 85 48
10 6 136 29 107 58 41 133 69 45 146
10 13 146 137 128 114 122 139 130 116 94
10 11 135 139 121 104 80 144 77 65 29
10 12 69 43 94 112 100 81 114 121 41
10 1 110 26 89 112 135 126 71 119 93
10 13 91 111 143 98 126 61 72 53 96
10 8 39 23 65 55 57 79 24 67 127
10 20 146 109 39 121 76 31 41 134 28
10 6 116 88 87 138 75 25 102 23 28
10 12 70 72 87 74 51 117 134 143 43
10 1 117 150 36 71 66 79 100 142 64
10 11 86 23 97 135 77 133 49 111 30
10 15 131 56 27 128 109 122 104 33 80
10 10 24 62 52 46 129 48 60 110 98
10 11 50 54 37 38 79 98 36 78 30
10 9 56 37 141 65 73 100 50 88 105
10 16 72 149 60 44 50 127 124 92 143
10 9 38 119 48 83 42 40 95 51 68
10 3 137 52 62 69 72 92 75 81 104
10 11 45 147 69 114 50 36 39 78 103
10 22 39 91 132 97 74 60 103 149 126
10 8 129 40 116 93 124 63 65 79 41
10 18 42 142 119 77 60 86 39 34 36
10 16 149 70 136 91 27 101 93 88 24
10 21 120 66 118 101 90 45 47 137 122
10 13 49 38 79 124 115 84 131 125 89
10 20 140 120 24 87 127 47 131 117 39
10 7 58 79 23 136 112 47 109 131 101
10 6 45 143 82 124 127 109 96 107 80
10 10 125 83 122 61 98 145 107 73 67
10 8 88 57 102 129 55 54 48 53 44
10 10 31 55 43 26 29 76 138 44 106
10 11 92 44 40 103 42 79 29 127 93
10 12 31 28 67 119 125 137 85 104 128
10 20 70 64 100 110 55 105 46 28 61
10 5 44 73 111 112 24 148 58 125 141
10 5 94 149 25 54 65 74 145 111 95
10 16 85 86 121 137 97 26 62 59 32
10 5 120 69 100 130 54 118 150 131 103
10 9 87 56 57 84 39 121 131 41 104
10 11 35 111 107 66 31 101 39 72 147
10 2 150 67 68 90 116 26 28 104 122
10 13 110 79 129 143 149 135 33 53 132
10 5 89 84 109 113 26 63 39 23 122
10 14 89 78 34 87 96 28 125 46 119
10 15 27 95 55 123 99 106 111 105 70
10 2 80 105 133 74 148 70 145 130 102
10 1 114 146 42 62 104 40 28 75 57
10 21 64 102 108 132 99 72 81 25 133
10 8 44 72 103 46 29 89 114 45 24
10 1 150 75 147 53 116 145 125 127 67
10 11 84 134 65 68 58 43 75 44 82
10 12 118 28 126 86 66 61 83 70 43
10 19 33 26 149 127 143 140 138 81 52
10 13 29 74 26 117 52 27 121 69 78
10 13 38 41 102 100 97 108 141 33 103
10 12 128 35 79 36 143 89 90 92 148
10 20 90 101 108 147 76 72 86 119 66
10 20 124 95 29 99 109 110 59 25 144
10 18 117 140 114 100 55 146 115 98 110
10 6 32 110 123 70 89 95 63 56 39
10 7 83 102 34 97 86 37 105 121 31
10 16 90 131 148 79 128 109 119 27 97
10 3 54 78 82 50 61 143 94 70 86
10 17 34 104 59 47 31 35 97 147 133
10 12 60 144 84 98 50 23 57 138 59
10 8 140 41 123 33 42 142 112 67 125
10 13 147 123 25 38 120 93 119 23 48
10 4 89 24 128 58 78 27 70 122 38
10 12 82 127 79 98 122 78 95 110 44
10 7 53 136 34 108 141 60 83 147 37
10 12 80 50 74 146 108 64 104 47 131
10 10 73 37 148 51 79 45 97 145 110
10 8 143 56 62 26 67 123 89 47 59
10 20 139 55 149 103 73 93 40 26 144
10 5 119 77 73 39 120 89 81 98 84
10 17 97 84 129 95 48 113 136 100 75
10 17 97 127 112 103 111 99 24 50 29
10 4 71 30 29 119 108 66 72 59 25
10 3 60 86 59 56 38 33 30 36 43
10 18 133 98 63 129 139 34 109 126 76
10 15 37 48 106 71 69 27 135 93 41
10 20 111 110 109 76 56 112 38 131 85
10 19 125 121 111 34 102 52 84 82 76
10 7 29 123 61 114 106 127 68 25 62
10 10 51 59 135 77 96 150 81 33 61
10 3 76 104 139 135 127 82 81 143 132
10 22 103 116 140 23 147 44 92 112 31
10 16 123 115 130 33 93 136 117 24 80
10 21 27 91 115 52 141 84 148 60 73
10 10 26 81 88 71 142 148 124 128 107
10 22 126 84 46 56 53 77 114 137 71
10 21 94 59 67 39 45 80 92 76 70
10 16 35 40 81 150 126 78 85 51 31
10 6 143 29 138 129 51 32 61 26 78
10 1 65 85 32 89 71 93 70 73 40
10 6 106 112 49 132 129 25 69 131 136
10 15 89 43 67 140 92 32 40 103 52
10 4 102 75 147 146 60 85 37 71 144
10 15 114 93 82 29 92 60 34 59 87
10 14 79 60 110 52 128 68 126 34 27
10 16 130 89 96 62 149 115 84 25 50
10 19 126 31 30 147 106 119 88 89 39
10 15 101 126 45 34 81 133 121 67 95
10 4 91 142 131 47 102 78 109 84 140
10 13 82 50 115 88 40 28 41 137 143
10 20 135 116 68 80 92 52 124 25 105
10 6 123 40 60 73 78 144 84 63 126
10 17 149 114 123 42 147 28 37 120 79
10 21 113 46 59 104 105 63 134 33 32
10 2 23 32 114 119 86 36 27 60 40
10 22 40 31 99 132 127 69 80 73 124
10 10 92 134 130 138 94 47 69 43 149
10 18 60 123 137 93 144 38 80 121 149
10 8 110 73 33 70 45 89 121 59 94
10 7 35 32 49 117 150 40 55 104 33
10 20 34 41 150 141 43 69 144 129 137
10 9 115 107 86 75 77 94 99 87 148
10 2 104 144 65 89 31 103 101 52 79
10 17 89 150 96 29 94 93 68 104 65
10 19 72 116 73 136 133 124 119 131 111
10 11 89 145 59 36 67 109 83 43 54
10 17 123 86 139 98 101 131 134 24 142
10 11 87 33 50 59 107 65 115 146 118
10 5 67 94 59 98 39 145 71 121 73
10 11 123 34 39 72 95 48 52 118 112
10 5 102 112 36 38 143 90 51 83 40
10 16 142 110 62 92 41 125 91 118 77
10 14 126 122 38 133 24 81 99 47 71
10 13 56 41 43 125 58 124 27 89 81
10 1 66 87 61 127 132 117 67 149 133
10 2 67 146 32 111 108 48 60 88 124
10 8 31 79 67 93 127 114 129 58 77
10 17 81 65 66 101 128 117 91 43 140
10 17 85 127 146 31 100 83 87 133 125
10 8 85 135 60 103 45 87 86 146 124
10 11 96 135 108 128 35 72 102 86 71
10 18 34 45 70 142 46 90 38 44 26
10 20 36 69 51 39 91 68 106 112 137
10 21 43 81 136 78 116 36 146 106 105
10 4 117 143 73 149 24 138 23 111 76
10 11 84 116 86 133 135 140 52 107 62
10 2 92 120 88 134 39 59 47 110 104
10 20 112 33 149 132 101 50 119 87 129
10 16 49 62 54 90 92 110 37 53 111
10 17 52 78 23 144 122 112 34 67 66
10 22 62 33 119 58 135 39 129 108 93
10 14 150 26 47 146 149 80 114 95 28
10 8 148 50 113 111 27 139 105 120 23
10 3 139 131 122 107 41 114 87 138 120
10 13 135 123 48 82 100 125 101 118 72
10 12 77 36 124 43 40 58 92 61 122
10 21 60 87 44 145 109 99 90 37 36
10 6 42 124 24 89 150 94 87 108 49
10 5 123 60 141 72 148 26 39 90 106
10 4 100 94 38 143 147 48 108 76 24
10 12 70 60 23 35 105 96 47 41 50
10 10 63 72 74 61 93 115 71 145 127
10 16 41 127 85 130 66 68 90 138 79
10 11 64 134 52 127 142 78 38 25 138
10 2 96 53 58 84 117 91 128 43 38
10 14 65 94 29 149 64 60 120 71 69
10 5 64 97 63 112 92 136 125 61 50
10 8 65 54 23 24 40 146 100 115 50
10 14 112 66 46 79 70 69 99 52 39
10 9 83 35 61 144 44 116 90 97 145
10 7 77 45 94 139 62 145 82 103 49
10 9 29 99 39 41 37 30 117 88 114
10 12 82 140 141 62 60 61 142 133 57
10 3 35 136 128 98 103 99 80 46 106
10 2 142 122 29 110 40 98 125 76 33
10 12 90 31 94 51 58 91 25 133 128
10 4 127 101 133 30 74 72 42 99 54
10 13 149 133 46 87 36 50 45 115 28
10 7 45 94 76 57 97 48 131 55 92
10 15 42 39 139 103 27 50 84 113 128
10 2 57 142 39 139 126 32 47 89 29
10 6 74 56 123 125 44 126 144 89 26
10 3 66 140 25 113 119 26 129 30 122
10 19 23 122 147 68 116 82 132 78 101
10 18 139 37 75 135 45 49 132 137 148
10 7 47 81 143 150 37 94 75 92 142
10 8 26 110 45 56 114 144 72 31 52
10 16 24 145 57 50 141 150 126 81 114
10 9 115 58 143 93 83 130 128 52 114
10 4 30 124 120 39 117 35 61 36 147
10 6 38 66 124 35 51 98 23 107 56
10 12 95 127 40 112 63 144 110 25 36
10 10 145 48 57 91 77 123 84 55 61
10 12 146 127 98 95 76 57 106 148 23
10 17 53 130 87 79 117 86 93 109 136
10 17 77 73 69 72 82 51 119 54 135
10 21 130 143 33 63 139 26 94 121 72
10 13 30 118 67 147 50 65 69 105 101
10 6 37 93 122 64 48 90 110 87 73
10 2 52 136 28 119 146 25 116 31 40
10 3 138 132 99 90 52 136 35 26 125
10 13 60 106 112 31 79 84 142 64 36
10 13 97 121 110 60 67 111 73 99 93
10 9 95 56 31 150 130 38 64 74 132
10 6 139 108 94 47 105 43 82 35 28
10 17 104 83 79 117 116 63 33 140 58
10 6 116 55 44 127 95 132 37 149 113
10 6 141 39 147 108 132 90 84 58 23
10 11 129 67 23 100 51 81 60 39 149
10 1 128 106 64 121 47 44 32 57 49
10 10 52 106 36 124 96 123 115 129 141
10 22 95 130 23 91 74 117 107 58 147
10 11 71 124 95 91 128 35 30 97 53
10 19 131 56 103 86 68 30 96 101 33
10 21 118 61 111 119 57 125 79 38 40
10 19 92 36 148 46 40 33 29 143 44
10 9 150 67 112 134 71 100 56 91 98
10 14 140 32 125 83 149 141 120 41 67
10 13 80 149 93 86 60 76 33 23 59
10 8 66 23 82 24 85 129 120 47 29
10 1 125 95 116 69 39 109 143 127 47
10 5 79 50 133 51 53 45 97 140 106
10 21 27 84 48 112 134 123 35 90 120
10 18 146 122 128 48 80 63 92 91 140
10 20 104 50 67 110 134 58 96 54 91
10 9 75 120 117 66 32 95 33 91 140
10 18 58 25 150 121 77 116 26 70 27
10 17 69 111 113 144 130 129 28 106 109
10 13 100 87 96 66 149 45 144 90 122
10 5 53 37 116 68 120 146 86 63 88
10 20 90 78 25 53 49 116 97 135 133
10 4 24 125 53 35 64 58 39 72 146
10 9 49 38 66 57 46 114 106 141 107
10 4 131 123 25 44 120 127 133 86 101
10 7 81 94 75 135 149 77 136 125 29
10 20 105 87 90 74 36 145 45 131 115
10 11 88 35 81 107 34 110 124 138 114
10 2 42 49 119 83 77 88 94 144 93
10 13 86 124 117 68 102 143 148 126 79
10 15 84 74 143 79 125 73 109 139 123
10 8 71 41 149 37 134 80 74 137 90
10 13 138 141 59 146 108 39 54 116 117
10 5 146 149 25 26 117 45 82 28 87
10 11 120 132 81 115 140 63 135 149 117
10 4 123 127 116 137 88 44 144 130 79
10 21 39 125 61 41 145 90 103 105 104
10 1 127 69 61 31 113 138 32 128 28
10 17 45 55 37 140 97 68 70 63 94
10 21 111 31 84 139 134 26 99 86 56
10 1 48 111 142 120 112 45 90 52 75
10 11 112 133 140 93 46 49 118 91 90
10 10 150 106 133 56 43 64 32 57 102
10 6 24 58 26 86 135 103 89 32 139
10 1 144 71 89 72 116 95 139 41 119
10 14 79 61 66 62 52 31 78 132 32
10 2 146 67 60 38 31 95 64 86 29
10 4 114 28 83 52 105 43 149 97 46
10 12 52 143 35 90 24 149 138 86 46
10 10 57 114 39 49 102 141 90 116 36
10 10 50 116 136 123 58 147 44 139 97
10 13 50 48 109 78 40 42 132 58 86
10 22 48 136 112 122 37 116 138 133 144
10 7 40 150 112 94 72 142 123 86 27
10 3 91 70 131 29 56 129 55 43 114
10 6 70 71 130 104 150 128 64 92 57
10 21 129 99 23 134 150 130 127 77 48
10 19 84 48 35 67 150 96 50 147 58
10 7 117 123 92 134 76 48 141 70 105
10 12 142 94 139 53 104 68 122 23 30
10 19 65 32 42 39 27 114 79 75 23
10 11 129 42 138 41 40 149 50 107 54
10 19 96 77 149 140 62 116 115 42 102
10 14 128 138 96 87 58 32 66 48 121
10 4 132 56 35 144 133 54 142 27 138
10 13 58 95 26 110 134 123 86 42 68
10 5 95 32 106 121 84 75 87 140 129
10 14 118 25 98 99 28 108 139 102 49
10 19 48 110 91 82 32 131 111 57 120
10 6 69 92 72 38 103 65 61 123 79
10 18 123 38 145 90 88 140 43 40 143
10 10 64 63 150 88 30 111 104 119 57
10 5 76 122 78 24 138 54 120 46 132
10 5 36 43 131 136 61 75 78 23 73
10 22 69 79 127 139 77 106 64 122 118
10 4 72 104 71 103 31 115 48 57 132
10 4 124 95 93 28 49 56 38 150 149
10 12 36 66 136 82 37 28 149 115 104
10 16 73 38 88 150 85 92 107 91 48
10 21 137 103 62 133 31 105 66 74 42
10 12 43 66 133 31 84 41 72 86 50
10 11 62 42 58 38 127 43 30 143 148
10 12 106 45 80 46 82 95 94 98 147
10 22 61 45 92 108 102 48 65 143 125
10 11 74 121 131 27 78 136 42 144 148
10 10 123 43 140 63 51 135 25 137 60
10 22 147 92 81 76 102 148 127 28 23
10 5 50 65 148 105 88 131 54 60 25
10 17 103 99 110 29 81 120 139 72 51
10 17 64 50 77 109 56 95 99 72 54
10 9 99 138 80 40 104 115 58 85 147
10 6 122 117 61 150 77 26 89 86 123
10 7 23 119 114 46 44 67 139 98 45
10 3 150 60 53 93 123 99 56 47 30
10 13 113 131 80 122 136 25 132 119 41
10 12 107 39 117 106 69 114 23 55 29
10 13 68 143 120 150 103 137 53 131 130
10 6 111 99 49 76 110 64 117 54 65
10 19 85 110 61 34 93 26 116 94 99
10 5 109 107 86 96 141 28 122 60 128
10 21 140 77 134 90 92 125 121 40 34
10 22 75 63 118 134 99 133 123 147 114
10 20 87 91 25 105 96 61 112 111 114
10 8 128 124 92 59 36 107 112 144 135
10 21 43 141 72 62 40 75 127 115 82
10 8 116 148 33 48 133 89 84 32 53
10 11 109 75 59 107 32 60 111 145 102
10 18 105 133 39 138 142 37 58 56 28
10 20 81 119 100 147 60 97 48 145 30
10 5 124 120 96 98 65 128 141 91 43
10 3 55 73 45 132 32 93 145 92 27
10 16 116 104 69 121 128 25 86 64 42
10 19 128 36 125 46 81 55 108 79 136
10 1 109 92 60 110 73 120 105 140 43
10 7 115 79 72 138 124 37 108 122 47
10 17 101 25 34 47 45 146 39 44 102
10 3 94 77 80 81 76 55 82 41 64
10 13 82 146 56 55 121 58 148 27 70
10 20 139 149 67 41 24 46 27 120 89
10 18 122 106 115 119 92 40 87 52 113
10 9 35 107 82 28 33 46 63 142 141
10 18 67 130 57 69 91 134 85 102 106
10 21 128 78 28 33 96 45 130 29 74
10 8 82 60 70 42 73 128 23 123 81
10 19 71 86 27 137 84 105 117 56 91
10 1 63 137 56 96 68 55 30 130 44
10 18 61 147 125 70 83 38 34 32 92
10 20 72 124 38 80 27 55 45 134 135
10 12 89 60 93 86 150 82 73 51 110
10 11 108 61 66 32 143 44 83 51 112
10 20 121 23 130 132 31 70 73 107 119
10 14 58 142 26 88 108 149 60 62 138
10 5 134 36 145 105 29 106 132 47 93
10 4 37 143 38 64 48 121 40 91 39
10 9 131 24 146 107 79 40 63 78 84
10 3 141 119 75 115 65 100 117 98 29
10 22 129 35 27 87 146 141 30 77 37
10 11 133 66 102 131 105 59 40 146 54
10 16 96 110 41 138 25 80 106 100 144
10 9 39 138 78 47 48 145 128 134 26
10 8 131 53 83 109 44 69 124 72 111
10 4 124 75 69 128 85 39 143 57 109
10 6 50 26 128 61 75 33 57 143 46
10 1 39 75 132 130 62 141 53 116 87
10 5 39 148 110 46 65 55 149 120 88
10 4 150 70 53 146 68 83 95 43 96
10 19 46 32 148 57 110 120 140 68 88
10 21 28 89 138 27 54 112 129 34 26
10 17 130 71 23 149 129 89 139 122 84
10 3 128 73 139 83 116 77 47 23 70
10 8 49 98 65 96 82 33 69 119 37
10 16 33 67 82 126 120 74 37 129 41
10 22 121 141 102 37 135 64 68 70 123
10 13 137 75 97 85 96 41 81 87 52
10 16 65 79 143 56 74 55 149 112 126
10 13 50 126 97 121 106 146 31 82 142
10 12 95 51 62 117 37 148 61 84 126
10 8 97 35 94 46 44 122 93 92 111
10 22 64 39 113 115 139 30 76 132 131
10 2 53 111 137 97 76 84 135 87 142
10 6 33 57 35 97 48 62 42 100 32
10 15 112 50 51 146 40 122 69 98 92
10 8 52 111 24 68 53 43 30 114 137
10 8 102 130 37 52 72 115 94 34 104
10 4 45 120 93 71 111 77 125 143 64
10 6 23 118 135 125 109 77 35 63 101
10 8 56 55 108 24 69 142 147 83 37
10 14 146 108 57 63 100 27 113 45 148
10 21 82 123 147 74 59 125 42 31 108
10 20 141 100 90 98 65 32 127 128 108
10 21 109 53 116 45 115 105 64 119 34
10 22 35 106 110 124 34 45 117 112 42
10 14 133 84 63 122 36 52 104 43 82
10 18 123 146 106 137 148 149 113 111 91
10 5 149 79 142 97 86 145 112 49 128
10 15 118 68 31 32 100 38 23 25 67
10 6 148 71 84 83 55 31 54 34 119
10 4 34 76 37 141 56 111 86 52 114
10 22 150 145 30 92 84 91 116 121 28
10 2 54 135 69 147 110 31 142 80 125
10 5 61 31 98 134 140 92 57 117 47
10 21 79 109 63 39 121 101 71 83 33
10 14 32 75 64 121 139 88 35 56 29
10 18 66 77 87 42 27 100 52 67 104
10 4 138 83 104 24 86 92 90 45 140
10 21 120 59 147 114 68 89 25 97 130
10 10 139 42 88 54 79 119 100 146 134
10 1 94 40 150 46 73 53 38 91 77
10 8 102 117 124 92 133 25 26 128 53
10 13 31 68 145 135 102 148 117 105 61
10 21 83 120 107 74 51 111 148 86 31
10 9 41 51 115 40 88 100 77 23 69
10 11 77 28 26 70 88 96 56 142 52
10 20 142 102 42 51 52 23 145 77 109
10 12 130 60 45 30 133 46 129 103 83
10 20 89 115 114 131 77 130 64 128 65
10 6 45 55 52 100 57 32 114 67 91
10 15 136 98 125 119 62 71 108 72 73
10 10 131 72 79 102 101 74 69 103 43
10 18 97 85 137 53 25 91 116 103 112
10 5 47 88 87 107 118 77 112 33 146
10 21 112 54 88 109 72 75 133 53 126
10 19 47 23 57 121 74 91 108 134 116
10 21 36 123 92 137 70 109 99 110 91
10 12 58 128 73 76 121 59 72 81 84
10 6 143 32 76 67 88 139 77 44 132
10 16 132 50 92 33 150 45 23 118 95
10 16 23 39 52 37 150 131 86 41 117
10 21 108 27 139 72 118 49 122 133 128
10 15 25 78 35 68 134 79 47 42 99
10 6 102 113 89 142 80 85 33 93 44
10 7 100 136 83 56 145 49 92 70 129
10 12 135 60 41 114 110 26 121 125 67
10 7 54 124 129 42 83 64 118 143 101
10 2 112 136 63 104 134 47 91 77 145
10 3 72 44 83 51 118 92 37 150 56
10 21 101 135 78 60 117 137 42 26 27
10 20 102 32 86 97 106 141 57 78 64
10 4 90 38 62 102 126 99 79 148 132
10 19 63 123 40 140 64 49 126 92 141
10 1 80 68 147 115 41 139 76 145 105
10 14 112 149 105 23 55 60 31 25 83
10 11 43 117 74 40 119 123 145 107 134
10 9 24 83 48 105 112 92 95 141 86
10 7 106 23 67 63 150 75 128 66 37
10 18 131 60 56 128 43 141 71 120 84
10 20 149 31 132 63 118 35 96 76 45
10 16 126 121 97 129 91 69 149 41 112
10 17 92 41 30 141 121 119 68 109 43
10 20 104 80 84 45 54 94 103 75 24
10 22 132 93 117 25 53 65 28 109 49
10 6 132 88 80 44 111 140 30 130 37
10 19 49 89 123 33 44 58 27 88 112
10 18 41 64 38 139 40 140 44 68 106
10 9 47 101 46 82 103 97 137 42 150
10 20 30 74 125 139 79 52 105 42 124
10 21 134 135 102 86 122 123 24 47 48
10 9 66 63 47 54 51 114 23 107 88
10 21 64 99 28 25 84 94 65 75 33
10 21 41 130 112 107 81 121 51 53 85
10 12 108 146 125 92 49 102 128 136 96
10 7 63 89 92 94 132 123 140 39 86
10 20 45 137 54 32 131 53 81 146 59
10 10 57 86 148 93 55 30 141 80 102
10 16 33 67 65 134 43 32 34 85 124
10 17 64 26 30 138 55 93 146 120 129
10 2 104 125 120 38 24 88 111 66 96
10 3 125 129 34 134 57 50 117 27 55
10 20 147 109 126 145 125 57 85 96 52
10 2 66 75 149 95 123 135 93 56 33
10 16 150 142 93 28 89 58 131 126 137
10 7 134 139 124 106 78 97 38 146 129
10 3 58 92 61 126 121 95 45 42 49
10 20 103 29 44 76 42 90 148 45 36
10 13 56 75 135 65 93 120 33 69 76
10 13 39 127 66 79 61 124 32 139 89
10 10 77 58 124 91 121 46 129 104 62
10 6 142 69 120 117 121 102 37 99 104
10 11 146 138 83 140 116 86 68 109 87
10 9 116 101 106 100 132 114 139 119 54
10 5 73 101 27 106 145 134 92 124 95
10 11 61 56 46 139 132 133 69 67 53
10 22 87 121 130 39 91 118 38 106 43
10 7 32 23 45 110 111 56 120 29 126
10 6 117 87 112 110 53 147 27 61 142
10 10 105 55 79 39 87 68 28 125 23
10 2 147 101 90 50 124 36 72 42 78
10 12 109 115 53 83 56 60 110 114 70
10 21 29 102 97 66 112 92 106 143 37
10 6 52 125 143 24 47 42 30 35 139
10 2 111 42 69 91 26 62 86 34 145
10 16 35 84 31 58 79 74 99 101 111
10 15 118 112 131 117 35 89 120 42 142
10 22 64 113 94 99 83 76 140 102 85
10 21 36 127 144 37 82 150 35 124 122
10 3 82 115 100 142 97 43 93 90 106
10 2 86 61 35 78 92 146 24 136 120
10 18 27 139 75 104 33 122 58 114 77
10 11 122 121 106 113 53 80 36 145 55
10 15 52 100 146 129 93 125 84 141 40
10 16 57 84 73 82 35 123 143 79 44
10 16 140 120 44 30 115 57 29 32 58
10 17 145 125 66 87 62 121 47 104 84
10 20 90 42 30 61 107 52 145 147 68
10 10 69 65 94 142 79 107 132 75 37
10 19 28 134 49 91 76 79 59 74 145
10 17 100 79 108 110 50 130 113 25 136
10 18 104 126 145 24 31 94 77 83 28
10 1 65 56 103 52 33 76 55 50 27
10 19 51 104 128 27 123 52 47 118 56
10 21 26 129 84 93 113 59 109 131 48
10 21 48 46 45 65 85 132 41 142 29
10 21 129 49 58 144 123 116 149 110 25
10 8 86 104 112 90 58 54 57 66 74
10 16 134 141 91 48 83 111 97 124 109
10 1 72 123 49 28 136 38 150 108 111
10 8 62 93 95 50 43 113 149 58 29
10 10 98 69 89 83 24 103 120 81 25
10 7 57 138 124 68 84 66 104 149 61
10 17 126 63 57 129 75 141 138 32 60
10 14 136 36 41 147 127 122 86 75 88
10 22 121 99 135 95 145 24 141 112 98
10 18 150 140 117 145 144 53 129 39 135
10 15 23 93 129 47 67 81 118 57 45
10 20 100 94 27 31 57 120 122 113 82
10 9 72 140 26 99 142 137 94 112 132
10 9 42 73 76 121 55 130 25 120 29
10 11 76 33 106 119 110 68 131 148 60
10 22 85 103 99 26 40 45 78 69 105
10 5 113 44 70 125 50 39 107 79 123
10 2 104 30 132 143 59 122 77 142 145
10 2 43 146 89 29 113 114 104 82 96
10 2 35 47 112 82 111 49 59 57 97
10 5 90 41 150 117 48 27 100 127 86
10 17 101 97 113 115 120 124 43 126 111
10 2 100 146 81 139 134 38 32 33 44
10 15 137 130 120 32 70 123 36 92 43
10 10 43 150 108 39 40 75 133 50 101
10 15 138 145 60 63 66 79 149 67 87
10 7 44 30 95 103 29 97 90 96 36
10 12 124 28 126 72 80 143 32 147 38
10 5 141 66 137 59 81 50 91 124 71
10 13 31 57 80 48 81 109 26 51 124
10 8 77 115 54 78 93 122 132 103 127
10 3 69 58 134 127 111 120 38 40 90
10 18 46 91 122 148 23 92 111 50 126
10 6 101 40 98 61 119 137 144 133 114
10 11 107 76 144 53 146 121 124 110 95
10 14 98 80 96 63 82 132 105 26 106
10 17 91 89 127 34 41 133 126 44 56
10 10 61 55 83 35 60 68 140 45 64
10 3 146 34 72 125 121 36 71 37 129
10 18 129 51 85 87 132 77 111 125 146
10 21 112 67 146 38 100 28 136 63 95
10 6 85 34 84 128 44 65 141 93 54
10 8 140 24 127 88 141 126 95 123 35
10 7 112 55 130 113 100 111 116 149 109
10 11 66 85 146 29 59 95 86 83 44
10 21 92 62 45 44 36 71 140 124 93
10 12 71 135 63 136 124 99 65 56 73
10 14 37 84 38 75 32 99 117 73 136
10 22 111 48 118 70 28 54 145 137 35
10 5 32 118 103 40 69 141 81 47 58
10 14 87 91 90 85 99 140 98 51 41
10 12 28 138 99 122 120 45 63 143 134
10 15 54 114 136 55 36 84 79 62 107
10 15 91 105 122 68 97 43 144 87 51
10 1 43 122 26 59 66 87 56 117 49
10 18 109 54 50 83 90 88 73 84 45
10 20 24 42 93 67 76 77 23 32 53
10 19 48 53 94 107 93 98 85 142 95
10 15 72 123 147 139 76 98 32 134 118
10 5 86 117 74 110 122 91 57 142 148
10 10 108 70 83 61 86 63 104 82 139
10 20 88 130 116 133 38 108 120 60 86
10 10 53 124 29 90 36 26 125 115 100
10 3 138 88 106 130 113 143 135 35 95
10 22 81 134 64 41 48 129 138 131 113
10 18 126 83 97 35 138 139 69 134 115
10 22 33 136 64 75 63 25 50 36 103
10 5 45 121 43 69 99 85 98 142 64
10 20 65 148 115 32 62 95 138 140 107
10 9 26 127 144 59 33 45 25 41 116
10 3 58 23 150 127 63 43 87 130 132
10 6 54 113 128 45 38 106 75 36 71
10 18 48 119 112 53 37 72 124 69 88
10 4 136 123 112 49 116 87 144 142 106
10 9 149 24 122 87 150 129 146 112 23
10 7 75 68 74 90 132 49 51 137 27
10 1 137 115 139 121 68 54 142 31 109
10 5 60 106 91 66 67 37 72 102 118
10 12 61 70 92 84 76 72 31 74 135
10 9 69 59 97 135 64 104 73 108 113
10 15 132 81 33 146 142 115 80 24 145
10 18 69 140 45 52 36 33 124 132 113
10 22 71 48 144 124 100 33 47 37 143
10 6 94 100 71 93 23 127 139 86 142
10 6 143 25 104 48 113 60 139 35 62
10 21 41 83 31 26 144 91 76 87 72
10 21 86 140 82 100 29 23 58 85 71
10 11 49 34 23 134 136 113 143 117 149
10 1 144 51 69 131 126 94 82 83 54
10 6 123 96 51 116 74 85 127 50 67
10 12 49 86 136 114 84 55 45 140 104
10 20 28 74 81 27 142 76 97 116 92
10 12 137 24 140 101 32 87 97 109 84
10 14 65 82 99 140 121 147 101 48 44
10 22 74 128 60 28 63 127 29 31 25
10 2 70 144 59 83 44 41 86 30 85
10 10 139 112 129 128 50 60 104 62 24
10 4 76 33 56 91 100 44 83 145 131
10 21 28 125 136 71 68 31 81 92 58
10 14 60 79 66 96 102 85 81 56 86
10 9 108 81 150 31 27 64 137 88 46
10 16 57 82 23 61 75 64 93 144 90
10 7 89 99 141 91 111 95 122 53 38
10 14 62 119 143 32 132 36 44 144 124
10 15 25 146 116 83 47 75 27 51 121
10 1 66 113 93 133 63 73 88 104 120
10 10 74 125 147 90 46 77 94 102 72
10 135 149 122 97 83 32 63 106 57 116
10 93 72 44 135 101 112 117 96 126 33
10 107 116 131 32 28 121 113 111 69 110
10 112 68 147 37 23 71 70 44 138 111
10 99 37 83 121 102 101 112 144 119 30
10 72 108 134 92 65 28 29 73 44 51
10 118 39 65 127 72 42 23 44 71 146
10 127 109 57 96 139 103 46 119 63 141
10 68 37 112 59 36 48 55 107 85 124
10 49 132 59 96 149 104 89 123 130 83
10 85 96 64 144 29 100 142 37 32 36
10 45 47 81 109 60 39 34 137 127 149
10 137 132 73 44 93 101 96 128 38 120
10 136 109 97 111 88 145 84 99 119 48
10 32 75 43 76 95 97 78 136 116 134
10 145 72 133 71 141 35 23 74 89 93
10 107 144 26 88 24 138 62 104 126 40
10 58 147 59 115 86 102 70 29 68 129
10 130 88 126 61 143 142 125 65 145 79
10 86 67 94 146 64 89 56 39 112 57
10 92 114 30 61 43 112 101 119 90 80
10 45 26 90 82 133 116 59 106 70 77
10 49 75 65 97 98 80 30 138 102 150
10 26 111 45 55 124 142 79 57 77 70
10 82 68 65 105 60 138 107 79 103 35
10 44 135 115 71 111 104 86 78 124 123
10 81 66 47 64 63 82 115 72 44 30
10 53 128 148 117 134 149 91 25 121 93
10 69 135 89 98 148 112 59 130 124 35
10 81 113 68 30 61 101 132 86 80 34
10 96 70 132 93 72 90 25 95 103 39
10 131 26 53 33 85 108 79 30 143 115
10 96 39 38 32 35 123 87 54 140 61
10 57 149 116 78 125 148 121 97 145 41
10 47 115 96 135 142 121 113 84 43 109
10 59 35 58 118 79 40 82 121 145 44
10 91 71 97 31 83 86 72 80 69 79
10 149 25 133 126 97 46 88 37 132 57
10 129 134 44 25 72 57 65 136 24 107
10 113 96 95 104 61 108 32 127 99 76
10 82 148 27 127 140 51 30 100 122 38
10 74 54 93 99 126 69 110 31 70 45
10 39 106 112 116 147 44 118 126 29 77
10 93 124 122 96 61 133 75 30 79 113
10 40 147 33 95 47 26 75 119 57 111
10 111 105 82 89 92 108 130 67 51 84
10 79 64 25 85 95 32 117 23 57 112
10 49 56 48 63 84 119 51 86 105 32
10 82 118 41 84 123 110 124 51 120 90
10 131 115 79 33 86 140 59 39 103 77
10 47 142 45 87 140 123 26 34 108 144
10 122 116 47 59 40 119 103 38 54 63
10 87 90 113 41 89 79 144 72 61 140
10 59 123 120 105 76 37 150 134 27 128
10 28 149 115 89 74 86 105 63 97 50
10 68 61 44 134 40 135 91 75 67 131
10 26 124 56 119 23 41 140 34 127 31
10 122 130 108 55 25 69 34 112 97 132
10 120 28 96 81 44 147 149 56 102 58
10 72 81 125 51 26 97 32 136 135 27
10 50 105 136 115 145 44 59 78 83 107
10 94 70 136 31 54 141 121 85 45 38
10 33 138 37 23 49 116 115 36 149 55
10 109 129 149 111 121 66 41 81 115 83
10 56 68 67 78 104 84 92 30 64 52
10 88 39 47 115 106 121 25 32 24 56
10 84 148 49 46 108 48 145 128 90 81
10 144 55 45 25 80 110 143 104 115 83
10 83 70 54 148 66 39 50 64 65 141
10 28 98 36 55 100 77 116 61 121 49
10 57 49 98 67 46 112 71 83 42 96
10 101 127 58 132 52 103 134 97 125 31
10 75 89 101 87 24 111 59 139 115 109
10 104 94 91 98 29 64 72 32 113 45
10 115 40 70 24 61 148 35 31 149 58
10 78 107 81 85 52 26 120 123 28 67
10 141 28 27 88 79 61 46 134 39 127
10 46 87 79 146 86 47 109 112 71 64
10 144 61 114 52 135 47 95 32 145 89
10 64 33 87 46 28 121 81 42 36 71
10 79 80 124 111 32 66 115 75 107 63
10 76 79 95 91 25 143 98 141 124 139
10 150 129 149 35 69 120 70 43 73 122
10 94 129 76 96 105 29 77 91 55 43
10 133 101 145 137 32 117 132 68 24 121
10 149 107 43 84 146 50 109 86 87 96
10 81 121 38 76 53 105 107 65 57 129
10 80 100 136 140 122 56 99 41 81 125
10 79 27 94 140 106 37 138 101 52 76
10 95 88 54 57 73 116 27 90 135 107
10 88 147 50 131 141 124 96 122 58 28
10 116 29 130 42 127 110 104 117 142 56
10 112 115 147 75 87 110 48 34 90 114
10 35 70 142 104 51 94 71 25 55 82
10 127 63 28 108 41 94 80 86 102 74
10 69 79 27 127 141 147 74 70 87 84
10 103 134 42 121 63 130 110 90 32 46
10 37 32 124 122 78 146 54 129 55 28
10 136 146 128 32 140 127 104 37 77 101
10 82 46 104 48 134 28 102 50 131 118
10 81 137 119 108 138 48 50 87 112 131
10 96 112 94 41 37 50 105 28 60 104
10 93 45 60 150 31 115 138 37 128 70
10 56 71 25 91 87 116 102 93 28 118
10 77 40 136 92 80 145 107 149 138 114
10 147 68 112 37 55 129 76 97 81 82
10 56 116 97 146 110 23 127 128 119 70
10 140 67 134 101 64 144 48 55 54 100
10 66 101 52 54 44 129 55 31 38 71
10 134 122 24 100 87 101 146 79 104 97
10 137 146 106 48 50 126 122 132 99 105
10 116 29 70 75 93 35 90 135 30 146
10 76 127 87 111 49 129 134 39 90 105
10 120 118 43 77 40 81 27 107 47 105
10 90 78 70 47 114 31 48 91 93 115
10 35 83 115 30 41 75 71 84 139 27
10 131 84 145 56 44 62 130 96 37 53
10 124 137 146 103 35 148 120 28 128 107
10 53 75 54 29 150 81 146 120 23 68
10 78 96 67 52 130 23 86 143 150 115
10 94 119 142 106 96 82 128 52 90 110
10 82 91 149 35 23 123 60 131 115 106
10 32 128 94 38 120 81 76 46 147 115
10 78 89 121 51 130 116 86 83 94 41
10 131 49 149 41 47 143 25 108 63 113
10 121 46 118 142 30 91 87 69 134 104
10 142 99 97 100 81 127 146 32 113 48
10 24 136 64 140 146 69 80 101 75 66
10 23 84 97 95 69 103 129 141 32 39
10 142 91 44 32 73 75 134 30 64 47
10 109 86 138 137 89 44 81 96 39 57
10 135 81 98 26 27 106 64 38 136 80
10 39 137 80 119 94 141 97 123 25 117
10 82 112 42 142 88 51 110 86 107 75
10 143 142 110 41 64 28 139 66 91 102
10 36 91 40 33 34 42 78 114 136 79
10 140 109 70 83 124 49 142 32 47 118
10 90 30 47 91 133 40 56 105 107 68
10 76 59 54 47 24 81 80 115 113 61
10 107 106 55 37 133 27 96 38 119 135
10 57 142 34 129 46 33 63 145 49 52
10 68 93 69 81 77 26 52 120 82 62
10 27 106 48 108 59 147 83 112 58 121
10 132 136 105 52 23 119 58 109 149 97
10 125 94 47 88 101 86 112 144 128 65
10 71 137 110 116 47 129 147 61 84 98
10 93 149 24 71 68 130 108 148 67 69
10 74 98 108 73 105 135 128 77 144 69
10 37 26 82 34 129 130 25 135 124 54
10 72 83 63 62 80 111 126 110 54 73
10 134 65 56 33 54 108 100 91 132 97
10 111 146 68 37 108 78 72 25 29 126
10 75 77 31 74 102 114 71 49 123 132
10 119 104 125 136 74 37 51 38 79 49
10 96 90 88 56 150 45 50 87 84 148
10 98 120 144 83 28 86 143 72 103 108
10 128 124 113 82 135 147 92 59 125 111
10 74 82 99 73 40 75 24 105 66 143
10 83 46 41 99 146 107 148 142 58 63
10 37 145 72 39 130 46 54 91 119 29
10 26 150 63 31 100 134 123 64 110 38
10 132 25 62 122 111 143 84 40 131 78
10 83 74 110 49 82 30 109 62 44 107
10 77 124 88 99 111 98 120 43 38 90
10 116 30 145 66 103 91 141 95 112 65
10 110 131 70 139 45 76 136 85 109 135
10 133 70 146 148 131 102 51 54 132 36
10 125 26 127 130 126 106 85 77 103 102
10 103 41 47 144 98 28 52 39 94 36
10 28 76 24 81 87 67 112 88 70 111
10 82 83 139 71 80 38 29 95 55 142
10 74 118 147 94 102 122 71 150 107 93
10 85 121 40 23 78 54 98 61 94 30
10 90 58 83 68 42 79 135 81 111 118
10 106 120 25 34 63 79 53 110 32 131
10 126 148 23 134 116 138 67 46 61 78
10 99 25 24 73 52 27 86 83 93 26
10 65 73 61 35 119 106 122 47 111 102
10 48 89 76 111 128 103 122 30 131 56
10 102 119 132 138 115 117 77 125 146 63
10 49 138 113 64 146 67 35 118 68 126
10 113 90 147 104 35 136 112 127 40 54
10 74 28 92 90 134 96 150 85 31 130
10 124 50 70 139 83 28 65 108 89 68
10 103 27 90 84 100 68 146 130 87 93
10 126 36 73 62 29 63 78 124 131 53
10 111 92 145 126 118 97 117 100 75 74
10 103 104 121 58 96 147 69 116 33 99
10 75 139 96 142 36 73 72 138 137 112
10 82 59 24 46 45 97 66 101 77 116
10 101 84 83 75 98 112 67 131 87 32
10 70 61 45 124 147 132 122 133 131 27
10 90 84 55 41 114 107 27 54 39 64
10 63 104 148 90 84 74 111 130 146 54
10 56 89 69 75 92 139 129 50 90 37
10 43 142 75 93 136 40 50 79 31 53
10 83 114 103 26 126 57 102 80 123 96
10 31 30 83 118 66 72 80 79 35 84
10 32 62 128 145 52 48 140 59 82 76
10 67 145 137 128 100 48 25 99 95 52
10 96 97 76 98 37 91 71 29 117 135
10 59 31 32 84 109 103 24 37 98 68
10 129 90 78 35 68 126 30 42 52 51
10 102 124 104 108 122 131 137 70 115 63
10 135 95 44 89 37 74 97 113 57 149
10 123 124 94 110 92 52 37 101 58 125
10 102 78 43 60 48 144 72 36 107 61
10 133 101 128 114 140 121 40 147 75 38
10 47 91 31 118 107 83 95 137 36 132
10 74 47 104 90 76 70 56 24 38 89
10 105 139 69 61 59 117 148 92 77 47
10 71 101 65 82 68 119 56 98 144 36
10 132 118 128 146 70 142 67 97 89 90
10 26 72 97 27 122 28 114 33 135 132
10 125 63 61 72 92 76 65 89 25 96
10 140 71 83 73 46 43 91 82 129 67
10 120 83 137 146 101 150 118 45 26 126
10 127 79 32 123 90 60 132 101 103 105
10 70 107 94 98 50 99 53 27 62 23
10 102 113 126 91 61 106 33 146 131 97
10 45 88 150 107 92 133 77 100 48 53
10 42 89 51 136 61 118 34 77 55 70
10 99 97 75 113 98 60 55 127 104 120
10 148 137 120 28 67 63 85 56 146 65
10 83 119 145 47 45 89 74 65 141 75
10 46 88 32 150 85 37 61 74 113 36
10 86 28 76 27 23 61 68 33 109 138
10 41 92 129 130 23 89 114 136 32 132
10 78 114 117 62 46 128 36 84 43 41
10 58 43 150 113 90 28 98 149 104 120
10 129 86 94 30 75 53 62 98 25 63
10 77 110 135 71 57 84 147 102 45 112
10 51 112 57 108 102 96 131 54 123 35
10 96 29 100 140 49 124 39 47 79 130
10 119 63 43 132 144 66 130 104 101 90
10 123 67 129 149 36 63 61 27 111 113
10 103 69 58 54 119 64 150 55 120 105
10 114 30 125 51 78 105 120 101 53 39
10 71 75 106 80 44 130 67 149 94 56
10 73 104 36 32 113 144 138 133 30 106
10 71 37 91 120 47 32 54 113 61 119
10 75 141 122 34 139 98 32 132 95 146
10 122 148 46 40 119 85 63 124 71 36
10 130 144 128 113 30 40 41 108 65 147
10 90 79 25 70 125 59 56 68 42 91
10 76 150 111 108 144 122 113 41 142 138
10 28 59 82 119 63 120 69 77 108 114
10 126 23 111 133 79 70 26 92 54 129
10 147 74 65 135 128 56 126 62 113 31
10 110 148 126 145 124 48 63 88 96 23
10 96 39 36 43 73 64 132 40 109 84
10 88 35 131 43 122 62 29 125 47 85
10 23 147 131 115 111 113 87 24 36 142
10 76 37 131 127 28 135 47 69 36 134
10 140 79 34 74 35 28 98 117 70 92
10 97 53 78 145 115 105 86 84 69 47
10 132 57 128 149 51 39 89 26 63 35
10 72 78 127 149 126 73 69 133 110 62
10 77 36 37 66 94 50 135 88 40 84
10 35 138 140 59 146 110 58 136 49 47
10 53 127 67 126 110 28 45 108 32 69
10 94 117 31 28 24 103 48 112 43 123
10 34 132 122 149 129 131 91 68 51 59
10 83 128 150 77 67 71 86 118 136 108
10 32 132 109 128 65 80 129 85 83 95
10 108 106 133 93 48 30 107 123 56 40
10 65 40 148 60 94 131 81 85 145 66
10 90 44 116 133 118 37 72 101 69 148
10 43 123 92 78 94 74 134 105 117 95
10 109 39 101 68 48 51 73 92 118 58
10 108 107 55 25 150 79 82 70 76 32
10 126 86 53 147 121 45 74 141 127 105
10 53 106 114 46 80 107 129 38 101 111
10 117 147 123 114 74 84 31 32 143 105
10 32 95 46 140 76 92 68 110 100 40
10 141 124 125 40 89 25 145 54 133 149
10 138 113 141 39 36 26 114 57 27 53
10 42 126 72 108 102 107 70 76 100 80
10 99 120 134 65 60 68 69 127 94 72
10 64 149 133 55 83 128 137 44 46 36
10 125 95 74 92 144 118 42 31 97 66
10 35 85 146 104 30 74 36 142 105 89
10 88 138 56 94 80 111 102 59 23 58
10 118 53 123 79 107 110 102 39 54 51
10 122 146 118 85 99 126 43 62 128 38
10 69 83 63 30 81 137 57 132 115 92
10 121 44 93 39 24 64 140 117 87 100
10 149 34 96 90 66 69 67 46 147 87
10 128 41 104 81 106 37 94 62 56 127
10 75 65 86 50 55 107 44 112 138 27
10 97 129 72 77 39 33 86 50 114 135
10 101 82 71 42 67 44 33 125 49 25
10 148 125 150 57 124 64 34 95 114 50
10 132 133 70 73 147 127 50 93 91 63
10 24 30 62 142 128 134 108 112 32 116
10 90 130 141 101 110 105 137 89 37 48
10 107 79 77 86 49 109 119 35 122 138
10 142 46 125 117 104 77 75 120 132 81
10 132 98 145 87 79 45 24 137 117 75
10 89 136 139 138 148 79 36 134 65 55
10 83 29 100 56 142 104 80 75 44 115
10 117 124 41 123 46 73 128 30 51 106
10 149 45 53 37 27 103 23 50 140 143
10 53 85 55 141 127 117 122 140 121 114
10 117 53 68 146 29 82 33 34 136 138
10 89 43 63 54 70 53 37 102 150 107
10 113 76 81 47 49 64 39 104 45 133
10 53 121 129 64 26 130 76 39 110 52
10 125 84 65 89 38 62 67 128 132 30
10 81 93 118 73 140 68 62 110 100 63
10 141 120 52 49 47 59 32 125 64 131
10 98 144 65 74 139 141 46 37 64 73
10 53 70 42 146 97 142 54 108 103 149
10 140 117 73 28 139 147 134 30 41 37
10 131 68 77 148 96 32 84 29 123 42
10 101 56 63 128 132 139 95 81 100 46
10 67 58 113 63 90 65 86 133 75 34
10 106 57 94 110 107 138 77 37 26 45
10 121 62 68 134 144 143 48 112 30 119
10 146 85 51 130 65 110 132 131 148 42
10 106 118 140 25 80 129 101 68 134 69
10 66 120 59 139 48 58 76 122 32 137
10 107 136 95 138 66 110 52 30 137 34
10 40 58 72 149 80 24 97 127 95 150
10 113 86 91 88 133 34 75 42 53 35
10 86 106 114 77 107 148 85 78 52 28
10 109 149 88 127 96 128 39 126 72 111
10 77 26 65 97 114 43 32 122 25 89
10 88 71 117 70 43 112 97 69 111 122
10 137 127 32 61 28 97 146 86 58 126
10 44 103 107 144 134 70 29 115 51 101
10 61 45 144 58 56 44 117 106 89 92
10 145 124 122 107 131 91 111 26 82 42
10 102 131 97 32 145 58 64 123 99 87
10 85 83 42 116 69 81 32 36 67 94
10 93 61 64 96 125 85 62 116 35 142
10 38 31 98 56 128 146 35 107 63 101
10 82 37 128 110 43 40 65 124 104 127
10 82 49 98 81 34 141 65 66 91 147
10 149 119 148 57 65 106 36 94 33 51
10 89 33 148 86 100 63 133 91 104 50
10 142 82 35 103 129 149 110 137 119 101
10 57 48 104 100 140 139 118 99 45 112
10 61 49 90 142 126 117 70 28 108 134
10 138 100 103 112 51 113 137 128 37 32
10 51 125 128 129 141 53 85 72 67 99
10 107 34 110 121 76 139 52 120 30 106
10 66 69 50 112 29 31 128 97 144 36
10 113 141 71 89 65 114 63 33 27 51
10 70 64 130 126 100 83 77 92 101 133
10 110 68 135 83 28 107 125 39 92 71
10 29 49 27 77 35 125 24 113 115 74
10 97 31 124 91 128 103 41 147 34 40
10 96 50 141 57 126 80 52 68 38 29
10 128 77 141 56 75 46 149 90 31 67
10 51 94 116 139 111 34 61 131 119 62
10 145 53 55 79 117 33 107 63 123 90
10 75 83 106 40 69 121 118 92 94 143
10 58 110 90 61 62 148 33 76 43 102
10 47 79 67 69 122 115 93 132 103 42
10 91 100 112 42 38 86 29 127 138 125
10 105 59 26 113 52 63 37 146 75 34
10 94 118 137 141 130 32 116 61 40 135
10 43 88 84 39 72 103 45 38 78 50
10 90 25 92 79 49 72 142 121 48 42
10 108 43 64 62 126 45 87 30 56 145
10 43 51 134 81 104 132 62 148 33 27
10 112 57 33 79 24 63 86 42 61 118
10 135 78 38 143 60 82 67 39 73 23
10 49 30 63 117 83 142 104 109 37 39
10 139 134 132 63 105 54 37 23 89 83
10 127 81 148 75 77 114 91 133 125 143
10 40 129 105 115 109 144 100 23 138 132
10 59 64 111 131 110 132 124 24 29 34
10 128 80 110 98 50 140 74 34 142 136
10 111 33 54 41 98 49 46 61 26 76
10 100 86 40 24 95 90 111 64 119 67
10 39 122 79 139 97 44 86 72 26 63
10 76 48 65 107 102 133 75 93 131 92
10 118 115 116 101 61 110 142 92 104 56
10 61 40 71 75 42 73 97 89 82 106
10 69 65 92 120 27 96 35 147 48 136
10 23 31 125 103 148 137 88 146 78 109
10 109 145 107 129 138 48 54 31 71 36
10 137 61 139 94 25 97 117 124 140 56
10 133 48 77 95 87 43 100 42 41 143
10 44 45 150 85 112 62 108 64 89 33
10 45 130 123 69 87 145 63 73 34 79
10 78 67 140 57 122 81 100 82 33 77
10 82 137 52 76 115 93 86 94 80 121
10 95 65 48 42 106 109 138 72 142 54
10 93 107 109 87 91 104 75 40 59 99
10 86 65 144 113 85 62 39 122 128 80
10 79 27 82 48 34 94 90 43 50 65
10 82 103 122 49 89 48 68 91 129 131
10 61 138 70 32 29 77 111 33 72 131
10 42 100 148 57 101 89 39 68 46 127
10 125 83 25 74 24 37 30 92 98 93
10 110 49 94 92 59 95 79 30 122 63
10 108 133 58 139 77 88 91 117 75 95
10 78 150 48 135 147 130 83 27 113 95
10 70 27 57 98 71 55 32 80 31 68
10 42 136 109 46 48 112 98 70 119 107
10 52 76 125 110 91 141 80 99 88 62
10 52 66 150 101 35 102 104 64 36 97
10 71 99 138 118 100 29 64 98 89 74
10 65 34 75 124 27 114 83 96 59 118
10 66 106 99 141 78 67 112 82 100 89
10 28 53 145 31 24 100 129 30 40 33
10 145 136 114 150 43 135 107 147 97 56
10 133 102 56 93 70 42 143 79 147 30
10 76 105 40 47 96 94 88 150 111 145
10 128 24 104 129 45 54 80 71 38 69
10 80 45 71 91 148 40 115 83 113 133
10 81 147 92 44 49 82 32 37 127 57
10 115 88 86 82 42 77 134 147 127 100
10 109 37 52 138 68 123 105 126 102 82
10 141 36 148 143 96 91 77 144 32 117
10 41 68 57 88 131 63 142 127 104 139
10 49 60 90 70 35 50 28 123 34 82
10 90 130 25 99 104 28 144 134 101 106
10 67 134 76 70 61 68 31 46 122 35
10 97 91 123 99 65 72 24 126 42 63
10 117 105 140 84 67 78 38 122 141 129
10 118 140 120 102 96 147 28 68 138 79
10 25 45 146 54 126 28 101 137 148 123
10 36 62 94 127 100 37 32 140 103 52
10 74 120 124 83 98 42 107 91 49 58
10 62 143 63 127 27 131 58 74 132 54
10 35 84 63 135 69 30 126 75 92 26
10 51 57 143 130 61 25 80 88 114 108
10 26 149 29 75 44 98 105 42 114 104
10 98 96 41 104 65 105 119 81 112 132
10 73 127 80 58 64 110 98 23 46 102
10 50 51 90 40 138 42 68 150 59 89
10 30 53 71 32 145 39 104 85 122 92
10 116 143 145 106 34 146 129 32 70 67
10 135 112 41 39 120 146 25 142 69 56
10 88 145 83 82 94 32 66 87 38 79
10 45 42 108 83 107 67 99 25 103 74
10 27 137 112 46 52 40 109 83 100 44
10 121 111 74 73 138 109 66 123 28 78
10 112 23 54 38 131 106 28 138 66 33
10 83 56 39 129 24 123 48 148 73 122
10 147 50 128 96 136 58 63 68 25 131
10 26 72 32 40 27 92 150 124 28 125
10 57 67 97 59 26 73 46 92 109 98
10 108 67 36 60 146 30 31 84 90 97
10 67 142 123 144 100 33 103 66 46 82
10 134 49 39 75 112 35 92 105 121 147
10 74 23 114 70 52 90 65 117 24 63
10 75 33 77 34 133 118 98 93 40 69
10 77 146 66 102 127 145 91 97 23 86
10 62 36 146 93 104 74 37 102 72 29
10 87 49 35 58 60 77 126 23 27 122
10 89 51 54 97 133 53 124 137 55 77
10 137 23 143 148 111 85 46 95 34 138
10 61 148 117 137 76 77 115 126 56 116
10 132 29 96 34 37 98 31 142 130 133
10 149 115 99 125 34 139 67 114 77 127
10 136 148 76 73 127 145 72 101 84 105
10 70 136 30 98 82 135 83 55 129 69
10 66 79 114 57 126 142 39 103 26 137
10 68 139 43 49 110 64 98 102 41 37
10 119 150 145 37 123 115 121 40 61 125
10 91 43 100 53 146 23 104 67 129 40
10 90 142 101 148 150 89 107 131 104 93
10 149 79 34 109 32 131 132 30 144 73
10 142 134 108 132 143 53 121 71 32 112
10 79 37 88 92 138 99 72 98 23 106
10 93 31 96 105 121 126 139 84 66 147
10 85 132 30 63 147 74 111 82 91 76
10 133 67 25 49 150 118 106 71 115 129
10 40 50 111 65 99 53 80 112 35 136
10 73 121 87 72 70 66 59 94 93 28
10 98 49 42 132 57 59 142 108 130 58
10 77 90 48 63 127 131 110 72 76 54
10 122 118 42 81 128 25 116 44 31 113
10 147 54 139 70 116 73 81 124 107 120
10 54 98 150 121 25 28 23 86 126 51
10 91 76 56 150 105 110 100 141 84 94
10 133 95 44 107 129 81 80 103 77 121
10 150 62 90 56 76 55 143 79 118 125
10 82 110 74 31 102 77 111 116 145 62
10 135 124 28 125 42 108 81 67 105 69
10 74 73 125 63 126 91 25 50 89 120
10 86 60 127 128 96 76 34 99 133 120
10 39 43 78 115 42 86 23 26 25 149
10 44 143 46 58 51 36 94 106 59 150
10 142 139 68 24 28 122 108 23 133 99
10 128 23 101 30 28 135 52 127 149 53
10 25 69 133 94 73 131 143 137 136 102
10 80 149 126 53 40 54 85 135 27 34
10 39 93 89 127 149 74 148 59 31 124
10 72 99 23 50 145 146 67 29 57 115
10 47 135 43 107 54 75 132 46 26 34
10 78 50 76 117 66 52 137 40 83 62
10 58 46 107 100 102 119 45 122 87 123
10 127 50 84 54 46 120 74 129 78 114
10 33 110 75 128 129 74 80 79 34 142
10 79 141 24 127 94 84 145 80 118 28
10 130 91 62 71 143 109 110 147 75 72
10 143 74 77 49 117 51 82 70 93 42
10 28 93 130 34 100 89 33 102 67 45
10 149 98 85 79 47 110 121 27 129 102
10 65 150 42 136 66 53 146 82 96 92
10 54 144 135 123 29 53 117 111 108 35
10 149 145 80 90 89 132 129 35 88 112
10 29 59 132 28 86 142 105 41 125 27
10 148 136 30 50 23 74 130 117 53 131
10 93 53 44 84 66 31 141 32 68 33
10 106 88 74 67 59 35 52 116 84 97
10 36 56 34 55 118 132 100 111 120 107
10 108 63 98 54 65 137 57 113 127 59
10 127 91 56 125 41 96 63 73 143 133
10 143 110 54 72 127 89 36 149 47 63
10 105 68 26 150 106 110 27 40 100 146
10 112 72 132 41 83 36 92 87 71 28
10 119 75 142 57 42 79 80 44 40 84
10 38 31 92 100 60 36 128 23 27 103
10 88 34 56 74 65 75 27 41 86 138
10 104 45 52 145 34 42 83 120 81 66
10 86 27 23 103 130 128 60 127 92 93
10 72 99 111 81 133 134 39 32 52 66
10 111 84 64 90 38 124 68 125 88 49
10 80 126 82 109 62 127 138 113 45 36
10 54 147 70 40 111 37 50 116 72 66
10 102 52 104 29 137 113 80 54 35 77
10 82 106 24 141 126 138 77 146 94 86
10 99 65 92 94 113 128 124 41 49 69
10 145 29 30 150 119 79 118 108 39 132
10 120 73 67 104 39 75 139 74 32 51
10 139 142 105 92 134 79 135 27 57 120
10 109 92 75 107 114 86 57 76 60 91
10 118 65 127 133 134 124 23 57 138 62
10 65 93 61 124 112 39 101 76 44 34
10 76 131 132 75 60 110 73 147 94 137
10 118 144 137 140 125 150 131 141 103 51
10 76 32 81 74 119 47 42 27 49 143
10 28 31 39 68 97 70 98 33 131 134
10 129 93 103 52 141 50 47 138 83 131
10 72 32 73 134 145 139 43 99 130 122
10 85 33 111 146 38 124 39 78 144 99
10 30 145 107 65 92 144 116 125 148 25
10 29 134 97 27 101 28 102 127 96 110
10 32 36 49 56 122 72 131 136 107 45
10 98 46 24 45 26 44 68 99 118 69
10 131 25 24 38 95 62 148 68 93 113
10 28 89 75 94 148 116 88 121 91 61
10 49 57 47 82 118 144 42 92 128 48
10 45 78 76 54 121 125 92 91 46 148
10 136 27 50 118 96 66 44 45 132 84
10 40 72 25 147 65 102 64 26 128 121
10 140 103 83 122 107 143 23 120 80 116
10 52 81 130 126 85 61 64 44 53 122
10 107 104 124 143 24 119 38 32 144 46
10 54 94 48 85 40 34 64 31 41 27
10 99 57 77 89 96 83 140 138 84 117
10 26 64 68 60 150 29 142 108 87 104
10 112 113 120 38 134 52 28 141 138 44
10 33 61 84 32 127 63 92 117 105 138
10 99 93 57 59 101 70 103 80 149 121
10 114 110 126 51 60 38 77 45 100 65
10 63 98 146 97 75 23 92 50 74 136
10 65 51 42 96 86 45 104 67 141 38
10 122 99 65 141 112 78 136 108 72 52
10 68 110 45 77 99 111 86 143 80 85
10 125 129 107 119 60 139 56 143 97 144
10 44 116 138 81 40 86 112 113 23 108
10 49 118 36 137 93 116 110 147 50 143
10 63 38 107 79 132 106 77 31 127 83
10 139 123 64 44 70 81 144 110 130 77
10 42 56 124 85 34 53 55 98 91 139
10 36 116 38 137 23 34 88 55 97 93
10 32 23 30 44 129 87 83 76 80 53
10 35 51 150 44 94 56 142 52 133 32
10 101 77 46 147 109 80 65 143 126 108
10 85 104 81 78 33 89 68 47 79 60
10 79 145 118 150 84 74 119 42 137 85
10 29 23 32 67 86 56 45 143 145 118
10 138 133 87 27 47 71 111 28 130 54
10 139 108 67 44 68 28 133 66 98 82
10 108 132 118 100 46 150 62 123 73 110
10 79 72 131 66 89 95 60 26 101 57
10 53 40 55 129 111 101 147 106 132 57
10 61 97 65 80 78 88 133 39 51 66
10 143 129 146 91 88 103 108 48 47 51
10 79 118 42 142 112 122 54 86 107 44
10 113 100 46 99 140 58 112 106 52 77
10 66 136 26 81 103 87 33 137 133 57
10 58 109 36 145 42 64 137 107 33 122
10 38 87 118 62 115 106 146 73 44 75
10 109 149 47 56 127 57 45 136 115 137
10 36 121 88 59 119 126 120 144 104 72
10 80 147 143 111 87 58 113 74 25 130
10 141 71 91 108 90 104 25 107 139 44
10 69 125 34 65 121 104 149 59 80 138
10 27 40 147 54 82 49 118 28 57 89
10 120 109 140 79 69 114 47 72 149 136
10 58 121 69 68 106 138 25 82 131 99
10 58 119 136 70 27 125 86 145 100 118
10 54 42 150 149 77 46 63 60 114 36
10 144 26 45 48 105 23 50 66 87 62
10 99 138 93 32 67 33 88 66 29 55
10 61 115 119 144 138 131 27 82 64 108
10 49 45 38 48 55 135 81 51 141 110
10 87 131 77 41 96 31 115 112 86 100
10 38 27 74 43 29 81 34 118 93 146
10 101 83 128 23 87 66 68 142 127 116
10 36 67 24 27 23 50 51 95 128 37
10 99 93 140 59 30 102 76 113 85 35
10 129 63 128 140 69 136 53 75 131 117
10 74 46 130 77 30 87 64 75 63 147
10 138 83 69 99 122 23 47 44 116 65
10 142 114 126 84 113 124 150 28 141 66
10 52 31 143 38 33 111 70 141 116 112
10 54 64 68 148 132 45 131 90 77 42
10 41 106 87 92 137 115 97 75 43 89
10 62 41 123 65 137 149 111 129 93 52
10 85 53 33 46 77 106 55 123 83 115
10 37 66 29 120 108 34 128 85 146 116
10 129 134 104 146 139 28 41 45 141 106
10 28 71 114 103 89 135 35 123 91 27
10 127 129 132 66 101 133 26 75 42 63
10 124 122 37 86 52 104 116 28 130 66
10 32 74 38 102 41 122 99 24 57 108
10 123 93 68 33 58 99 37 142 86 137
10 76 45 23 31 102 114 145 109 68 78
10 84 115 87 86 49 55 50 56 83 141
10 117 54 26 129 138 64 58 147 70 63
10 62 109 108 32 106 76 103 102 146 56
10 117 49 73 62 95 140 134 114 63 136
10 33 31 91 108 55 53 144 142 146 25
10 120 24 137 140 35 64 104 97 39 49
10 44 47 61 78 116 69 25 107 89 77
10 92 105 34 96 62 49 106 79 146 99
10 45 103 39 138 149 122 38 79 95 106
10 31 145 98 52 67 73 29 37 110 133
10 109 39 28 74 34 69 62 35 115 63
10 86 70 56 102 71 80 124 141 145 75
10 123 41 92 150 88 29 65 144 148 58
10 95 96 53 130 107 50 87 131 80 41
10 78 39 50 116 69 77 32 66 125 142
10 24 25 78 106 35 48 148 136 147 124
10 141 143 95 137 72 149 46 124 69 68
10 98 119 51 44 33 58 121 62 54 124
10 56 118 114 71 51 65 106 90 133 73
10 51 25 112 117 42 40 124 146 76 71
10 61 99 62 105 50 119 94 139 41 67
10 118 104 134 25 41 108 83 73 112 111
10 74 114 47 116 148 126 65 136 140 56
10 102 137 96 81 129 133 38 40 49 51
10 130 52 76 125 120 147 135 116 75 84
10 68 53 119 37 43 28 133 41 80 38
10 95 149 100 85 91 135 65 136 39 134
10 26 40 83 142 140 92 36 31 125 111
10 131 50 55 122 93 25 112 26 118 48
10 120 51 81 67 26 107 114 40 83 93
10 131 30 40 135 137 35 23 85 113 88
10 49 110 132 126 76 95 102 127 73 27
10 127 30 148 43 44 70 131 58 101 103
10 77 99 137 95 94 149 53 37 86 133
10 124 98 134 31 70 46 88 71 83 116
10 87 47 96 143 42 84 58 132 100 45
10 81 45 35 135 139 61 124 136 33 123
10 58 52 123 29 85 60 145 37 59 148
10 126 24 130 76 28 136 113 89 84 93
10 143 70 49 122 102 136 43 141 108 111
10 90 45 120 107 72 73 46 79 115 126
10 97 114 128 90 67 122 137 103 55 58
10 109 45 121 87 136 65 85 95 83 57
10 96 26 129 53 123 30 29 76 91 43
10 117 119 90 128 87 95 101 121 144 60
10 97 141 124 131 112 96 37 93 114 137
10 127 77 60 74 143 107 36 65 73 72
10 72 147 127 93 107 47 90 97 101 123
10 39 31 121 53 30 142 116 74 43 91
10 23 121 29 80 135 119 128 77 46 27
10 84 66 88 82 148 107 58 39 137 143
10 39 30 24 27 43 90 61 137 110 62
10 46 67 24 118 116 142 114 60 107 137
10 113 84 32 34 149 135 102 23 42 69
10 130 24 148 77 142 87 115 147 40 50
10 125 70 115 124 121 112 47 40 130 90
10 91 141 148 127 31 118 129 62 38 131
10 50 97 129 131 28 24 23 120 133 38
10 115 122 93 124 59 89 92 83 49 119
10 55 147 36 59 79 66 115 116 125 58
10 48 109 80 57 129 145 105 52 40 63
10 97 132 122 54 61 42 117 86 80 49
10 48 34 73 117 28 129 138 80 66 30
10 93 141 113 36 46 35 27 114 29 89
10 31 145 133 52 26 27 44 127 126 79
10 139 50 35 109 94 39 128 122 106 51
10 111 69 100 110 133 34 44 132 71 24
10 120 27 84 96 49 55 114 105 63 23
10 69 97 82 136 29 106 48 129 145 114
10 85 42 104 34 95 58 137 78 51 94
10 150 46 109 92 100 146 103 40 84 141
10 142 137 132 40 125 31 100 87 65 58
10 59 110 141 126 120 106 40 137 42 30
10 109 83 51 26 53 48 82 46 147 91
10 135 40 82 26 85 93 119 33 32 87
10 69 117 78 107 125 112 113 150 148 27
10 34 47 109 69 126 130 112 42 43 89
10 34 25 64 123 114 150 73 127 57 140
10 89 90 29 67 149 59 146 144 110 143
10 70 141 102 32 94 83 52 118 123 40
10 107 101 127 88 110 62 130 135 82 128
10 133 78 60 139 74 129 56 125 76 130
10 69 112 131 47 46 61 109 104 52 31
10 66 72 100 104 88 38 76 141 145 81
10 148 120 40 76 75 49 38 137 141 29
10 29 59 45 127 128 34 126 124 149 88
10 118 150 101 47 140 58 127 46 42 81
10 78 73 103 84 148 135 26 58 115 121
10 97 87 29 79 32 134 69 112 108 89
10 66 103 95 102 37 70 94 121 113 38
10 65 74 50 35 128 61 142 77 110 91
10 148 85 102 83 136 23 127 135 150 141
10 72 142 117 132 97 66 140 107 80 78
10 97 141 100 129 61 143 72 46 38 111
10 67 63 58 128 37 109 88 98 94 140
10 136 129 120 48 64 102 49 88 67 65
10 70 129 58 105 121 74 64 28 120 36
10 89 29 56 28 26 36 47 117 105 23
10 80 75 114 108 72 123 88 91 87 66
10 128 144 88 61 101 124 87 135 57 97
10 93 144 52 26 31 109 115 65 81 48
10 110 74 105 69 42 130 40 113 67 97
10 80 89 55 63 141 137 66 119 33 125
10 149 50 130 140 134 112 145 66 131 44
10 58 60 53 111 55 148 93 45 135 52
10 100 111 136 145 147 84 35 65 60 94
10 88 130 41 133 42 25 45 131 142 91
10 78 136 60 45 90 77 150 119 74 106
10 68 108 32 78 147 110 113 150 83 49
10 150 117 148 102 112 40 92 84 38 107
10 128 44 143 131 82 33 146 150 96 61
10 144 106 35 100 101 99 113 115 43 36
10 27 96 44 115 149 78 43 61 65 124
10 55 131 78 115 43 125 149 35 54 95
10 55 24 93 108 69 125 23 38 70 148
10 120 79 26 23 24 41 46 95 27 72
10 35 112 100 95 131 37 84 51 125 26
10 126 82 109 64 53 127 108 25 99 74
10 49 135 115 51 43 37 122 100 76 126
10 108 24 51 113 96 92 118 43 71 116
10 99 88 119 63 129 94 131 33 45 66
10 106 71 111 150 130 44 104 112 131 48
10 35 48 86 27 84 94 88 107 138 124
10 135 137 123 144 112 33 63 40 69 60
10 137 91 46 64 132 130 47 50 101 78
10 148 50 113 23 121 91 27 136 117 123
10 147 101 66 138 27 100 113 133 36 32
10 35 109 136 85 115 117 103 80 127 139
10 97 81 120 26 88 89 31 30 132 131
10 90 84 94 119 104 135 107 128 108 30
10 81 23 105 136 49 73 60 127 82 94
10 139 113 134 128 38 133 131 132 141 91
10 101 76 48 121 38 93 29 71 42 129
10 70 53 54 113 115 68 50 43 29 40
10 129 40 89 26 107 34 105 133 31 87
10 126 122 134 75 58 80 72 81 29 132
10 147 123 124 100 59 56 138 93 43 108
10 55 122 100 96 62 84 27 144 126 31
10 106 52 114 99 127 95 30 32 56 109
10 117 51 130 112 108 30 126 91 31 134
10 29 94 61 140 118 125 71 131 73 48
10 123 34 105 26 28 92 62 119 42 90
10 133 64 116 146 63 56 36 43 123 59
10 47 133 61 125 131 52 108 114 99 36
10 149 62 53 97 98 120 81 119 122 54
10 137 81 44 59 118 53 112 68 72 94
10 144 40 91 115 75 109 29 107 114 88
10 139 45 92 69 90 74 89 131 59 50
10 32 146 93 75 147 50 77 29 125 129
10 124 81 83 56 134 131 121 60 23 104
10 89 40 65 118 49 36 80 139 135 99
10 101 32 59 114 99 49 123 149 78 65
10 116 143 58 76 27 124 63 125 139 75
10 46 119 126 54 60 82 131 90 41 39
10 139 31 85 134 89 93 112 46 74 68
10 72 64 58 83 146 53 140 61 138 25
10 131 69 70 103 121 74 101 54 116 134
10 49 36 120 66 88 149 63 150 79 50
10 107 127 57 82 128 25 146 72 37 48
10 66 131 44 107 50 149 82 95 150 39
10 63 106 57 51 136 150 94 135 32 52
10 54 29 119 120 32 139 84 59 40 23
10 129 23 109 35 75 143 52 69 116 43
10 137 64 38 119 83 109 33 120 104 60
10 96 137 102 117 30 100 27 122 39 112
10 85 133 33 116 120 94 72 69 28 140
10 118 105 69 54 29 88 125 70 124 73
10 139 36 122 146 108 115 102 43 55 87
10 88 104 148 94 131 119 66 41 78 33
10 90 85 132 135 29 96 127 98 83 36
10 80 25 88 23 40 122 43 52 60 137
10 44 149 129 85 107 61 130 135 125 51
