1000 80 5
10 5 62 35 28 18 15 42 54 51 57
10 6 31 80 15 30 36 17 20 52 13
10 11 60 33 57 55 43 25 37 58 48
10 9 44 68 57 54 43 50 13 31 48
10 6 75 31 42 65 16 20 35 34 13
10 10 55 24 68 17 18 58 69 37 64
10 4 80 61 77 44 68 40 45 55 39
10 3 76 73 74 17 23 45 22 51 65
10 2 17 79 77 34 33 40 22 32 49
10 5 56 50 28 48 53 14 77 49 74
10 6 16 25 26 43 46 67 59 56 71
10 2 43 42 34 80 53 49 44 26 60
10 5 67 55 60 43 29 49 23 66 69
10 8 51 65 27 17 53 67 31 26 44
10 6 33 63 16 23 54 34 44 29 25
10 8 14 13 80 43 71 15 37 47 60
10 8 75 21 36 41 72 19 50 39 34
10 2 51 62 38 63 60 67 33 74 72
10 4 30 23 66 28 41 15 37 46 35
10 3 75 71 65 62 13 76 20 60 55
10 12 30 79 80 16 40 74 71 26 43
10 3 74 19 32 65 42 73 63 21 75
10 11 78 58 28 71 63 66 33 74 38
10 4 13 21 73 33 35 47 26 72 71
10 1 63 23 79 28 16 14 24 31 72
10 4 21 74 65 80 56 77 29 22 13
10 7 44 58 60 46 77 37 26 39 21
10 12 71 17 33 18 63 29 21 30 46
10 1 18 36 15 13 54 44 31 32 76
10 9 26 32 44 57 38 33 34 80 66
10 3 42 61 20 60 28 30 57 25 62
10 1 19 27 61 52 59 22 36 80 37
10 10 49 45 58 32 62 59 50 24 65
10 11 28 35 77 38 59 74 66 58 64
10 9 58 21 34 19 48 68 55 77 69
10 7 69 34 25 36 40 42 32 46 76
10 4 50 52 15 42 25 22 14 44 39
10 9 56 26 43 42 73 40 51 52 69
10 1 39 74 55 56 53 25 28 13 47
10 4 67 72 62 52 20 37 54 28 45
10 7 24 27 32 80 69 29 28 71 66
10 11 19 59 76 32 14 72 16 64 70
10 11 76 42 19 64 79 41 32 35 20
10 3 18 31 67 73 27 25 56 39 75
10 7 58 16 37 21 62 69 31 40 35
10 6 70 17 60 40 68 57 71 45 37
10 6 78 79 19 16 15 38 69 27 65
10 4 76 70 75 53 58 52 34 19 72
10 12 72 40 26 52 43 23 35 38 47
10 8 75 48 24 27 39 49 28 60 20
10 8 29 69 53 50 47 67 20 38 42
10 5 61 58 55 35 76 77 31 79 80
10 8 54 66 75 80 57 30 59 67 43
10 4 68 55 23 74 69 65 58 36 43
10 11 68 50 76 47 31 73 55 66 40
10 5 74 13 67 65 69 15 79 37 71
10 8 14 28 57 29 68 60 44 54 18
10 7 80 38 76 53 30 26 39 71 62
10 9 70 73 18 23 43 29 14 15 50
10 6 62 74 33 20 63 65 34 53 64
10 3 16 73 76 71 62 60 79 31 41
10 9 26 46 60 53 64 76 45 65 38
10 10 49 28 45 42 47 35 25 78 16
10 6 33 51 78 68 58 64 71 26 73
10 3 46 39 41 38 68 23 32 48 44
10 11 69 28 49 14 15 18 43 50 23
10 10 23 47 75 68 14 35 17 39 27
10 2 23 38 36 20 17 66 61 56 44
10 6 78 71 15 29 56 73 43 21 28
10 12 70 47 27 31 51 41 74 48 52
10 10 54 19 69 15 33 47 59 48 37
10 2 56 74 36 72 58 44 39 55 30
10 5 34 60 15 50 67 24 16 56 77
10 4 74 71 72 29 20 80 70 64 60
10 7 13 30 73 34 15 19 50 71 59
10 10 80 35 52 53 26 69 79 60 34
10 1 56 72 46 63 14 33 78 80 18
10 1 59 67 36 58 41 54 56 19 22
10 4 65 42 40 35 43 34 18 80 69
10 2 61 35 39 41 31 69 13 51 27
10 5 65 33 46 72 52 76 32 37 49
10 4 65 38 29 44 59 66 51 27 15
10 12 31 42 18 52 73 69 22 57 70
10 2 44 38 52 76 75 69 62 29 51
10 11 73 64 79 47 56 40 42 21 18
10 12 74 32 41 28 24 73 56 25 38
10 9 37 20 58 16 26 60 78 28 77
10 10 76 80 33 59 79 43 46 44 15
10 5 72 33 62 77 43 39 18 42 65
10 7 66 53 26 68 30 14 37 35 15
10 9 39 16 46 55 72 48 51 65 79
10 3 21 75 78 64 58 71 34 15 27
10 11 29 65 27 32 30 78 77 69 28
10 12 50 20 42 35 48 31 66 71 63
10 12 57 34 69 16 33 63 51 75 44
10 12 13 66 62 70 32 29 58 53 30
10 12 80 51 37 18 40 43 68 14 77
10 2 36 69 66 27 40 61 13 17 49
10 9 67 70 28 23 48 69 35 40 78
10 3 34 67 79 44 49 26 20 61 24
10 12 42 31 35 54 68 73 19 36 75
10 7 72 43 13 19 64 32 39 65 52
10 5 39 53 73 48 25 46 50 16 69
10 3 24 48 66 17 70 61 63 79 40
10 5 41 33 19 64 49 69 14 22 76
10 3 36 35 21 49 31 63 55 34 22
10 1 68 23 40 74 69 22 42 58 51
10 9 56 26 43 71 59 78 35 16 80
10 5 80 44 19 59 74 53 50 17 46
10 5 67 34 22 60 35 27 71 59 39
10 9 75 24 17 16 30 49 59 19 44
10 1 76 51 26 70 42 47 49 73 80
10 11 47 40 64 65 28 62 51 36 44
10 12 66 24 23 41 19 55 44 70 57
10 10 23 16 64 37 43 20 66 19 36
10 11 28 64 42 21 13 26 40 23 36
10 9 20 18 73 54 71 70 64 32 19
10 11 20 44 52 27 61 33 35 72 67
10 10 80 33 39 50 34 66 37 69 71
10 10 78 34 75 22 59 36 61 29 43
10 1 38 32 18 60 50 17 71 78 30
10 7 37 56 54 59 35 33 13 34 19
10 9 35 27 63 80 18 50 76 39 73
10 8 65 28 64 24 66 76 42 36 78
10 12 24 17 14 68 32 39 18 36 15
10 9 77 25 30 28 26 20 50 55 71
10 3 54 46 78 65 38 64 30 40 76
10 8 66 71 24 36 61 42 20 75 15
10 6 56 65 77 53 30 62 28 42 74
10 10 22 50 59 28 63 40 60 21 77
10 5 18 45 79 74 70 25 39 41 76
10 9 20 79 21 13 77 62 45 19 58
10 2 23 33 55 62 44 31 38 64 63
10 3 46 23 51 52 65 45 15 29 26
10 1 44 43 29 52 26 51 69 63 19
10 4 64 17 14 42 34 33 13 30 69
10 12 48 46 17 62 30 47 59 76 37
10 9 33 76 64 54 74 52 35 41 46
10 12 47 46 44 69 32 27 23 68 60
10 9 69 34 47 27 52 50 57 29 72
10 5 52 59 79 46 35 31 41 15 62
10 1 15 44 50 34 39 48 36 73 67
10 11 27 56 54 66 38 57 53 67 76
10 12 45 76 23 37 20 73 71 79 38
10 1 18 75 43 55 59 27 45 57 52
10 10 69 43 76 44 56 15 70 68 34
10 2 35 58 55 78 61 41 56 18 40
10 1 35 25 41 28 24 65 33 56 52
10 7 70 47 39 48 69 57 16 22 23
10 8 44 69 78 45 28 41 36 76 68
10 3 50 23 43 19 38 58 32 37 35
10 4 74 61 49 79 33 78 55 75 57
10 12 16 24 75 71 50 46 72 30 43
10 10 31 16 13 30 66 45 63 77 24
10 1 74 28 26 23 80 15 67 44 36
10 12 56 75 14 24 18 31 16 74 28
10 5 62 30 79 39 34 70 16 14 54
10 7 28 25 34 40 15 16 18 61 64
10 9 58 61 42 19 38 37 40 64 53
10 12 39 33 28 40 62 54 20 36 73
10 9 42 37 18 16 28 74 34 44 67
10 11 50 43 16 75 65 70 13 74 17
10 6 59 75 20 41 64 50 17 46 14
10 1 80 73 46 77 36 44 63 59 67
10 7 61 34 25 68 78 70 57 67 41
10 9 68 65 39 58 78 53 62 77 70
10 10 47 16 46 70 44 69 48 33 31
10 2 80 28 31 42 49 67 51 15 13
10 3 19 79 71 39 63 50 48 57 66
10 3 34 29 57 49 79 60 19 17 36
10 1 37 73 39 35 19 71 24 54 59
10 2 65 59 39 68 37 60 31 44 64
10 12 16 30 47 53 60 46 69 18 58
10 6 80 57 38 47 16 78 20 51 18
10 12 67 46 35 56 29 49 71 62 42
10 2 72 27 71 47 16 25 53 57 34
10 12 78 53 80 18 32 25 57 21 59
10 12 77 51 67 46 66 26 15 53 65
10 9 20 43 24 56 39 66 59 34 76
10 11 39 40 26 32 16 22 70 53 55
10 11 35 69 39 68 50 23 79 63 40
10 6 76 74 50 49 43 72 35 36 79
10 7 53 60 54 51 49 58 31 14 33
10 7 63 13 21 15 47 62 19 48 27
10 8 64 23 22 53 78 75 46 41 24
10 11 27 46 24 51 34 13 72 57 45
10 10 29 23 70 78 27 22 56 30 36
10 11 20 65 38 28 34 43 31 71 44
10 12 60 78 28 27 38 13 51 30 16
10 11 37 53 41 33 31 50 67 59 34
10 5 63 61 57 72 74 45 32 56 33
10 9 69 35 61 60 19 16 48 27 64
10 11 64 61 19 49 75 79 73 69 63
10 9 77 14 71 59 78 49 42 39 61
10 1 45 21 55 76 15 46 72 40 14
10 6 70 45 32 69 63 13 56 31 60
10 11 37 30 44 75 79 74 35 73 55
10 7 76 69 67 70 44 25 19 16 32
10 6 56 13 36 32 72 50 24 16 15
10 6 36 54 32 18 26 23 31 42 38
10 6 14 72 73 71 17 31 51 50 59
10 4 45 30 36 15 54 40 23 51 33
10 8 28 30 18 52 51 64 43 17 48
10 2 68 75 69 54 19 43 22 71 31
10 12 54 23 51 45 20 72 13 43 48
10 10 68 65 72 19 55 46 18 22 77
10 10 45 16 15 67 64 77 80 49 76
10 5 60 17 70 78 28 23 65 46 33
10 12 25 36 44 50 71 51 26 33 42
10 11 32 19 64 65 23 74 56 48 68
10 2 72 31 42 37 34 45 17 21 78
10 3 20 63 70 48 18 47 77 33 39
10 2 61 76 29 31 75 44 13 18 51
10 12 67 22 38 53 48 37 65 41 36
10 10 46 57 50 64 65 63 77 41 45
10 3 30 31 71 60 69 63 53 44 64
10 6 76 65 62 29 70 73 38 24 42
10 7 69 25 52 15 46 48 34 30 68
10 1 57 77 24 53 29 76 61 67 17
10 4 68 48 57 45 75 73 33 78 22
10 12 34 48 80 73 49 44 36 67 42
10 9 23 53 50 66 54 71 68 58 77
10 11 36 29 46 71 35 57 24 68 27
10 1 71 75 79 22 36 38 26 50 47
10 3 50 63 42 38 72 29 27 22 56
10 9 66 46 15 80 31 41 67 36 69
10 10 52 79 41 74 53 75 80 65 36
10 10 24 70 73 74 19 18 28 80 48
10 1 30 23 18 56 39 15 45 66 32
10 11 70 65 68 52 50 57 67 71 79
10 5 42 19 25 17 33 26 23 41 30
10 4 55 59 79 73 19 76 16 30 31
10 3 52 49 17 76 62 19 60 58 75
10 10 20 60 53 56 40 37 52 38 44
10 3 76 80 30 14 37 32 22 38 58
10 10 58 77 72 57 49 74 38 52 28
10 3 24 74 46 70 23 66 34 55 14
10 9 26 46 76 48 51 60 47 77 45
10 7 61 15 32 37 54 57 65 33 36
10 5 63 25 28 29 56 40 21 35 49
10 8 31 23 56 44 34 52 15 59 70
10 6 32 51 55 25 29 75 45 33 79
10 4 21 34 56 36 25 19 43 65 55
10 4 65 18 78 26 23 56 66 41 64
10 6 78 35 40 21 74 60 51 67 37
10 2 75 53 74 58 40 15 70 19 42
10 12 50 18 48 35 57 74 38 20 46
10 3 20 45 69 57 80 75 46 48 19
10 5 63 22 71 77 17 18 15 69 42
10 7 35 79 36 56 64 21 43 71 48
10 11 47 73 54 34 38 41 58 49 31
10 8 74 78 41 36 71 58 31 37 70
10 6 41 19 20 65 14 77 40 80 61
10 6 49 48 17 41 76 26 25 66 18
10 4 41 72 74 37 28 52 68 26 43
10 6 60 53 51 21 41 20 25 65 61
10 10 77 54 59 32 60 55 57 36 73
10 9 61 41 56 63 70 54 25 75 47
10 4 52 40 65 35 56 13 23 19 58
10 8 31 70 54 75 36 41 47 42 55
10 6 46 21 58 57 32 71 48 62 79
10 11 34 68 78 66 65 55 33 22 73
10 4 65 67 78 52 61 14 16 42 22
10 1 31 59 50 62 65 73 71 60 74
10 2 79 78 20 43 54 47 60 13 27
10 8 25 33 69 40 60 48 38 58 75
10 11 22 47 63 67 76 62 40 78 52
10 10 27 62 20 39 46 31 34 80 14
10 6 47 45 63 61 16 70 33 77 35
10 2 40 54 61 39 76 13 38 77 52
10 6 72 74 64 45 80 51 73 69 33
10 2 21 32 30 51 70 44 72 80 23
10 3 56 18 19 30 76 14 23 69 65
10 10 27 55 30 75 47 42 49 28 58
10 6 48 70 35 14 79 13 17 54 47
10 9 21 59 28 30 40 42 48 37 51
10 9 69 31 52 60 38 62 78 51 39
10 1 74 18 17 31 78 48 38 56 40
10 1 33 63 52 27 51 68 37 32 14
10 2 15 65 68 32 50 17 13 49 72
10 7 68 49 77 57 44 79 62 40 50
10 6 55 32 61 24 22 57 60 44 19
10 3 39 15 65 51 49 78 44 77 31
10 3 66 48 26 29 62 54 75 74 14
10 4 48 59 25 34 42 68 73 51 57
10 7 76 44 79 27 17 71 30 25 70
10 11 79 28 45 26 64 53 16 35 36
10 4 42 48 55 60 53 29 38 41 61
10 5 72 28 36 39 44 69 34 24 46
10 6 41 56 63 75 31 58 27 15 13
10 11 61 35 57 40 33 67 77 39 55
10 8 61 78 70 73 62 41 77 20 39
10 4 29 75 76 69 32 64 52 28 18
10 9 63 18 27 21 44 19 49 54 79
10 8 39 23 27 25 30 38 76 69 42
10 11 46 35 15 34 71 74 80 30 33
10 8 70 25 54 39 75 20 55 24 23
10 3 52 71 53 35 80 55 46 63 56
10 12 42 58 26 21 34 77 66 23 17
10 9 58 71 29 23 27 14 78 36 44
10 10 72 29 42 54 22 26 65 49 68
10 11 43 61 62 67 73 68 36 59 76
10 9 67 23 30 53 13 50 66 27 78
10 11 43 15 16 62 18 67 14 22 75
10 9 61 28 72 45 23 65 34 76 73
10 11 13 59 21 80 76 48 24 44 49
10 3 73 22 56 71 27 21 38 47 49
10 2 36 61 35 62 21 74 32 75 37
10 12 80 78 65 38 20 27 53 66 59
10 5 38 73 45 47 77 46 64 75 24
10 6 70 34 20 53 80 45 77 41 38
10 5 30 71 72 64 23 46 77 47 51
10 8 50 52 43 72 15 55 76 57 22
10 1 35 21 14 64 51 23 73 37 26
10 12 67 60 64 70 80 36 27 50 62
10 10 26 80 35 79 51 13 22 64 76
10 10 31 34 16 14 51 62 35 66 13
10 7 69 52 51 26 38 39 75 72 47
10 2 79 69 55 13 63 26 45 16 34
10 6 78 58 13 30 43 34 62 72 56
10 9 26 79 71 60 55 44 59 49 22
10 5 56 64 36 67 54 65 43 26 47
10 4 72 25 36 63 24 71 16 18 58
10 1 36 33 80 63 43 32 15 77 27
10 11 70 71 54 23 29 34 35 17 64
10 6 54 39 75 78 64 49 24 31 43
10 12 27 67 24 55 23 42 29 30 40
10 7 70 49 28 35 59 18 20 80 46
10 10 60 30 50 54 32 28 14 23 53
10 5 41 30 43 71 55 53 26 60 18
10 7 18 37 66 17 69 74 40 44 77
10 12 72 31 26 42 21 20 18 39 48
10 2 79 19 24 77 43 15 51 50 33
10 10 21 53 38 60 32 19 55 48 59
10 6 75 59 31 73 25 27 61 55 20
10 3 24 60 72 66 77 64 57 14 59
10 11 67 23 21 57 38 34 13 56 73
10 9 45 47 60 80 32 25 37 43 34
10 9 26 36 35 32 40 76 42 49 24
10 7 68 79 29 23 69 30 52 38 37
10 7 73 70 22 72 36 75 41 42 76
10 10 63 35 18 72 29 41 71 42 59
10 1 40 65 64 47 23 53 57 22 56
10 9 79 47 26 27 69 55 36 29 34
10 3 63 57 76 17 65 47 27 79 13
10 11 77 69 45 61 40 31 63 51 34
10 7 57 14 46 27 26 22 42 69 49
10 3 13 62 61 59 63 66 38 73 55
10 3 52 14 63 71 20 77 48 72 80
10 7 43 70 27 75 45 40 72 58 51
10 9 40 42 68 47 76 41 72 63 44
10 4 69 17 58 65 30 77 74 75 19
10 2 55 71 75 50 45 80 69 23 39
10 4 49 42 28 57 31 54 71 69 47
10 1 15 36 22 26 63 59 65 14 33
10 8 44 65 17 71 21 73 76 28 51
10 2 33 15 60 34 26 17 46 67 62
10 3 25 56 13 66 50 35 49 68 26
10 6 35 79 31 53 39 49 28 32 25
10 6 70 47 80 76 45 40 26 23 33
10 6 74 34 49 65 26 66 50 42 25
10 4 21 47 69 18 40 53 32 51 28
10 8 64 45 19 33 47 20 54 55 67
10 1 37 52 43 36 15 73 69 30 13
10 7 63 70 24 58 76 21 28 35 66
10 5 50 62 57 30 35 38 24 33 73
10 12 53 64 32 73 67 19 27 69 13
10 10 25 29 68 19 40 49 51 73 20
10 6 75 44 26 56 80 71 41 28 76
10 8 58 13 51 62 22 24 56 15 77
10 12 78 66 69 14 38 33 57 54 23
10 5 31 17 38 48 28 79 20 56 50
10 7 79 54 55 39 68 57 15 67 62
10 8 33 19 20 30 68 44 47 73 61
10 4 19 27 39 37 58 73 42 55 75
10 12 49 17 36 13 41 26 23 48 16
10 3 33 38 37 44 68 78 80 41 25
10 3 47 55 23 37 65 77 35 62 16
10 2 14 50 17 36 38 18 39 29 44
10 2 45 76 55 29 54 17 13 39 50
10 2 47 55 69 65 20 44 80 31 62
10 4 35 79 63 28 38 68 59 49 33
10 8 34 73 27 79 46 59 63 31 72
10 4 47 77 46 64 71 62 65 79 32
10 6 30 64 58 17 16 69 52 78 21
10 2 70 50 68 15 74 16 53 33 58
10 4 80 75 69 51 43 38 41 57 23
10 12 56 26 53 54 14 51 80 32 28
10 12 59 35 66 40 75 25 28 53 65
10 7 66 80 19 13 39 38 34 52 79
10 1 70 35 53 15 17 76 13 58 45
10 2 13 38 52 75 21 35 36 42 17
10 10 39 64 51 26 76 14 40 52 48
10 6 20 54 63 47 14 45 50 33 34
10 2 13 31 62 69 33 52 28 73 64
10 1 30 21 43 52 65 53 68 15 17
10 5 26 76 68 30 55 69 47 51 80
10 4 50 18 72 54 68 20 44 30 77
10 3 71 40 77 26 28 62 75 16 65
10 5 59 74 22 61 38 40 56 17 68
10 2 24 25 38 58 46 19 57 27 52
10 2 53 50 47 78 60 57 27 56 69
10 7 46 53 45 18 63 26 55 15 69
10 10 57 20 72 29 49 15 39 65 14
10 1 49 53 29 55 59 20 41 14 18
10 6 37 74 42 14 57 48 75 70 79
10 5 13 54 40 41 46 27 28 34 43
10 6 18 54 69 67 15 61 70 66 59
10 8 70 43 55 19 27 49 14 74 80
10 5 59 35 19 80 70 14 13 65 49
10 9 48 58 74 42 47 27 24 43 31
10 6 80 16 58 50 46 55 34 29 43
10 5 78 54 77 46 36 18 73 64 52
10 6 25 52 28 51 13 57 66 74 44
10 2 53 23 34 65 47 80 38 25 32
10 2 23 42 57 78 29 58 72 19 26
10 5 79 47 14 78 54 58 44 76 48
10 12 19 51 36 14 55 23 29 58 59
10 4 33 79 48 15 75 72 30 58 69
10 7 23 33 47 40 31 36 59 27 45
10 10 36 49 37 16 20 58 39 55 14
10 4 21 32 44 59 14 56 16 69 34
10 1 64 20 15 21 31 18 49 24 74
10 6 47 38 64 78 40 74 24 14 54
10 9 41 60 27 22 54 63 21 20 37
10 3 26 41 73 36 17 33 27 69 66
10 10 53 62 63 42 22 51 44 55 80
10 9 70 51 69 78 57 30 16 24 72
10 9 50 70 25 36 17 67 44 34 38
10 5 75 63 40 13 19 33 22 27 15
10 2 38 15 25 31 74 36 80 52 39
10 5 19 39 26 42 74 55 44 49 20
10 9 73 61 38 25 70 35 67 78 68
10 9 57 48 65 31 28 33 51 34 37
10 5 45 40 38 13 69 21 48 32 59
10 10 19 54 47 36 39 73 34 29 60
10 7 30 73 67 13 54 36 74 43 77
10 3 60 39 28 64 22 58 74 29 38
10 3 41 31 21 48 13 26 67 56 65
10 7 38 69 20 24 45 70 52 73 72
10 6 58 66 73 74 16 50 33 53 70
10 6 54 27 19 13 67 62 38 23 77
10 8 42 64 68 43 62 37 63 72 58
10 11 79 28 62 68 36 60 70 34 33
10 1 17 49 18 61 51 21 70 52 63
10 2 54 76 33 17 22 48 52 68 60
10 12 15 65 55 30 27 19 42 73 46
10 1 46 51 43 33 62 35 49 17 54
10 7 57 58 45 28 27 26 72 24 25
10 6 23 72 34 29 62 48 47 74 55
10 12 54 37 16 25 18 75 29 28 24
10 1 41 80 18 79 20 29 39 78 66
10 9 47 33 69 26 77 73 34 71 38
10 5 51 50 21 46 64 62 15 68 78
10 11 25 60 31 16 49 38 68 33 21
10 8 70 31 66 42 22 61 55 53 63
10 6 79 78 29 80 76 65 13 33 16
10 4 66 37 38 29 44 62 59 31 58
10 3 61 75 59 76 17 27 72 55 63
10 6 15 14 44 18 38 28 72 70 33
10 6 27 31 63 42 79 33 36 46 19
10 8 60 19 59 71 43 18 46 30 23
10 2 29 69 13 18 54 55 57 42 80
10 11 17 80 23 30 13 44 67 65 41
10 9 16 53 65 61 55 18 23 32 45
10 10 53 22 64 27 52 57 68 43 23
10 4 41 74 58 67 46 14 27 47 16
10 12 66 67 23 62 63 35 20 77 69
10 2 43 38 62 64 79 63 45 54 61
10 4 71 78 59 57 32 65 51 64 19
10 7 37 32 57 42 56 79 67 20 75
10 2 14 31 62 54 37 13 78 39 74
10 10 20 27 19 35 21 40 46 14 15
10 10 59 52 56 31 75 37 63 25 33
10 8 26 40 30 13 46 62 79 24 64
10 1 30 52 41 36 22 19 14 27 77
10 4 31 66 62 39 61 30 16 22 13
10 2 29 65 24 55 16 20 54 66 52
10 4 55 71 32 56 33 59 39 53 31
10 12 67 24 28 74 31 58 49 78 15
10 2 39 77 71 22 37 32 58 75 42
10 4 45 17 33 80 25 51 14 46 42
10 4 54 20 57 61 16 58 49 32 41
10 6 45 47 69 65 77 52 46 66 70
10 3 74 54 16 45 35 60 70 61 31
10 3 31 54 74 71 39 64 49 76 21
10 11 26 28 21 62 17 24 43 48 34
10 10 33 36 67 43 77 64 52 41 57
10 5 64 51 22 48 78 25 40 41 58
10 4 48 66 78 37 24 75 67 41 77
10 9 63 41 31 57 67 28 24 49 40
10 10 26 28 45 71 34 79 60 25 32
10 4 33 32 21 17 48 50 24 27 55
10 2 52 54 58 33 20 44 56 16 62
10 10 13 30 16 24 62 35 78 31 21
10 1 42 47 71 32 63 59 64 73 80
10 3 73 29 77 79 46 63 64 69 74
10 1 63 59 35 40 70 60 65 25 67
10 9 46 30 75 71 50 33 69 23 55
10 4 21 17 80 31 45 15 48 49 33
10 10 60 19 33 59 22 80 40 29 50
10 2 44 61 25 37 71 42 50 79 36
10 4 66 42 60 51 70 55 62 16 72
10 1 59 53 41 78 44 58 31 48 43
10 8 53 35 59 76 23 49 60 55 42
10 6 47 65 34 13 71 76 53 32 73
10 6 47 43 63 34 80 35 18 38 61
10 11 17 20 59 38 27 32 24 37 75
10 6 24 70 39 17 54 46 20 36 69
10 8 57 27 13 21 33 45 24 23 16
10 4 19 26 35 47 27 67 54 63 33
10 3 34 58 39 59 68 19 21 69 63
10 12 27 58 64 32 61 63 33 43 57
10 11 51 20 57 78 63 61 66 28 60
10 9 49 38 13 37 53 30 70 44 18
10 6 30 61 28 27 18 75 56 14 40
10 9 25 35 55 60 29 69 75 50 14
10 4 68 38 14 26 23 45 22 64 53
10 5 62 43 27 19 59 65 45 74 53
10 6 31 16 18 47 60 39 27 52 67
10 9 55 71 40 68 69 43 18 26 80
10 10 57 44 20 54 55 45 72 46 42
10 2 35 18 46 63 16 80 60 76 41
10 2 23 49 53 13 14 80 74 61 22
10 1 53 61 13 52 70 71 69 38 47
10 2 20 80 46 61 43 58 67 27 48
10 12 51 72 55 39 22 15 18 77 16
10 11 57 21 45 40 70 52 27 53 36
10 12 60 26 41 28 58 53 46 29 56
10 3 18 79 55 76 69 72 57 71 49
10 11 42 58 55 49 48 62 26 32 36
10 2 49 66 59 39 50 60 77 23 68
10 12 73 72 68 25 50 42 35 47 41
10 10 58 43 46 18 41 42 24 62 69
10 7 21 38 20 40 69 62 25 51 47
10 6 14 28 49 51 72 56 78 21 69
10 6 70 39 37 57 58 51 53 13 36
10 8 30 57 29 39 34 36 62 43 52
10 5 17 42 60 76 27 55 58 26 77
10 10 46 71 54 38 14 72 78 41 43
10 4 36 23 72 15 18 42 55 27 22
10 7 69 47 46 43 20 52 33 19 39
10 11 45 24 57 20 44 15 46 59 34
10 7 33 78 37 47 18 73 63 14 57
10 8 28 29 20 17 21 75 43 73 74
10 6 70 67 22 48 80 20 21 77 27
10 1 46 21 15 56 47 23 63 49 42
10 12 35 69 22 23 41 20 14 65 21
10 6 62 72 65 14 31 20 80 77 28
10 12 18 25 27 36 29 55 66 43 74
10 9 36 51 56 39 63 49 53 44 71
10 3 23 39 25 63 35 50 68 76 17
10 7 40 14 60 68 19 41 62 27 21
10 9 29 44 77 47 60 53 15 65 39
10 6 45 52 61 30 49 76 24 62 17
10 7 14 55 36 65 80 15 24 47 51
10 4 19 35 52 36 73 51 22 20 18
10 12 68 76 24 35 52 70 50 58 36
10 6 64 27 52 41 51 17 47 57 48
10 3 19 77 72 65 24 42 20 66 15
10 4 16 38 74 62 18 28 53 57 51
10 3 16 36 67 44 33 63 20 48 76
10 9 75 24 18 64 65 45 22 36 77
10 12 32 19 14 35 38 44 54 72 61
10 8 38 14 60 77 16 26 62 79 39
10 1 26 60 62 61 42 40 38 25 53
10 9 14 20 27 24 55 49 47 52 46
10 6 39 44 33 62 76 29 80 69 47
10 11 37 13 19 32 70 46 80 20 15
10 8 56 68 44 39 58 52 54 18 73
10 9 38 61 23 19 73 70 45 17 21
10 4 36 28 74 34 46 78 47 32 16
10 8 71 74 76 61 15 23 13 80 63
10 7 39 14 21 27 65 60 71 22 18
10 8 33 28 60 69 54 70 75 49 14
10 1 31 13 20 15 42 50 80 29 35
10 3 37 64 47 41 34 57 52 73 31
10 6 47 71 59 53 62 19 76 64 69
10 3 14 37 22 79 73 66 18 40 45
10 5 71 15 43 50 46 17 72 40 69
10 8 29 79 21 13 31 72 77 63 52
10 4 76 74 16 46 62 55 79 43 33
10 7 24 54 77 32 26 68 73 37 46
10 12 19 43 72 27 48 66 68 45 58
10 9 17 39 15 34 66 13 43 76 50
10 10 34 35 50 72 20 76 74 46 58
10 4 13 62 37 79 68 21 53 49 34
10 3 21 79 13 56 26 28 25 32 52
10 1 69 31 66 71 29 65 79 34 46
10 3 66 72 74 76 63 31 49 38 54
10 3 14 15 23 29 52 78 22 66 38
10 8 79 63 70 28 46 69 77 66 30
10 8 74 45 47 34 42 40 36 79 13
10 9 41 49 50 13 18 71 62 61 39
10 9 26 20 73 70 25 34 35 42 18
10 9 54 56 24 52 49 51 41 64 50
10 1 32 37 65 80 58 55 36 29 72
10 8 72 68 16 39 74 51 48 75 78
10 2 47 77 34 43 55 14 35 78 56
10 5 39 62 13 20 54 73 72 36 71
10 24 40 48 64 65 20 14 75 17 47
10 32 19 69 77 62 28 74 25 61 54
10 80 78 70 43 33 38 27 56 48 65
10 41 45 24 37 19 66 50 58 44 69
10 36 64 78 14 23 47 24 43 60 66
10 61 31 27 65 38 42 66 35 37 75
10 27 76 73 45 64 65 72 74 30 34
10 38 32 45 19 42 66 70 13 35 57
10 48 14 23 66 31 68 15 37 36 67
10 60 70 72 63 52 62 25 24 50 56
10 64 34 68 66 40 67 28 24 65 58
10 61 31 53 78 51 38 56 80 20 43
10 79 14 59 16 54 41 61 33 24 35
10 38 70 76 48 41 68 24 40 69 74
10 16 79 59 21 14 58 47 76 28 61
10 15 33 35 22 44 77 28 60 47 51
10 29 70 19 48 24 49 78 58 66 31
10 66 78 70 62 76 20 55 54 40 61
10 39 28 30 57 54 43 34 65 19 22
10 38 56 26 28 43 55 80 33 79 37
10 21 62 76 31 20 66 79 38 71 65
10 74 44 70 57 59 27 78 21 41 35
10 39 20 50 43 64 25 66 79 16 78
10 41 21 22 74 75 33 50 43 65 29
10 23 28 58 59 77 22 78 44 35 70
10 74 80 17 25 38 20 59 45 34 76
10 29 50 18 31 65 26 68 79 73 48
10 17 45 64 73 58 23 22 80 67 35
10 47 23 18 71 40 19 46 30 16 50
10 30 27 36 42 66 79 76 14 55 57
10 53 46 63 47 42 62 14 74 34 50
10 54 79 66 14 49 68 39 29 43 59
10 51 42 43 15 36 47 18 52 29 80
10 32 71 31 66 25 69 19 79 21 77
10 70 66 37 34 51 21 30 58 53 15
10 24 18 33 19 65 22 32 60 66 38
10 33 71 68 75 54 52 25 44 58 22
10 24 78 20 59 50 70 73 57 68 13
10 44 63 58 75 67 56 68 17 50 79
10 22 31 21 75 24 32 69 33 47 25
10 27 23 60 52 24 33 48 21 49 36
10 74 24 35 18 72 58 56 71 68 14
10 49 79 21 60 32 50 40 55 73 23
10 57 48 26 47 17 19 67 37 39 62
10 66 57 48 44 68 38 45 42 20 53
10 68 58 73 46 32 44 37 38 48 26
10 28 27 47 46 14 40 75 31 68 71
10 39 24 29 60 62 54 66 32 20 50
10 17 67 69 43 36 55 24 39 71 20
10 70 21 51 26 58 35 67 27 54 37
10 49 15 39 23 28 17 59 26 75 78
10 16 27 67 79 14 61 39 33 52 34
10 45 30 18 17 35 74 53 72 28 58
10 59 33 48 32 36 51 22 69 23 41
10 79 71 78 52 70 24 36 51 13 33
10 37 57 16 64 51 30 32 43 39 44
10 48 45 49 47 29 67 72 71 17 41
10 57 74 51 39 17 27 16 34 71 35
10 55 69 39 78 66 26 64 51 73 65
10 38 23 24 27 57 36 37 17 53 28
10 71 17 65 79 47 57 67 40 39 77
10 38 33 63 59 15 39 20 41 30 46
10 23 77 48 20 75 31 17 61 76 26
10 31 76 40 16 63 70 29 27 44 45
10 71 31 37 59 47 21 41 32 48 53
10 45 42 37 39 62 36 66 63 33 27
10 73 58 64 69 39 61 28 44 42 25
10 29 63 56 43 42 70 31 34 30 77
10 76 35 18 73 75 77 48 45 30 57
10 16 47 42 21 20 65 51 44 14 43
10 32 66 65 21 73 72 20 45 49 67
10 33 21 26 67 24 79 37 69 54 75
10 48 69 21 45 49 75 39 37 53 68
10 37 24 73 23 72 70 40 14 54 13
10 18 29 54 79 50 60 72 38 39 31
10 24 32 42 62 35 26 80 41 79 68
10 67 79 54 58 36 69 39 72 27 74
10 53 24 25 65 63 70 32 17 72 79
10 36 46 28 78 59 68 66 57 20 40
10 21 51 49 25 13 48 67 76 22 17
10 18 60 62 55 69 15 76 74 52 61
10 56 14 37 17 59 63 43 15 33 53
10 29 71 73 77 60 48 75 40 52 45
10 79 49 24 43 63 73 62 34 36 59
10 59 57 25 64 77 39 73 63 80 45
10 77 42 68 33 60 67 59 27 20 75
10 58 48 79 23 42 35 80 39 46 50
10 69 71 44 46 26 37 20 55 30 61
10 66 80 31 20 45 44 58 60 49 35
10 77 35 20 68 28 49 48 32 64 34
10 31 29 38 56 51 24 22 35 23 28
10 26 38 66 19 80 77 68 21 69 51
10 62 34 55 70 32 37 58 21 63 27
10 34 69 74 78 13 70 36 66 16 72
10 63 31 13 75 48 27 58 59 46 67
10 79 13 17 27 40 15 69 48 74 53
10 47 79 24 20 50 26 52 56 34 61
10 36 60 32 42 44 22 50 26 14 30
10 46 55 70 49 20 71 63 44 39 64
10 43 62 53 64 31 23 65 50 46 48
10 39 35 14 22 54 70 62 33 42 15
10 59 38 42 21 31 52 58 48 61 56
10 43 78 59 51 31 73 74 22 70 20
10 25 64 43 49 22 30 23 54 14 59
10 25 73 30 31 68 13 26 49 20 24
10 13 27 75 80 50 54 17 74 73 44
10 14 45 69 18 39 28 73 66 75 24
10 71 29 47 35 79 16 56 33 76 57
10 53 66 43 58 57 40 34 63 26 70
10 71 63 51 22 28 16 43 15 50 64
10 13 69 79 77 27 46 71 44 80 15
10 17 23 39 24 70 29 74 60 33 27
10 51 27 33 14 79 40 70 45 55 68
10 57 18 32 31 52 77 69 70 24 72
10 76 65 16 74 42 22 63 60 28 29
10 37 41 28 60 40 51 64 24 23 65
10 72 36 64 31 46 30 43 34 15 39
10 60 28 37 58 36 29 20 53 38 30
10 50 15 17 77 71 74 28 51 25 13
10 37 39 15 14 43 33 29 77 59 78
10 15 61 32 68 49 45 56 31 80 13
10 43 52 20 26 73 53 23 64 41 24
10 61 22 55 40 80 52 63 32 17 15
10 28 72 36 65 14 64 22 30 47 15
10 62 73 34 49 58 35 71 66 59 32
10 75 39 55 57 44 67 61 60 48 70
10 57 27 75 46 38 71 60 48 77 30
10 56 29 70 47 19 53 45 40 35 66
10 32 21 13 44 74 31 28 66 77 47
10 37 65 29 54 33 79 13 23 34 21
10 42 37 24 69 19 64 23 39 62 28
10 64 51 41 28 78 15 65 73 60 80
10 21 13 64 42 68 39 74 38 78 62
10 68 25 27 24 73 18 15 28 72 65
10 21 34 54 55 61 60 78 71 39 31
10 45 31 25 19 76 47 52 63 53 43
10 50 79 75 33 34 20 30 77 27 29
10 43 21 61 67 71 66 55 75 80 59
10 73 63 66 20 53 74 33 13 46 27
10 37 60 62 20 68 67 46 61 36 49
10 55 59 67 77 18 63 61 25 65 22
10 39 68 40 32 58 63 31 74 60 20
10 20 76 74 80 27 21 75 26 23 73
10 59 28 37 78 57 56 79 80 52 75
10 59 40 30 51 39 70 57 42 50 27
10 15 54 25 45 16 60 52 69 29 72
10 37 62 61 54 52 29 24 71 36 19
10 57 22 52 53 69 21 79 46 26 59
10 28 24 69 63 16 64 60 40 73 65
10 32 41 60 47 43 52 58 56 57 40
10 49 46 22 57 71 48 34 50 40 61
10 80 61 60 75 64 52 79 69 47 38
10 18 43 19 48 26 66 40 56 38 72
10 78 25 58 72 20 37 34 15 63 65
10 15 61 62 77 26 16 64 19 29 35
10 33 45 34 56 15 22 76 20 78 28
10 33 47 80 36 17 43 45 13 72 54
10 23 29 63 56 76 17 41 53 13 67
10 41 80 14 46 76 25 51 62 68 74
10 42 58 49 23 19 14 43 44 24 52
10 25 64 52 23 61 55 71 44 73 17
10 23 54 22 74 17 73 42 78 13 37
10 36 78 14 64 60 72 65 53 57 80
10 31 64 65 57 63 71 26 60 78 41
10 34 16 73 46 25 14 71 26 32 74
10 58 18 50 64 28 41 54 25 47 35
10 35 64 28 41 59 63 73 72 79 51
10 24 56 28 32 43 46 17 74 39 52
10 33 63 40 35 61 47 23 21 31 79
10 29 55 37 48 70 68 38 64 61 66
10 28 71 37 36 67 50 72 62 56 35
10 40 57 27 46 52 47 23 45 26 29
10 59 44 15 42 62 58 56 17 36 67
10 65 25 23 51 49 66 16 13 64 27
10 13 76 34 62 24 22 58 41 69 67
10 37 26 27 69 52 47 64 24 58 51
10 16 54 60 74 47 33 76 57 43 70
10 48 80 72 35 34 18 49 71 31 30
10 17 16 72 27 24 42 19 30 15 36
10 26 29 47 65 77 54 34 79 61 24
10 76 30 63 36 32 23 15 80 71 45
10 38 69 61 41 77 45 64 15 78 51
10 31 78 68 16 51 37 32 29 41 80
10 78 13 74 17 61 33 57 35 24 23
10 15 63 67 72 16 37 71 75 55 29
10 46 24 26 17 70 29 22 41 63 14
10 65 47 35 33 66 41 52 36 76 59
10 63 27 21 26 40 58 56 28 61 68
10 34 30 72 77 41 39 79 47 49 59
10 66 72 55 21 47 46 34 71 33 59
10 79 13 30 33 56 60 62 32 25 34
10 56 30 15 19 20 16 23 34 32 44
10 30 46 53 15 35 21 28 43 51 44
10 60 47 30 13 75 41 44 26 34 52
10 35 21 61 53 31 76 75 65 70 51
10 59 36 54 39 16 71 49 28 42 74
10 69 29 39 63 60 78 34 15 59 42
10 59 36 13 50 17 51 67 28 63 32
10 63 47 70 73 65 28 51 38 29 55
10 76 64 27 54 73 18 69 79 61 39
10 63 35 56 57 72 54 67 52 43 20
10 71 36 66 23 21 20 76 16 80 60
10 70 25 29 32 26 14 65 47 57 66
10 76 33 75 19 49 17 13 56 64 18
10 39 80 51 21 46 74 75 61 31 33
10 15 61 57 45 17 23 44 24 40 76
10 22 75 19 63 25 20 47 24 72 31
10 41 66 29 72 62 13 32 77 19 59
10 70 73 46 65 75 22 47 43 49 69
10 44 23 35 71 21 40 77 27 18 25
10 38 45 49 69 28 66 70 21 33 30
10 28 56 78 50 58 23 36 35 47 43
10 33 13 17 30 36 15 42 26 63 24
10 48 27 25 75 22 40 26 33 44 28
10 21 53 26 13 79 52 60 56 55 63
10 70 76 48 28 64 14 49 58 62 35
10 26 61 36 60 75 23 55 32 74 20
10 48 71 29 59 72 30 56 63 33 41
10 39 77 69 52 24 66 61 57 34 73
10 31 43 30 26 68 42 32 28 14 60
10 37 80 47 66 15 75 69 73 61 22
10 52 27 37 66 50 23 58 14 40 24
10 14 46 77 16 35 24 27 76 72 36
10 62 78 60 44 54 41 13 37 50 20
10 59 76 28 54 16 46 63 27 23 65
10 27 53 39 15 22 54 74 21 75 40
10 31 24 77 15 52 13 37 41 48 28
10 48 54 77 45 65 58 25 75 72 30
10 15 30 38 64 32 79 34 40 42 49
10 23 61 58 30 29 68 49 76 52 72
10 17 50 57 52 30 47 20 33 54 79
10 33 60 70 46 25 66 34 27 80 48
10 25 14 62 21 35 28 29 50 72 64
10 62 37 71 60 19 77 40 45 76 74
10 52 18 35 54 53 28 80 51 33 15
10 13 19 34 44 45 47 52 41 36 29
10 37 34 18 53 24 68 33 59 56 52
10 46 67 17 54 35 73 27 43 41 61
10 31 56 60 18 41 33 75 76 40 55
10 43 40 33 80 24 41 20 16 76 50
10 13 18 58 65 22 62 27 47 67 77
10 39 14 50 29 61 21 55 20 78 38
10 32 37 54 13 63 57 45 48 66 29
10 72 60 76 53 33 21 63 64 57 32
10 69 24 27 45 40 48 62 13 44 77
10 55 53 34 68 65 30 77 80 24 22
10 48 71 64 15 55 17 78 24 46 67
10 16 32 73 49 30 24 78 58 67 26
10 78 19 37 35 64 60 32 28 72 71
10 39 51 54 72 58 18 35 15 49 66
10 69 32 16 24 76 22 75 59 50 54
10 41 72 56 36 79 22 76 55 80 30
10 29 74 36 64 69 39 60 21 31 51
10 44 61 43 33 38 59 16 60 18 36
10 20 34 28 26 14 44 60 65 52 61
10 51 64 49 15 45 50 28 80 32 75
10 20 80 27 70 77 18 74 25 68 28
10 18 26 69 67 17 74 49 61 47 21
10 53 42 52 21 60 32 72 69 66 40
10 36 73 25 61 59 15 76 26 24 53
10 78 72 53 49 30 45 57 55 61 76
10 33 41 45 70 71 51 50 61 21 47
10 79 30 60 63 29 77 62 72 31 24
10 54 28 52 68 18 66 44 45 51 57
10 33 16 45 29 56 21 60 78 15 80
10 45 48 41 26 78 34 36 68 18 51
10 59 25 47 21 79 24 15 34 27 45
10 25 69 76 74 42 23 29 70 55 57
10 49 44 35 37 60 34 78 58 39 48
10 50 31 54 55 39 24 15 46 75 26
10 55 64 19 25 23 78 42 73 35 56
10 41 61 16 40 25 49 57 33 64 31
10 13 79 43 25 20 35 62 19 31 36
10 20 22 78 55 24 72 54 80 48 37
10 77 32 43 41 54 55 19 70 26 50
10 29 21 15 78 50 61 45 42 18 53
10 46 78 15 39 19 16 43 24 51 73
10 25 47 44 64 34 46 43 27 19 62
10 67 42 41 18 29 35 17 31 22 73
10 16 38 76 18 52 67 66 20 45 55
10 15 69 40 53 75 62 74 79 51 33
10 20 78 72 52 58 17 16 56 57 43
10 59 78 75 67 56 69 57 51 58 74
10 40 70 34 54 25 73 38 59 26 56
10 27 76 24 43 44 17 54 48 62 51
10 53 62 13 52 45 41 75 57 46 63
10 44 59 24 63 26 46 67 48 42 51
10 62 68 37 40 44 58 47 15 71 38
10 80 31 26 77 36 40 45 62 22 65
10 48 73 35 46 62 23 44 24 78 37
10 46 55 65 39 19 17 76 50 25 27
10 19 29 65 57 16 64 63 33 77 71
10 50 42 53 28 59 18 61 24 54 76
10 77 39 37 57 16 64 25 42 44 53
10 77 79 49 60 38 28 40 23 59 58
10 78 37 39 14 53 26 52 22 30 24
10 50 42 77 24 41 53 29 14 60 59
10 39 23 18 15 73 74 19 49 22 48
10 43 14 77 28 62 29 36 21 55 74
10 13 49 62 29 54 25 78 22 64 28
10 47 31 17 24 34 65 76 58 38 20
10 26 74 69 23 56 52 50 36 73 59
10 53 57 27 44 15 76 47 50 41 61
10 44 59 38 65 51 47 75 21 43 34
10 77 30 76 16 60 52 28 69 59 19
10 13 49 58 33 32 34 63 25 15 14
10 65 70 52 20 58 76 43 55 59 27
10 24 71 41 57 40 73 49 19 47 46
10 74 66 48 31 18 20 25 52 43 58
10 76 25 53 70 66 49 79 80 45 46
10 27 49 45 29 51 25 76 13 34 74
10 78 62 33 66 72 75 18 43 45 79
10 25 59 49 20 78 75 26 36 73 69
10 46 65 27 42 33 64 75 13 22 66
10 23 57 19 70 67 69 18 73 27 76
10 17 48 44 53 62 22 55 33 28 37
10 77 17 31 20 80 66 65 53 22 36
10 78 73 53 70 40 64 42 36 28 80
10 74 44 48 78 27 60 69 72 67 26
10 75 44 77 41 17 20 71 25 34 53
10 37 52 49 13 63 51 21 19 38 67
10 75 57 49 15 74 21 80 40 18 59
10 65 46 80 29 79 24 64 55 78 67
10 72 55 60 44 46 37 42 65 43 18
10 43 35 16 50 49 70 55 73 68 64
10 31 30 55 47 23 46 28 38 34 20
10 72 74 42 80 62 71 47 45 26 16
10 36 32 73 59 45 62 52 54 55 15
10 42 76 71 34 49 69 74 26 51 80
10 68 42 29 28 22 16 39 18 60 55
10 18 26 33 19 77 69 52 38 49 45
10 49 53 71 27 25 62 28 42 14 45
10 79 67 62 66 41 18 70 58 52 63
10 29 22 23 66 74 26 59 71 25 34
10 16 25 48 62 55 22 44 77 46 28
10 53 18 67 75 79 34 52 54 48 23
10 45 23 55 61 28 33 54 27 21 65
10 18 57 34 29 54 36 48 76 67 21
10 67 35 34 63 38 48 55 49 47 80
10 20 25 36 50 32 34 21 74 73 80
10 33 63 40 18 74 34 45 42 54 36
10 74 31 21 56 39 55 27 49 48 15
10 14 28 41 75 23 46 17 74 64 48
10 63 60 79 30 51 69 57 66 67 58
10 62 19 31 77 79 53 44 26 61 38
10 51 56 48 47 76 58 34 21 79 71
10 34 66 56 21 41 46 50 61 36 76
10 22 58 60 32 50 59 56 33 29 57
10 31 60 18 17 48 57 70 15 42 25
10 18 25 73 14 46 30 71 33 75 39
10 54 73 42 27 77 47 66 46 40 52
10 70 59 39 60 77 56 18 22 62 28
10 50 68 33 57 61 32 72 23 48 24
10 58 72 30 14 64 73 55 18 28 61
10 48 43 41 76 64 27 33 34 54 75
10 71 34 45 15 63 42 65 25 66 53
10 72 17 38 47 36 54 16 59 24 80
10 37 26 19 36 16 67 35 41 34 20
10 42 59 44 64 20 13 75 54 78 16
10 43 80 53 60 78 42 37 79 71 16
10 27 55 56 19 22 38 49 34 14 80
10 68 37 29 72 18 20 53 73 28 50
10 33 64 34 13 28 72 14 62 68 29
10 36 73 25 62 68 55 64 16 21 19
10 55 14 23 43 66 67 41 42 15 24
10 20 40 75 80 31 19 67 21 18 29
10 22 15 57 80 41 19 60 75 13 29
10 34 32 23 48 61 74 47 25 41 35
10 25 73 46 28 27 68 53 80 29 70
10 26 56 76 36 55 79 20 27 73 54
10 34 54 37 76 14 63 50 47 42 49
10 52 40 67 39 46 71 53 48 35 18
10 52 18 68 33 45 34 48 32 31 25
10 49 64 73 69 30 15 17 34 79 26
10 14 28 59 78 74 56 23 73 49 45
10 66 64 34 35 69 18 67 71 25 33
10 62 68 64 60 30 36 63 71 40 44
10 76 56 79 28 48 70 15 43 41 69
10 44 40 58 38 35 67 21 69 31 49
10 34 25 48 20 74 63 60 13 31 46
10 75 61 33 42 15 16 23 73 76 21
10 38 16 28 75 36 45 54 29 64 80
10 40 28 29 43 65 33 20 44 56 30
10 79 59 58 21 51 26 77 55 67 15
10 55 64 15 53 68 23 58 38 16 36
10 20 73 63 54 44 80 47 50 16 24
10 19 61 64 49 80 46 38 48 35 42
10 44 16 76 72 64 18 41 70 40 27
10 51 38 57 61 50 77 80 40 20 22
10 34 15 60 39 19 72 57 17 46 56
10 78 17 23 45 75 31 20 68 32 52
10 35 55 52 25 70 74 36 64 44 16
10 29 62 53 59 69 24 66 35 26 54
10 35 28 78 19 70 69 32 72 31 24
10 33 52 13 48 19 57 18 21 56 22
10 32 19 40 28 78 59 67 70 54 13
10 77 16 34 42 61 66 36 67 72 79
10 70 20 71 65 42 78 44 59 25 14
10 16 14 46 44 56 73 35 51 43 32
10 22 48 58 20 45 68 38 19 32 70
