800 500 5
8 258 218 313 270 53 454 148 39
8 418 67 137 345 142 390 457 304
9 241 286 443 469 441 111 444 389 47
11 175 382 232 105 365 160 45 304 142 17 425
10 163 381 340 294 432 165 395 495 177 9
12 220 465 1 121 441 327 386 156 36 331 69 400
19 359 42 86 273 105 364 465 168 122 452 183 111 389 471 175 366 322 310 134
18 410 251 413 395 393 150 480 132 365 209 276 126 85 426 215 146 372 366
9 411 252 284 279 303 148 403 235 152
15 381 457 80 281 347 488 390 300 262 264 45 218 219 84 397
8 53 482 58 44 174 158 448 79
34 495 88 421 332 24 162 35 422 108 275 251 485 217 90 334 353 216 311 99 346 493 347 243 191 407 282 34 75 125 123 85 454 363 132
13 151 493 271 446 121 50 401 336 9 215 16 183 461
30 91 275 475 471 444 223 384 418 422 463 491 283 250 378 292 460 317 177 469 446 280 206 340 481 50 404 180 311 94 140
12 175 239 454 426 129 207 342 364 415 177 485 254
14 296 16 272 34 252 453 368 237 222 266 388 194 359 459
18 354 411 272 213 448 245 378 472 375 220 334 332 297 271 281 398 352 446
21 389 383 126 470 241 344 102 168 173 487 419 83 6 387 170 154 258 152 303 264 201
10 238 461 304 342 436 191 122 147 146 149
14 230 174 231 388 350 68 180 391 92 255 125 466 172 352
16 223 364 97 339 403 439 228 351 278 285 315 12 183 99 22 269
29 225 466 163 205 15 342 427 24 126 21 343 358 159 57 386 276 440 471 374 214 95 467 136 85 177 470 265 292 269
21 19 150 230 2 215 108 236 348 288 443 430 18 220 262 190 336 88 37 182 413 130
8 8 309 425 379 395 119 249 221
27 444 277 446 10 496 452 494 281 470 107 65 216 419 166 34 347 422 447 88 302 15 153 274 317 118 236 168
8 237 116 355 27 281 59 43 173
7 431 397 37 441 201 466 311
7 462 349 427 454 138 258 236
8 93 254 120 144 286 405 336 199
19 86 46 345 319 112 206 294 62 336 431 151 243 215 38 321 316 264 107 22
11 478 140 352 268 154 163 195 278 454 281 371
10 236 251 121 169 471 64 278 116 293 29
7 86 401 72 407 348 316 110
9 488 198 371 391 255 84 224 82 403
8 274 114 492 288 279 92 286 76
29 221 412 9 110 180 20 390 489 199 465 28 491 123 87 32 471 253 285 157 279 210 407 243 497 475 13 332 103 126
13 6 272 500 447 364 203 343 375 367 141 29 449 402
11 242 458 420 164 427 410 429 462 271 172 471
20 116 476 233 316 400 248 64 42 416 390 26 381 49 487 412 474 225 155 345 130
16 391 300 331 339 92 199 408 262 116 345 161 179 470 361 106 463
32 499 343 361 121 368 436 85 206 67 6 53 468 74 9 116 356 424 437 88 189 243 319 125 104 207 37 77 122 34 451 297 128
11 329 466 43 458 82 438 124 489 123 78 163
33 308 335 391 358 146 334 332 396 290 414 212 493 48 263 218 230 77 292 259 235 300 24 237 276 479 390 436 91 288 258 286 266 457
13 264 489 487 383 156 244 146 169 375 461 211 444 404
19 133 40 302 318 271 376 428 57 132 88 484 333 242 368 27 197 210 217 82
7 125 372 383 246 341 296 288
7 33 117 233 308 174 315 455
21 67 153 382 68 403 119 455 22 434 343 196 371 161 340 262 36 2 138 440 203 487
11 388 70 318 281 157 256 162 410 232 266 327
13 376 218 118 163 438 439 107 3 161 255 11 16 447
15 122 419 331 326 270 346 8 360 45 296 435 376 21 204 63
8 244 140 171 233 120 252 306 223
9 133 441 297 116 232 481 422 426 246
11 14 240 493 184 3 202 272 205 67 256 180
14 42 334 81 457 383 140 155 27 1 340 343 257 198 59
10 492 280 284 10 145 100 381 356 322 174
7 18 4 237 473 138 44 402
30 375 385 28 440 255 39 123 140 406 364 80 477 145 5 200 454 245 172 485 163 68 326 398 178 353 96 313 294 397 249
14 377 418 90 271 55 136 447 19 43 267 179 32 475 325
8 16 282 253 171 10 435 326 426
10 401 489 200 310 236 134 240 377 190 444
11 488 343 375 43 324 145 368 235 186 91 318
8 167 241 222 255 41 494 108 272
7 485 153 64 186 267 465 144
7 287 51 407 166 125 223 90
25 76 412 108 43 408 143 281 161 333 272 405 395 6 41 241 126 400 165 106 34 82 8 248 273 410
11 111 211 474 127 113 34 269 152 219 73 178
11 18 93 454 455 441 196 145 103 316 203 369
11 263 192 138 25 219 331 265 21 328 246 187
25 494 48 374 283 148 398 86 54 153 493 243 271 474 386 233 231 368 388 96 15 91 437 236 38 385
25 47 205 369 111 93 135 191 234 475 60 199 285 225 375 100 209 17 272 173 1 458 336 177 2 71
12 195 464 146 234 282 119 471 411 169 201 311 488
21 236 460 261 71 201 1 45 321 351 434 453 139 163 184 8 157 192 413 441 145 218
11 408 337 449 89 207 354 55 197 425 230 390
10 373 55 153 288 307 326 439 342 164 88
8 235 185 371 362 237 358 96 54
10 423 481 139 173 372 207 215 370 292 468
10 19 285 495 484 289 405 154 451 465 249
20 192 446 163 371 318 18 24 40 453 372 399 490 17 265 270 132 307 160 460 177
10 344 316 430 397 71 380 421 495 475 371
15 239 15 127 114 388 236 380 135 333 1 84 47 215 208 134
18 132 491 420 500 92 51 273 344 323 18 141 63 322 333 268 295 127 287
14 259 32 489 382 116 349 381 18 97 410 450 62 278 144
7 345 379 456 67 169 120 106
17 424 131 420 59 306 442 139 450 323 156 428 4 347 75 24 301 42
14 109 402 207 322 6 68 117 396 375 212 180 124 149 210
7 250 61 28 208 356 300 96
11 464 124 38 109 402 254 17 239 436 275 482
11 266 208 288 33 313 466 321 485 495 336 315
16 181 351 257 371 80 30 11 178 103 52 41 265 460 222 228 176
12 277 173 107 63 225 436 157 417 394 14 481 342
19 74 207 235 273 358 80 343 420 345 480 128 179 399 125 385 422 439 290 234
11 263 71 477 491 337 84 248 49 382 262 26
16 365 113 260 324 393 447 463 223 455 297 241 370 152 421 194 434
18 335 26 264 22 69 34 460 198 107 53 140 430 497 175 305 327 310 187
19 317 13 391 92 310 47 298 343 431 55 85 140 192 467 29 489 353 432 440
9 73 212 498 40 52 81 426 450 444
32 301 70 282 133 475 413 190 91 32 433 428 165 153 344 342 391 472 310 217 439 156 497 31 135 227 198 326 182 220 389 142 218
14 460 415 232 481 228 435 470 246 272 105 465 158 427 295
19 84 470 369 240 218 1 132 219 358 144 156 435 362 96 488 222 326 437 452
8 412 32 280 464 139 28 488 239
10 224 112 287 419 424 38 329 400 149 411
8 260 219 121 6 93 207 198 490
10 398 441 490 109 309 2 59 261 108 485
7 384 291 129 199 150 254 485
12 5 152 276 416 460 173 487 439 146 244 45 185
7 364 309 89 192 409 93 83
8 484 331 86 179 221 411 197 268
11 236 49 450 286 108 473 481 197 247 224 22
29 399 54 12 349 98 323 302 306 441 289 32 481 333 428 297 72 135 241 4 62 286 235 81 282 301 76 439 175 389
12 261 486 338 271 414 56 69 412 197 151 393 330
22 345 119 441 477 230 316 490 56 114 141 120 325 90 171 281 283 397 204 16 486 330 300
8 388 283 361 72 223 169 205 57
10 344 43 409 244 47 276 226 38 328 352
17 496 303 155 74 59 438 383 85 295 203 322 329 134 229 181 484 225
23 163 474 391 227 480 427 320 293 266 271 310 354 39 240 152 89 190 73 88 410 336 200 483
13 159 391 264 37 401 351 377 2 133 464 180 475 59
10 237 474 41 455 280 337 82 69 489 116
11 428 406 249 87 270 425 415 136 192 294 59
10 461 202 308 112 259 95 341 175 56 74
17 202 377 37 78 281 444 68 404 362 188 145 487 224 354 259 343 1
19 31 90 4 108 279 175 128 438 374 275 192 398 277 327 303 430 381 168 345
25 389 267 19 322 427 40 160 69 373 390 86 205 483 311 271 494 219 445 417 368 403 462 72 55 97
18 100 498 65 148 12 485 157 310 421 392 492 467 376 56 8 15 304 298
35 38 462 204 400 452 359 308 392 163 342 403 394 187 11 2 24 484 209 247 321 179 266 260 63 110 340 78 423 460 18 466 125 316 153 23
10 480 97 144 151 252 391 399 460 37 185
29 258 80 109 352 485 358 304 126 327 286 451 9 407 69 401 191 242 394 371 481 25 437 404 192 93 157 85 255 92
7 436 371 212 202 208 87 387
7 293 80 440 56 294 333 160
8 452 466 439 116 132 498 380 91
11 393 246 420 65 139 44 368 284 366 484 413
10 47 353 10 60 86 351 418 394 360 272
25 207 471 25 341 62 133 317 92 255 390 328 359 157 305 185 387 364 135 252 161 69 44 418 114 85
18 21 302 492 469 471 90 394 263 190 122 408 26 52 330 443 228 100 316
9 208 412 172 128 35 253 463 321 138
7 244 216 432 453 161 487 257
9 235 97 277 75 493 239 256 160 122
18 418 475 283 221 423 326 189 282 482 219 10 277 329 424 194 483 247 94
32 226 54 475 186 123 40 27 250 162 439 243 217 444 478 103 87 75 469 83 253 126 135 7 285 414 420 486 108 279 156 21 325
28 481 37 195 291 123 236 109 382 374 6 129 157 455 93 342 108 441 173 491 38 470 318 248 314 456 272 369 378
7 485 465 218 239 117 435 342
9 465 332 238 295 277 231 242 23 24
7 182 417 301 280 398 23 204
16 56 212 344 57 178 433 420 277 296 430 363 472 128 226 280 487
15 37 256 252 441 86 77 322 200 114 76 97 292 378 125 105
16 138 414 43 102 492 4 70 84 209 374 108 323 497 168 330 51
19 432 316 439 171 150 495 253 283 229 380 54 242 430 348 322 391 23 98 145
7 366 347 377 392 484 410 312
19 466 272 123 43 212 499 449 412 308 116 132 269 148 268 58 378 475 243 105
8 424 488 348 272 16 276 400 25
8 339 291 142 176 342 136 81 232
15 362 457 445 331 282 482 226 199 406 346 485 498 449 164 476
7 123 164 399 229 83 177 82
16 327 410 274 349 479 265 378 392 289 263 451 288 165 343 174 83
11 206 168 42 450 226 283 257 319 44 481 381
10 269 11 291 451 342 429 383 201 227 479
17 390 69 485 153 65 193 404 460 103 266 131 27 232 408 59 225 497
8 356 320 474 430 81 469 431 124
16 115 101 138 350 157 344 87 95 440 130 477 33 156 429 357 263
14 185 322 285 93 8 403 168 34 217 404 211 83 18 481
10 309 377 361 352 345 407 104 246 297 13
15 470 154 193 182 204 25 109 6 141 126 199 499 306 36 30
8 167 485 24 418 376 498 66 77
10 112 484 256 141 274 381 394 425 418 497
10 64 361 7 321 362 467 49 183 186 269
20 299 152 137 202 443 456 225 338 375 154 359 69 7 177 256 247 446 258 420 429
7 424 231 68 278 329 252 337
9 24 358 60 302 145 148 160 187 63
17 289 135 398 211 260 326 478 452 317 290 338 125 77 209 49 215 484
14 81 80 384 95 1 163 37 255 250 383 119 338 316 4
12 68 164 245 417 359 23 63 316 346 130 466 270
19 100 56 165 315 42 223 453 230 469 143 135 366 298 354 487 156 37 69 33
20 361 437 253 411 476 340 436 231 441 126 209 210 227 293 469 136 88 362 173 406
24 396 66 366 103 452 18 6 318 119 90 72 342 379 265 122 310 430 236 426 473 217 23 134 479
7 160 379 273 365 330 474 10
11 235 462 197 341 111 158 54 488 384 315 43
18 424 51 154 7 391 82 269 91 438 31 241 89 86 270 417 356 24 311
14 236 204 392 358 116 57 454 317 465 182 459 129 463 295
18 318 345 307 266 49 136 166 452 372 458 117 260 303 381 465 296 182 237
9 211 278 213 460 19 88 219 353 245
34 19 261 214 490 406 138 430 435 388 122 297 140 407 56 53 71 276 457 64 68 239 499 470 488 211 449 12 101 486 389 94 463 115 191
15 187 118 103 85 228 414 189 492 467 329 483 45 449 454 268
8 159 298 400 137 116 270 278 193
12 12 337 93 193 355 486 372 466 46 204 250 114
8 7 104 226 348 389 359 300 55
18 366 350 126 271 78 384 387 116 198 482 310 19 121 345 113 360 289 206
12 119 278 171 121 476 248 346 15 251 78 300 187
11 204 476 182 234 86 434 23 347 394 126 82
25 117 412 429 62 158 207 47 145 318 24 95 483 167 204 75 468 59 456 100 222 354 263 402 114 300
11 331 490 350 317 431 45 286 15 41 197 469
13 25 471 373 456 176 379 171 118 265 335 237 400 10
10 192 413 188 297 268 431 283 333 189 57
13 106 95 293 124 302 140 36 237 299 243 97 400 304
8 38 385 58 201 408 181 319 5
19 353 79 338 170 311 367 281 3 63 39 396 78 487 245 310 376 47 371 434
12 486 205 474 140 500 6 177 128 67 344 96 137
21 352 500 419 97 389 128 3 462 19 227 42 179 148 483 393 188 10 220 496 287 89
14 133 103 151 483 237 104 96 102 25 192 229 447 203 187
11 153 433 69 384 321 181 281 336 58 432 283
10 416 273 227 204 160 441 135 432 182 449
12 243 332 273 185 350 63 11 28 129 367 434 239
23 168 378 370 377 86 447 161 122 313 123 17 488 389 450 184 140 318 185 35 269 398 458 42
23 105 238 272 370 422 499 57 249 182 17 402 322 245 344 435 77 457 340 413 348 334 248 54
16 398 78 253 34 358 454 198 218 481 188 38 375 473 350 359 158
21 294 150 428 163 15 17 227 386 100 20 486 438 402 335 245 396 498 210 380 327 320
15 33 393 179 64 170 382 328 309 394 48 242 105 474 147 365
14 346 325 265 384 23 244 227 204 100 228 15 306 94 463
19 206 126 40 44 161 158 64 459 135 275 101 337 447 238 319 54 89 360 384
9 386 136 31 222 158 112 54 253 118
7 411 418 330 313 200 220 281
7 30 411 87 128 443 142 74
10 471 334 456 286 113 479 488 391 192 176
23 82 228 75 53 37 92 236 83 495 219 193 474 71 355 373 338 293 486 144 238 50 197 49
7 374 489 262 355 430 309 66
7 456 380 50 485 187 72 446
11 359 395 97 281 409 52 155 223 318 330 59
15 136 15 273 147 134 280 277 88 177 159 173 387 66 274 166
16 440 211 309 397 120 77 42 60 263 416 303 168 318 21 115 141
7 153 248 259 443 354 150 134
12 487 394 436 92 270 339 444 379 279 323 126 284
11 450 495 370 88 33 498 93 158 379 75 177
7 417 376 359 21 171 14 180
26 448 81 144 201 73 92 12 362 10 281 330 291 255 180 306 416 289 65 39 182 300 439 304 16 138 97
24 462 248 285 35 29 48 275 80 297 344 458 161 382 364 261 426 23 128 158 368 170 367 237 221
27 351 194 211 367 296 221 308 224 136 486 219 391 343 124 492 345 133 7 379 19 72 90 375 5 185 349 454
19 219 120 64 11 167 471 176 424 376 239 475 462 470 115 151 399 180 401 149
15 465 163 330 333 417 238 102 124 197 216 159 372 315 344 396
11 486 20 391 339 372 291 421 64 343 346 275
13 385 9 366 86 428 30 12 390 235 134 101 119 424
10 36 138 469 248 7 33 357 202 341 219
10 270 356 89 84 217 354 223 462 169 460
32 461 238 277 169 368 230 22 437 386 220 48 325 265 271 336 293 181 18 131 10 375 275 259 91 317 268 343 146 54 328 468 279
13 356 149 140 220 187 257 238 105 404 464 17 156 117
16 416 407 37 91 200 247 333 16 390 447 212 377 135 61 325 303
10 339 330 312 220 477 134 423 471 197 62
8 179 138 429 56 387 239 218 43
7 283 393 466 198 21 28 266
25 422 100 359 190 59 269 318 15 51 102 412 253 407 144 315 130 256 476 299 401 136 77 367 167 396
19 368 170 481 235 22 154 127 164 52 361 332 390 194 87 289 36 104 20 1
8 474 236 199 22 326 398 31 393
10 321 493 74 127 43 328 231 384 477 8
24 471 472 337 262 448 29 366 158 281 206 3 218 269 41 220 400 193 393 340 190 290 71 40 247
12 485 286 140 386 33 164 495 284 381 263 117 486
19 168 186 16 400 142 341 442 446 437 290 140 146 139 176 220 27 50 61 326
8 419 254 413 106 342 357 259 14
10 383 178 191 285 263 185 338 86 107 28
31 485 416 124 377 452 273 11 483 362 236 354 260 486 342 122 189 499 344 466 231 227 265 139 276 331 270 34 248 306 472 484
23 46 342 55 166 329 190 235 104 2 347 379 403 423 198 28 321 45 462 497 430 467 241 112
8 88 49 69 485 153 229 322 351
18 345 358 50 123 317 169 134 3 269 494 214 341 261 287 313 155 31 229
11 474 248 227 119 219 207 77 98 232 117 234
8 34 413 361 392 210 149 87 325
20 351 76 354 320 396 193 237 160 67 475 201 2 277 492 252 495 254 471 375 134
25 308 16 29 45 169 240 424 227 38 179 10 331 375 327 367 426 236 166 475 474 412 409 368 390 192
17 248 446 423 24 469 324 206 201 294 196 290 238 118 127 263 135 373
19 230 251 148 169 194 343 488 100 237 363 95 339 39 435 73 459 466 70 224
7 452 17 481 488 181 355 308
23 405 113 295 471 324 297 296 228 458 442 205 116 227 332 36 115 55 34 104 378 106 398 193
10 392 187 370 368 176 188 375 411 173 207
14 409 465 318 314 383 211 11 388 440 26 184 295 351 345
8 247 287 44 486 347 360 355 213
11 479 456 256 55 176 88 65 5 25 446 309
13 143 361 221 124 482 333 214 394 466 201 489 342 499
7 165 190 104 486 16 39 375
27 465 106 70 394 312 162 449 115 177 325 116 86 131 311 322 261 387 299 60 119 126 374 390 52 313 81 418
11 373 103 68 404 259 23 417 223 483 437 454
34 164 163 394 327 19 115 463 97 189 333 157 140 350 77 395 110 461 400 415 238 49 259 455 345 438 23 237 265 435 407 266 7 355 78
12 323 145 89 455 39 423 352 382 173 239 35 473
19 201 60 238 203 279 488 339 15 86 362 326 426 467 193 275 92 29 147 442
9 374 206 133 40 453 444 117 334 261
9 429 324 276 91 312 223 146 261 117
24 12 155 152 257 500 30 416 363 69 343 487 372 219 335 364 11 38 284 351 198 115 85 8 226
19 32 23 12 337 76 275 273 97 403 216 344 421 435 393 51 306 34 428 126
7 382 204 385 458 425 221 420
11 202 227 16 181 275 488 262 388 412 199 418
23 30 63 322 155 477 445 482 62 132 114 182 478 390 159 249 459 91 118 366 59 411 36 119
22 188 342 268 149 337 477 491 89 127 480 365 88 155 183 449 434 431 242 348 213 64 332
8 227 28 52 490 429 326 196 341
8 410 422 486 335 207 12 135 456
15 127 459 454 88 63 82 165 34 468 371 76 460 317 363 489
28 283 210 438 135 86 452 353 347 469 145 182 259 474 239 321 395 84 180 173 409 106 500 18 271 329 119 20 437
7 334 232 390 221 92 176 320
29 316 95 48 195 31 173 138 172 428 373 37 377 198 117 212 145 359 139 499 236 120 469 365 463 312 368 103 254 11
10 396 350 496 158 149 300 119 187 230 67
20 92 221 498 143 468 491 309 489 224 315 483 444 364 435 154 281 375 397 368 220
12 407 67 398 454 253 420 165 379 45 162 371 350
11 302 455 272 445 80 184 368 93 228 25 235
29 417 421 492 57 418 322 274 253 54 475 476 346 171 262 265 313 2 310 192 21 496 86 324 228 454 398 229 213 404
13 438 20 99 468 63 477 33 114 455 202 221 444 145
11 370 356 25 225 114 132 24 474 197 451 258
8 91 191 263 364 153 246 470 296
8 159 332 246 251 212 83 311 330
21 82 259 346 50 437 465 150 195 281 221 34 156 499 197 205 387 2 321 384 46 258
11 275 135 497 328 491 450 408 179 433 282 25
10 484 155 199 371 396 423 207 428 334 325
20 243 82 385 287 122 213 226 403 343 482 342 266 294 317 483 334 470 413 179 68
33 281 274 376 222 327 232 120 474 208 334 108 58 311 451 342 223 257 55 160 29 161 320 48 430 171 59 96 151 218 75 163 466 38
12 278 164 438 346 399 226 367 488 69 409 206 136
8 458 493 338 472 435 139 382 469
20 314 178 471 422 227 36 201 238 145 88 257 32 57 392 73 237 411 433 169 45
21 180 423 244 27 323 183 91 146 447 88 232 82 103 329 86 389 224 94 342 476 472
22 138 291 209 319 396 290 32 266 122 449 269 327 243 65 62 162 192 497 334 285 438 332
8 434 486 382 357 143 184 6 113
9 481 339 384 476 367 288 243 477 289
27 354 100 127 122 189 444 18 208 150 451 271 412 198 136 220 34 373 184 402 79 499 442 498 1 459 68 155
23 475 35 256 152 159 274 110 236 29 461 308 39 237 33 295 135 165 449 378 408 27 175 162
12 184 12 77 200 470 258 489 58 471 63 98 134
11 134 74 252 458 42 181 444 305 77 362 158
15 140 411 258 133 251 444 54 343 250 210 48 93 165 284 26
11 324 129 260 359 396 480 10 292 341 317 250
18 363 18 353 228 268 168 72 211 120 232 489 439 82 272 31 427 107 197
8 352 155 41 181 396 222 166 252
8 484 458 246 171 167 381 109 372
8 329 229 36 278 238 337 53 231
13 315 143 247 431 329 52 471 377 304 70 448 256 317
11 175 106 455 337 273 128 431 176 382 137 487
12 203 103 154 281 484 242 229 385 28 299 23 59
9 290 329 486 374 199 142 241 422 263
9 351 470 475 81 89 492 148 342 161
11 220 284 338 470 127 206 5 483 162 352 10
11 405 442 67 331 3 60 436 268 210 277 306
10 405 114 71 311 471 467 232 278 336 294
10 478 410 29 487 99 342 284 43 31 87
10 76 37 445 351 412 151 397 374 82 140
29 337 184 72 6 299 464 177 374 500 371 443 283 241 303 378 194 193 76 70 391 249 173 257 334 176 408 372 8 183
9 210 175 195 40 380 38 369 93 140
16 9 242 239 33 170 149 314 433 12 176 333 235 38 52 437 284
8 349 356 359 105 354 233 200 209
7 37 365 240 179 369 455 271
8 25 451 88 279 214 175 284 136
9 185 148 58 80 289 340 235 448 303
7 338 92 10 369 452 222 98
10 135 197 10 187 147 191 119 121 128 95
23 105 381 131 96 194 370 325 77 188 183 81 431 146 94 460 136 396 471 329 320 449 39 461
8 109 353 65 23 390 215 234 490
26 257 72 468 290 113 205 289 307 482 247 365 321 64 333 313 343 231 334 454 318 235 77 412 181 5 266
11 19 442 418 222 282 58 401 333 305 433 240
9 204 169 400 464 446 150 131 436 373
20 489 33 418 176 263 250 269 253 301 422 438 483 332 181 295 469 277 468 256 230
11 386 123 153 425 76 317 330 240 77 67 98
8 195 435 124 323 379 480 284 62
9 433 92 230 454 122 462 199 325 404
13 405 200 425 471 4 162 381 296 380 424 446 297 118
11 47 467 344 33 346 9 162 85 113 95 207
14 499 400 176 428 246 405 149 479 395 444 127 204 366 458
29 124 204 225 418 370 495 422 292 342 329 64 232 233 391 482 255 80 498 462 59 424 384 128 153 201 209 302 407 195
11 289 204 115 300 267 341 400 488 217 131 302
12 154 495 184 93 153 359 295 56 257 89 445 7
17 19 326 119 248 330 454 162 368 499 98 240 401 113 126 65 456 197
19 443 391 459 179 130 93 41 249 335 202 375 264 79 152 184 201 486 263 396
12 118 479 357 193 417 134 125 201 91 249 306 288
21 195 49 302 424 147 450 338 93 395 138 489 74 298 485 84 243 48 94 245 449 451
20 359 70 134 198 493 356 109 50 322 68 5 454 411 412 360 400 225 150 344 88
8 160 43 51 163 117 120 132 488
14 403 499 25 393 21 2 215 124 276 392 340 37 492 257
9 369 12 297 477 265 206 345 374 14
7 111 340 122 274 194 195 371
16 458 366 10 382 115 498 454 221 212 373 414 304 68 197 13 114
20 493 312 109 258 22 379 298 4 382 299 453 485 152 345 81 207 330 397 339 247
10 37 163 297 131 262 477 115 107 340 404
31 162 135 140 173 185 36 394 246 117 266 459 23 98 226 361 38 426 304 273 188 289 381 440 287 222 121 97 233 474 9 211
12 84 216 336 443 83 180 98 429 413 425 450 497
7 496 370 174 114 199 206 300
13 5 226 370 202 413 375 224 293 125 345 306 213 298
9 465 35 432 8 368 74 257 140 180
11 288 32 235 101 472 48 291 413 496 311 26
16 63 168 80 52 365 442 296 482 371 324 199 212 291 423 494 117
23 18 465 93 481 154 12 480 228 440 59 316 239 87 380 76 336 374 450 58 102 31 276 298
8 370 14 384 426 241 125 336 477
33 124 463 201 277 419 76 77 40 448 334 164 31 83 470 292 377 200 445 226 242 287 33 372 486 176 46 106 284 136 221 436 217 86
10 290 296 270 471 85 459 157 41 399 146
11 261 370 493 402 142 483 193 210 495 422 456
8 276 333 287 36 5 185 80 453
10 208 189 86 339 92 225 460 90 38 451
19 470 31 48 237 275 235 164 289 208 68 479 73 460 122 315 247 455 267 475
8 313 77 296 295 419 38 426 179
8 438 42 66 96 206 468 479 53
9 237 179 138 437 490 54 464 61 442
12 184 403 267 52 317 110 32 57 258 381 393 275
23 313 73 239 364 243 77 396 253 463 93 152 47 453 475 235 406 113 267 104 182 103 347 24
8 268 400 174 457 390 407 321 473
13 288 281 270 367 17 258 412 64 480 159 322 206 217
10 353 90 165 272 67 199 299 303 132 158
22 139 373 472 393 343 467 167 485 451 349 171 204 131 223 86 292 264 412 232 328 109 482
10 249 220 190 263 367 202 221 334 238 30
7 105 143 368 285 176 350 137
14 161 21 92 231 84 383 311 186 418 262 446 412 99 137
15 190 249 188 14 110 428 452 319 334 96 126 474 374 340 366
14 404 301 6 345 324 377 184 402 72 495 33 320 234 365
9 277 133 164 12 455 56 329 392 319
20 183 172 301 327 326 231 82 238 465 24 236 45 366 272 61 361 355 116 91 241
20 176 268 497 75 437 195 208 17 373 269 317 202 261 250 290 338 32 415 493 297
18 390 10 99 299 37 246 476 305 449 114 179 8 3 5 188 31 178 379
10 472 275 56 456 246 480 69 118 232 328
9 375 227 482 18 379 362 443 242 113
17 480 349 45 433 140 361 173 487 420 314 58 252 379 20 421 76 294
16 109 220 225 89 424 266 457 488 455 344 354 293 348 440 427 276
7 416 238 409 33 104 75 298
16 125 267 372 216 377 480 30 264 65 278 40 459 98 294 215 373
7 137 152 416 140 425 301 216
17 396 172 417 337 388 192 415 25 86 211 249 166 46 220 379 399 361
27 491 371 200 432 213 456 20 356 215 55 70 8 449 158 13 436 294 311 313 222 301 323 192 300 401 372 30
9 372 124 106 448 23 439 231 9 415
23 191 385 349 304 171 213 347 211 274 130 419 383 196 186 30 247 352 423 78 298 306 23 89
24 252 360 370 350 474 248 105 365 125 333 388 146 165 29 200 234 87 22 274 82 368 412 185 235
7 316 267 282 198 190 248 468
26 257 238 165 171 205 478 137 254 289 249 382 406 202 244 428 418 51 1 484 237 45 176 9 269 208 465
22 471 55 16 137 363 149 414 377 232 365 152 391 481 99 486 160 176 499 47 303 70 230
9 294 416 414 290 391 365 278 118 73
8 354 86 215 286 491 69 83 120
23 320 164 386 92 84 98 54 119 263 259 300 155 346 223 247 161 140 288 76 317 447 103 162
19 427 423 94 202 285 183 242 224 305 129 6 401 105 44 253 364 84 371 87
9 284 208 465 457 297 459 422 341 448
10 444 53 75 58 163 152 291 239 65 265
11 421 388 264 434 332 416 412 355 460 24 313
20 360 434 357 58 4 461 45 28 491 329 178 394 330 108 183 8 111 208 196 227
9 95 36 264 213 417 310 274 241 51
18 152 257 344 442 171 155 462 424 453 245 483 204 326 60 283 63 296 127
10 471 247 108 330 371 456 124 473 259 173
14 131 184 123 180 424 203 109 354 299 229 392 372 61 242
9 424 415 153 118 127 18 17 486 73
27 38 8 444 98 343 486 471 314 274 68 283 246 413 385 388 50 367 44 407 49 51 28 203 115 322 381 225
10 416 445 166 121 210 171 363 465 446 266
30 27 44 77 248 98 128 55 474 145 3 476 201 140 67 450 342 441 64 52 439 156 184 151 97 28 404 455 303 429 141
25 320 469 454 352 385 153 416 67 394 422 14 48 79 174 391 219 306 487 211 328 480 330 110 185 206
9 426 154 388 436 246 129 158 273 392
14 249 108 17 385 238 479 216 90 269 227 29 228 354 417
12 465 233 373 202 294 424 355 12 115 430 69 94
15 143 264 438 446 189 439 218 485 484 384 136 281 408 2 305
20 379 384 431 469 63 430 326 227 433 345 281 185 306 98 115 363 46 267 419 69
17 23 291 283 327 205 195 404 25 225 297 197 353 192 293 390 257 337
8 86 178 285 340 41 120 259 318
11 466 300 227 7 248 448 355 335 363 106 342
8 158 297 251 364 273 387 316 437
7 120 446 108 390 202 254 251
24 5 489 494 85 362 138 43 44 440 338 377 341 308 490 471 454 141 477 444 346 47 225 343 472
10 416 496 310 407 426 26 61 338 302 251
10 8 122 379 300 266 486 17 210 285 430
10 452 333 189 164 307 143 419 406 404 351
9 155 328 144 56 197 104 270 411 149
12 67 193 287 406 137 16 417 162 62 2 119 342
27 356 179 88 432 342 261 158 279 231 100 253 412 370 57 155 207 268 163 449 407 491 94 481 426 281 164 406
9 409 316 75 34 446 13 174 107 272
7 41 252 8 84 499 225 99
11 367 121 279 471 459 199 436 289 177 224 65
14 437 433 395 362 179 361 414 482 91 489 466 34 297 224
16 323 74 356 261 198 151 480 130 38 327 180 87 244 166 377 200
7 108 18 56 104 125 379 471
8 368 231 301 26 370 317 292 390
9 58 138 2 17 57 90 422 360 473
12 109 267 266 52 385 137 68 330 46 22 169 71
7 395 32 400 387 343 80 289
10 308 16 225 14 32 139 263 291 83 402
19 220 146 72 429 160 112 239 70 367 219 100 87 143 419 211 360 182 94 344
7 154 22 317 387 412 38 161
13 198 257 176 36 243 242 21 477 441 172 222 297 26
18 450 348 58 462 258 32 62 169 68 100 31 220 390 187 369 394 35 99
8 239 51 7 20 288 40 192 352
22 426 304 309 342 203 64 12 205 323 351 95 228 258 475 167 207 388 461 492 429 378 200
13 91 407 421 290 230 322 417 103 297 189 424 163 136
13 228 274 7 196 319 187 492 104 229 453 298 398 355
9 335 322 197 376 19 64 408 447 161
11 269 109 384 27 261 361 342 286 369 319 223
23 259 370 134 454 263 309 378 390 391 53 152 47 156 162 440 432 155 124 67 487 483 146 234
30 385 389 242 129 437 384 89 215 411 287 120 92 272 252 362 66 376 406 457 236 336 456 414 246 387 31 76 306 219 134
9 77 408 287 415 25 382 225 411 105
27 436 412 147 56 226 495 67 374 422 253 4 330 343 29 57 443 73 483 458 344 241 60 62 183 285 121 156
10 290 300 306 146 186 114 351 478 475 98
10 208 313 496 10 445 294 135 35 196 116
15 238 389 388 247 257 186 337 40 405 27 344 74 293 425 9
18 164 336 369 30 15 495 304 382 120 108 360 190 78 240 209 34 433 496
8 278 429 464 221 398 253 160 383
15 409 320 350 344 170 304 150 451 329 49 380 172 51 37 421
14 400 118 16 329 372 37 348 444 299 456 467 499 497 441
11 69 328 50 28 130 296 96 89 439 188 16
19 455 424 148 451 259 28 206 111 196 60 153 308 66 162 10 449 477 498 326
12 48 366 74 468 86 248 333 275 99 453 90 118
22 427 39 411 348 268 138 82 381 438 473 143 130 109 203 256 452 247 424 146 249 284 234
11 247 233 428 278 403 255 129 70 219 244 207
7 380 487 128 16 188 273 53
7 222 186 426 493 294 201 403
23 169 43 301 71 303 17 451 289 27 114 47 110 452 302 203 22 125 227 470 263 437 499 235
23 445 118 270 17 297 168 84 246 485 328 398 448 372 499 68 388 141 450 78 389 248 420 212
24 25 201 18 289 377 375 323 360 378 297 242 406 446 125 179 267 255 411 257 383 400 114 296 385
8 311 211 74 172 340 121 111 249
12 153 43 455 40 224 180 342 368 152 270 246 17
10 238 108 375 75 55 106 479 377 323 115
15 22 395 255 2 26 393 161 207 399 169 65 126 447 365 489
11 51 443 80 225 227 486 352 366 177 323 135
14 341 111 152 37 214 469 44 180 92 363 205 68 105 391
13 178 102 33 374 64 15 129 486 185 487 210 426 212
8 21 215 102 12 364 172 325 489
18 311 358 179 331 91 230 362 214 281 200 220 70 400 238 16 451 226 185
11 13 322 109 182 494 34 248 140 318 381 275
8 70 329 49 404 35 282 340 401
12 320 225 432 420 280 392 271 169 273 206 84 39
7 441 233 397 188 411 128 90
28 140 400 387 125 377 410 259 330 62 365 338 344 490 97 36 328 471 308 301 431 118 357 124 179 440 337 275 250
15 168 360 326 425 55 476 398 255 468 270 402 30 8 36 375
21 95 301 449 351 235 490 130 153 428 150 362 159 462 198 344 311 496 377 286 262 273
11 454 102 132 86 115 416 26 251 402 209 451
18 467 179 116 251 139 313 309 395 387 355 380 231 113 310 433 441 215 130
14 46 173 280 374 497 460 475 66 180 251 306 152 104 259
7 351 438 190 490 91 95 132
7 30 255 182 84 349 291 252
17 47 443 171 274 466 73 409 463 454 168 419 489 144 398 484 247 137
11 23 27 22 182 406 453 384 273 284 375 70
12 156 325 150 64 225 112 45 145 51 342 421 424
7 72 333 159 495 467 240 57
13 30 260 26 21 84 130 372 75 222 247 374 392 447
13 254 384 125 404 227 278 396 418 464 421 363 180 14
7 348 346 16 87 483 409 422
11 63 336 128 463 5 433 149 78 361 377 376
17 150 118 499 114 106 448 19 297 428 196 394 216 461 291 440 132 79
26 375 299 195 194 247 14 369 346 207 435 341 93 108 266 342 73 75 433 1 426 258 122 366 409 117 209
16 487 202 348 173 389 337 26 457 492 178 274 91 73 236 471 229
9 469 130 340 363 285 99 32 499 484
8 359 474 441 364 389 158 168 67
33 46 75 144 53 113 92 44 299 63 426 226 78 177 346 443 491 331 484 219 307 215 41 106 385 264 73 188 5 65 34 227 284 45
18 282 91 305 148 358 222 250 406 63 316 489 319 173 102 411 216 4 363
22 487 459 156 82 398 290 253 97 404 33 140 101 286 470 90 190 203 244 102 227 168 285
18 237 83 28 270 259 171 46 131 382 323 313 491 338 260 58 473 133 256
23 55 305 249 114 326 19 321 61 262 142 380 487 154 83 413 70 460 87 257 26 29 269 2
12 8 145 349 360 283 229 24 351 346 273 68 188
11 156 186 366 201 105 410 357 41 296 414 58
22 462 180 242 308 209 272 326 345 145 254 210 155 280 495 185 341 2 499 274 357 414 268
19 207 18 488 302 446 454 369 428 429 440 181 439 220 158 175 411 499 303 84
33 35 492 68 129 231 254 351 342 278 281 359 28 345 211 134 101 166 448 432 296 387 383 301 272 493 203 498 366 36 179 322 399 56
9 194 213 400 425 446 165 80 488 85
13 66 414 125 48 371 327 308 106 211 294 171 424 88
7 281 136 463 130 393 243 342
14 440 396 163 73 160 209 390 426 434 232 447 100 75 358
13 322 242 7 47 145 208 227 238 193 358 260 93 130
11 338 222 229 392 395 85 328 96 323 488 286
10 289 408 252 154 39 469 233 7 248 415
12 274 59 269 41 377 227 85 253 145 11 451 121
8 115 172 198 193 456 405 486 199
8 189 49 420 151 496 263 430 361
24 65 237 437 210 233 428 337 414 93 325 389 423 266 453 14 447 315 162 465 272 53 35 38 253
17 476 283 187 464 374 167 255 3 426 136 198 147 177 71 331 112 425
7 382 221 189 71 412 210 341
7 339 317 280 103 332 133 187
8 281 490 399 177 467 18 431 250
23 286 208 143 128 356 162 288 185 234 52 85 477 104 196 328 163 51 222 467 388 295 319 460
20 374 49 355 27 2 456 444 322 55 150 198 297 177 377 217 57 258 490 24 279
7 9 211 61 167 122 226 393
15 190 428 212 155 45 215 62 232 336 375 56 418 429 179 202
12 190 54 170 243 77 179 55 316 111 113 486 94
9 458 51 445 293 290 361 494 218 11
18 223 94 270 425 302 345 106 181 399 474 143 450 387 25 236 472 491 170
13 20 47 242 476 412 415 289 26 171 449 369 109 17
16 210 19 283 241 330 158 47 133 111 458 168 102 142 418 9 151
19 155 269 204 349 74 193 323 259 61 1 79 406 90 217 398 384 357 404 365
11 20 105 40 248 216 48 365 122 1 401 152
12 229 419 253 180 418 197 396 465 217 259 59 273
8 409 344 363 348 159 48 65 279
10 498 441 450 171 326 198 281 207 65 494
13 393 329 496 370 454 301 466 161 499 1 116 181 419
7 238 198 312 102 402 62 4
8 433 160 393 450 324 472 192 186
11 84 96 54 190 221 277 411 382 337 248 241
16 283 381 225 167 240 441 390 391 322 364 116 267 84 307 282 91
19 232 160 341 249 385 238 384 9 45 102 149 148 408 77 242 222 460 162 5
12 261 34 38 378 211 239 379 424 496 433 234 182
10 148 359 479 236 415 125 181 102 489 228
11 499 166 370 259 335 344 323 209 178 246 182
11 445 104 258 270 314 223 169 121 358 70 124
15 490 494 184 141 217 410 421 123 239 263 498 108 117 86 172
14 354 277 11 443 176 69 143 148 15 234 308 293 372 151
12 244 40 138 400 192 57 89 137 356 337 325 50
12 149 300 72 413 479 476 104 76 41 172 184 79
10 395 438 16 282 108 486 410 138 159 387
17 351 14 115 160 51 147 221 286 116 180 133 253 71 156 252 130 405
9 87 33 14 255 123 479 188 18 137
9 114 446 23 55 386 324 431 36 470
25 433 275 239 224 450 153 368 462 15 498 322 175 461 334 11 464 444 178 359 62 102 76 277 406 208
7 10 131 402 342 194 35 460
15 30 382 6 229 198 418 11 258 226 436 288 482 292 429 307
7 404 126 164 190 315 106 279
8 377 276 105 468 176 213 79 194
20 171 360 139 44 135 150 120 216 134 492 31 153 40 265 323 140 142 289 158 186
19 467 186 251 442 414 253 78 72 192 379 136 334 80 150 302 16 256 196 135
11 483 258 32 245 171 43 52 371 355 477 189
17 265 393 195 234 156 341 277 295 411 262 189 87 71 460 445 254 398
14 66 121 332 248 187 424 30 113 129 212 164 266 348 10
7 344 256 113 249 36 246 466
8 93 101 232 96 281 425 390 333
24 353 435 318 49 145 350 177 102 199 417 15 29 296 485 286 306 71 248 326 155 168 276 109 42
19 31 235 202 92 50 384 87 74 65 192 489 260 396 418 348 358 75 170 343
12 121 497 24 187 233 286 194 314 214 105 439 103
9 118 386 134 437 488 122 21 246 345
24 10 108 400 366 208 27 385 163 242 106 357 176 87 364 201 29 107 434 80 422 462 241 442 134
19 93 235 127 451 246 142 19 116 152 340 213 447 492 50 431 388 91 38 36
8 140 452 220 33 394 84 219 98
13 457 158 330 13 461 405 45 55 263 161 101 151 135
13 277 330 492 424 450 62 285 452 386 22 92 397 50
7 409 500 400 319 322 70 441
27 187 148 204 3 434 119 183 149 237 136 285 498 142 206 70 201 77 13 368 132 265 330 213 421 127 390 447
15 221 198 316 188 302 101 117 305 357 284 1 67 174 238 91
12 272 16 91 389 468 368 472 66 149 349 454 352
16 210 37 414 482 336 259 352 397 349 137 346 381 52 314 266 275
10 37 58 13 400 433 387 408 296 157 334
16 491 225 489 140 257 154 125 214 183 375 233 118 198 332 172 133
11 284 343 424 88 319 332 493 142 389 50 120
11 80 274 426 303 9 16 170 278 486 124 436
7 57 422 398 469 51 164 161
8 208 459 428 381 461 55 185 264
15 273 487 163 395 168 445 220 146 449 188 467 432 187 426 241
19 242 424 7 442 387 129 238 384 328 6 103 290 16 277 224 131 35 371 427
19 413 148 319 198 342 1 3 257 310 224 454 31 308 384 326 436 470 53 275
16 78 420 340 361 110 255 276 387 71 245 404 72 427 298 428 94
11 356 364 477 97 451 164 147 242 44 34 394
16 132 295 128 282 129 455 432 274 235 242 163 178 203 123 78 177
9 232 351 235 476 375 333 472 51 9
21 298 313 390 7 405 243 380 190 156 333 353 62 290 415 424 371 428 322 451 314 174
22 171 21 468 282 108 303 146 85 140 131 460 218 168 343 182 102 284 188 339 135 410 489
14 451 425 477 303 388 160 147 112 199 137 400 333 257 341
9 378 9 308 35 278 138 307 249 49
11 216 366 200 249 114 162 254 246 183 315 290
16 396 423 288 263 53 430 448 299 313 361 311 14 333 440 321 375
9 395 218 121 359 267 472 362 437 271
10 21 478 210 55 354 36 366 23 326 483
16 21 128 457 390 455 447 429 458 173 280 431 52 68 478 2 164
15 120 86 364 429 190 462 253 117 21 78 295 499 64 275 164
34 479 52 175 12 55 380 262 159 224 321 219 465 53 459 305 314 405 300 4 43 411 453 392 211 396 75 415 201 434 493 494 491 117 311
10 275 216 163 412 309 452 208 53 456 492
21 404 200 413 267 356 36 342 133 291 37 468 348 337 169 15 493 394 414 387 116 474
10 190 427 27 93 349 292 140 429 162 251
17 253 305 326 29 120 369 294 101 174 183 60 51 412 251 128 190 151
11 138 480 275 298 126 331 249 35 424 430 378
22 215 282 323 364 279 90 66 242 17 162 206 280 336 216 136 430 161 366 347 449 213 230
20 488 368 214 490 401 200 476 39 348 338 314 361 69 108 4 326 394 28 278 285
7 350 76 420 147 58 393 209
10 310 186 9 66 382 107 283 39 410 471
9 127 390 153 198 492 383 211 422 135
20 27 386 309 442 179 378 485 250 483 105 475 455 409 468 251 300 259 38 261 337
12 28 297 280 458 318 5 419 464 410 434 165 79
10 17 3 87 91 398 246 48 326 270 254
10 353 144 122 304 417 385 349 218 113 267
16 289 490 321 459 41 463 406 144 316 118 234 62 187 73 400 6
13 425 364 485 263 115 181 172 211 296 375 76 43 134
7 242 42 376 87 156 433 8
7 334 34 455 124 480 32 500
18 192 215 167 18 387 99 314 438 303 326 39 199 487 333 226 459 181 383
9 154 498 313 90 271 260 220 259 99
7 441 462 298 435 305 54 77
9 146 283 41 326 1 208 314 130 310
14 473 315 75 310 114 338 499 303 248 212 328 239 4 420
10 96 354 197 269 118 80 306 420 278 16
7 17 198 98 135 380 333 335
10 235 88 64 130 135 367 194 162 299 345
13 140 181 212 211 483 410 357 184 356 241 20 430 58
20 45 234 35 58 20 275 216 314 166 139 233 85 422 286 255 222 290 347 451 137
11 217 204 494 245 290 76 233 235 375 213 32
12 456 5 331 8 186 53 273 391 235 384 22 180
8 139 267 444 270 382 361 203 39
7 210 254 478 325 118 300 438
15 29 352 433 171 419 250 182 239 492 296 123 369 254 396 56
15 421 495 281 330 317 221 280 292 187 162 461 181 429 193 6
9 458 52 72 497 19 171 302 421 347
11 400 419 140 6 144 364 224 381 136 450 440
9 25 440 197 390 320 238 63 340 304
7 252 476 74 317 214 297 326
26 285 139 214 360 202 287 183 326 446 123 203 4 95 16 388 408 488 109 10 398 157 84 405 427 484 126
20 302 328 322 24 185 194 288 464 127 318 433 500 352 161 69 347 138 39 491 159
18 59 48 492 169 460 192 194 5 208 314 211 22 350 55 91 102 187 431
24 135 182 441 256 140 212 255 110 395 308 67 120 291 115 58 368 236 409 229 81 112 252 97 69
20 273 299 35 413 495 149 24 31 305 345 264 489 6 79 183 301 175 187 217 435
10 262 54 39 493 161 255 138 279 36 292
10 231 191 363 481 26 432 411 498 313 37
7 460 213 276 464 36 382 272
15 436 48 460 14 220 352 136 321 119 185 217 162 459 293 246
10 73 1 128 162 135 424 434 215 249 320
15 406 169 380 189 143 404 55 453 137 357 9 16 301 345 7
8 271 145 353 399 24 44 175 333
26 250 495 483 399 324 447 89 480 135 242 33 39 86 457 126 446 7 218 374 465 473 159 418 143 424 28
13 372 322 53 15 45 489 326 270 22 331 415 378 76
16 252 443 230 210 441 241 353 249 293 302 93 149 158 291 164 362
15 409 347 55 309 486 14 156 447 417 178 271 187 265 44 128
7 144 16 177 425 346 339 233
20 279 222 398 291 322 44 28 253 483 308 287 417 268 33 488 283 139 456 3 336
12 500 241 437 237 331 406 487 265 182 68 269 410
26 301 46 33 63 280 400 172 350 123 425 349 265 240 484 174 148 51 275 54 416 184 162 236 121 261 360
16 102 488 307 346 277 47 20 389 314 205 286 395 353 492 92 268
16 111 158 166 181 113 303 290 48 322 489 310 200 408 202 103 402
9 230 356 270 222 372 192 446 84 425
13 166 262 59 297 281 288 169 444 320 401 156 443 376
10 380 238 100 252 75 230 9 484 463 446
7 163 483 318 1 378 130 354
8 282 252 451 115 200 24 152 124
11 224 23 376 139 111 229 216 308 22 499 137
17 61 374 109 199 221 343 294 195 349 362 245 329 281 333 443 200 231
15 22 73 169 141 375 402 354 184 42 39 386 291 136 152 337
11 429 397 60 224 14 460 394 338 154 125 398
8 211 329 187 266 465 412 232 305
10 109 333 82 108 280 330 261 430 122 389
32 1 334 16 392 371 184 122 101 423 191 125 48 289 373 490 76 239 220 307 188 51 67 407 2 223 218 225 142 82 126 420 356
10 15 397 230 164 55 359 31 402 261 283
9 429 388 214 168 100 333 98 342 483
24 423 497 79 206 4 451 209 352 198 147 443 399 407 213 21 40 148 340 491 65 318 291 143 125
13 372 105 275 221 278 19 337 285 220 261 35 325 467
14 95 429 126 26 390 389 289 445 315 91 284 179 274 255
20 498 77 31 182 361 343 481 173 436 177 158 241 174 101 407 373 232 422 180 91
15 325 175 104 204 180 203 458 136 92 43 213 454 126 400 276
7 311 176 337 271 407 250 157
7 439 142 57 497 2 463 63
13 289 478 58 230 87 452 70 434 345 152 340 428 432
18 258 313 173 78 358 347 379 432 418 400 497 107 132 435 186 342 9 131
25 195 204 255 447 302 462 461 295 68 395 239 159 140 45 37 284 16 252 486 381 138 322 314 465 238
8 242 78 253 210 410 217 149 1
7 253 203 112 170 254 100 415
24 118 339 4 158 479 445 440 345 234 183 218 89 336 359 401 5 261 486 478 48 212 419 330 371
15 24 300 456 291 271 137 183 296 428 61 208 233 262 114 263
7 143 21 34 465 95 93 361
25 96 283 148 450 306 106 231 39 139 487 456 242 417 169 86 361 312 324 67 28 205 244 107 73 203
23 315 252 30 153 259 22 386 5 265 194 21 455 225 373 132 184 494 453 157 428 215 203 435
20 406 195 174 239 332 37 443 429 469 11 255 146 59 147 224 282 307 344 451 118
12 163 242 121 395 464 310 397 33 104 364 440 108
24 357 9 254 460 114 150 418 77 279 479 235 318 79 378 63 169 20 243 100 28 204 467 76 238
16 204 281 362 132 366 99 354 301 152 276 171 410 267 164 242 203
8 345 192 293 209 33 152 329 471
12 13 268 53 325 209 411 240 141 197 335 92 312
11 269 111 177 248 272 230 363 208 47 252 260
8 383 447 176 414 328 496 214 48
9 237 419 371 82 242 413 325 439 444
13 201 259 289 257 158 385 244 274 341 7 86 239 340
13 294 257 484 386 197 42 1 177 266 113 271 216 478
9 149 414 32 50 499 291 4 302 231
24 34 332 458 377 124 10 376 6 463 183 337 373 388 52 437 57 2 123 125 101 72 235 454 465
12 341 33 412 315 321 446 135 132 198 209 430 414
13 259 69 370 108 281 10 211 493 380 268 482 309 220
8 386 432 469 130 103 297 458 121
9 239 447 268 143 292 73 361 203 126
26 94 37 243 27 373 20 70 404 73 453 275 9 134 311 21 183 458 425 91 34 213 65 240 287 290 69
26 302 385 117 10 181 150 23 402 256 229 217 53 49 417 165 33 424 305 294 408 390 489 151 252 456 409
7 386 371 358 385 339 452 331
15 154 37 273 275 277 340 322 254 59 182 495 407 245 125 135
13 382 115 436 438 349 149 190 393 65 471 291 294 371
8 273 181 25 10 390 462 189 142
16 100 488 287 135 230 206 493 228 222 265 229 69 170 346 447 130
32 360 397 224 32 234 232 410 163 213 307 472 444 456 358 152 312 482 431 316 419 423 481 103 414 393 160 16 383 413 245 99 47
8 143 54 438 274 289 461 210 377
17 113 242 85 95 302 67 237 323 278 159 451 255 499 340 163 433 9
7 96 470 43 233 159 453 175
15 278 264 205 330 445 127 71 21 322 131 202 436 18 154 166
28 235 318 144 277 157 428 160 436 259 112 483 173 497 413 40 492 438 329 133 45 272 143 11 87 257 410 460 154
11 104 73 495 216 386 249 220 75 81 57 5
10 311 384 322 237 278 296 261 483 495 74
15 89 348 203 182 416 153 491 175 204 131 296 111 325 364 155
12 493 187 143 150 83 394 46 380 496 231 24 266
24 34 454 189 422 224 131 5 16 320 421 292 58 472 299 49 108 493 372 106 303 212 187 382 482
9 274 173 161 66 397 49 410 305 427
23 356 208 474 212 251 370 284 332 93 198 249 246 441 446 144 498 263 145 276 426 222 369 401
7 5 142 290 293 458 236 386
9 117 187 444 367 425 59 357 415 62
30 459 147 329 73 232 143 99 248 108 303 219 267 26 130 28 387 379 343 60 382 133 124 161 152 207 53 464 331 394 47
13 177 423 168 137 51 417 388 454 46 219 223 458 427
25 247 157 128 11 77 10 325 113 193 288 392 389 291 470 101 251 224 407 425 199 235 305 243 346 64
7 401 310 290 488 34 52 224
9 236 113 195 56 109 230 91 439 108
13 84 328 329 472 360 225 500 430 136 19 419 424 35
18 202 69 493 93 26 398 261 423 177 55 311 195 76 260 75 490 34 356
16 459 123 58 475 193 146 203 158 16 114 209 141 207 134 71 357
11 308 55 486 447 114 324 448 32 70 102 294
8 90 248 483 488 255 73 413 408
10 56 134 170 437 151 66 155 6 283 119
25 134 188 441 216 189 478 267 142 476 387 174 327 116 163 11 92 453 294 114 101 199 295 369 145 236
12 225 159 154 341 199 29 370 384 15 187 141 381
12 196 439 312 182 367 481 476 475 236 273 432 242
21 270 401 194 253 403 5 394 484 65 350 242 146 425 220 464 23 344 364 187 117 229
32 319 329 69 84 313 154 410 298 128 453 289 173 421 439 214 233 317 200 455 106 292 77 434 287 243 75 353 396 143 497 163 108
23 225 245 291 283 360 18 77 216 195 366 136 295 461 61 150 391 230 84 275 492 68 233 287
10 474 187 424 7 293 276 462 35 313 475
7 78 214 55 237 306 23 335
15 141 240 38 397 495 401 6 251 185 282 130 218 390 163 423
9 184 206 437 90 33 274 469 53 183
18 328 499 466 162 103 71 275 107 82 78 281 342 279 289 488 492 124 487
8 422 391 365 278 192 188 40 81
9 209 431 29 184 100 430 464 170 12
29 40 409 216 245 405 8 339 419 257 196 205 475 232 178 378 315 212 114 487 440 485 49 195 123 347 133 23 289 239
7 328 342 468 4 364 58 259
22 408 7 125 193 100 110 149 244 483 109 371 270 279 13 428 476 79 438 219 75 475 209
18 231 154 342 405 292 407 53 339 241 419 269 426 28 19 400 25 278 267
13 334 185 488 235 294 128 168 41 343 177 20 383 396
9 443 64 385 304 272 126 102 267 232
9 26 204 31 89 392 74 283 389 453
7 467 315 207 108 346 274 477
13 329 148 250 381 197 451 339 408 214 158 452 354 325
10 53 141 449 207 403 223 496 60 117 4
18 264 495 107 473 281 474 60 395 101 399 93 104 180 432 39 439 263 19
26 361 153 171 208 174 313 81 3 329 30 312 204 422 309 320 111 242 72 279 201 146 233 492 218 271 399
35 65 382 392 187 60 247 336 37 260 42 492 23 301 352 442 41 64 209 112 140 97 482 393 83 328 445 137 155 101 32 139 365 413 178 232
16 415 431 400 271 362 145 309 167 93 229 131 462 129 205 220 383
12 234 44 237 51 119 171 106 288 173 167 416 56
13 250 26 133 56 53 412 420 79 325 445 357 374 162
8 118 185 117 196 312 334 182 230
28 180 263 335 436 418 174 210 18 272 388 421 81 446 108 479 33 154 398 136 309 285 68 293 361 341 356 41 316
9 48 52 161 236 411 182 350 3 180
23 245 23 335 199 211 69 326 134 77 157 315 454 163 415 462 350 392 225 61 17 224 107 70
9 422 308 109 134 341 286 310 302 236
