50 20 2
6 17 7 1 5 16 14
6 12 8 16 3 1 9
7 19 8 15 3 11 9 18
4 3 12 11 6
5 4 3 15 17 11
11 14 7 3 2 8 12 4 9 16 10 19
6 9 7 5 3 4 8
4 11 14 12 6
7 7 17 14 3 10 18 11
4 3 4 6 11
8 8 15 16 17 10 5 3 14
8 6 8 2 9 12 4 14 5
9 19 7 10 16 18 14 13 11 4
4 19 15 18 11
12 18 13 5 6 19 12 17 10 2 11 3 14
10 10 5 8 15 12 18 9 3 13 11
4 7 5 10 1
11 9 14 12 7 8 19 18 1 13 15 3
5 4 15 10 13 9
10 6 5 16 19 20 8 2 14 15 18
9 9 13 4 17 6 10 19 18 16
4 1 12 16 7
5 11 16 7 3 15
4 13 7 2 10
4 15 12 18 4
11 4 17 5 6 16 14 1 8 20 2 3
4 17 6 14 7
8 11 14 9 13 6 2 19 17
8 18 19 10 12 6 8 2 1
9 14 5 11 15 17 4 19 1 10
5 5 13 3 7 9
7 2 6 9 19 4 17 20
6 11 4 16 7 2 14
6 15 13 11 19 16 3
11 11 19 15 12 14 7 13 5 20 2 10
5 16 11 7 4 8
7 6 20 17 1 13 10 2
8 1 3 14 5 4 11 15 9
6 3 18 19 2 10 11
5 1 2 19 18 3
6 5 3 4 17 8 16
6 15 7 13 8 16 2
11 11 2 18 6 7 5 10 17 12 3 13
4 11 20 7 12
7 8 17 10 19 16 1 4
7 17 1 10 3 15 20 19
5 9 8 1 3 14
5 18 14 13 19 20
8 4 15 2 13 17 7 8 9
4 12 19 2 1
