1000 700 5
12 376 283 490 40 445 119 483 216 66 345 466 373
10 519 27 60 229 161 6 603 126 621 668
9 248 151 61 20 520 227 638 186 448
9 341 624 452 548 342 493 271 507 298
8 654 381 340 601 414 590 231 293
9 74 620 308 581 601 686 57 159 86
9 30 600 407 261 140 659 26 653 452
10 605 590 511 553 10 672 284 390 529 211
14 540 289 223 250 669 241 518 555 243 327 695 627 186 102
12 290 163 50 180 420 324 26 294 511 602 651 353
14 486 68 410 51 193 484 147 687 445 199 348 599 555 629
11 161 539 296 20 508 293 114 513 75 652 602
10 564 497 75 447 346 602 291 186 399 569
12 333 434 400 601 37 52 227 343 138 479 351 510
14 141 326 648 487 478 27 548 128 192 379 434 554 561 15
9 632 67 244 51 516 170 235 576 424
13 260 304 234 630 362 79 655 11 191 540 224 397 308
9 621 363 78 225 110 137 204 66 695
11 8 110 645 659 66 482 687 75 306 212 379
13 43 27 676 562 108 336 620 10 539 300 356 476 554
12 659 298 44 490 174 113 438 250 433 45 415 289
8 528 599 396 529 444 512 379 275
8 249 350 306 372 69 220 292 643
12 592 256 216 593 450 291 273 226 25 99 692 198
10 668 620 565 69 552 229 501 71 385 618
14 35 399 265 64 70 633 481 536 337 93 345 376 671 173
11 542 664 123 655 596 292 243 699 391 258 201
9 261 401 533 54 198 267 660 590 205
9 591 299 666 337 13 304 440 646 126
14 416 508 363 477 547 243 90 365 278 411 359 525 155 601
8 562 660 588 576 125 367 459 556
10 477 191 458 643 351 284 438 308 195 171
8 176 678 279 44 599 494 263 591
10 473 573 689 326 175 87 225 26 492 650
12 183 47 62 671 550 493 424 459 242 45 480 469
12 509 393 672 390 5 568 414 372 302 540 477 35
9 22 338 40 587 33 205 650 634 411
11 322 538 694 674 568 526 588 584 430 567 650
7 233 414 672 116 639 278 398
13 266 166 221 3 59 48 322 652 46 675 509 97 276
15 226 237 468 154 334 445 424 641 224 111 90 679 195 635 461
10 579 520 160 82 676 287 128 484 204 446
11 65 595 681 609 346 149 614 422 32 61 378
9 451 291 39 655 43 195 365 30 341
14 696 372 240 81 225 76 617 30 640 649 607 645 457 638
10 142 86 104 336 528 363 334 506 464 93
10 76 125 392 526 507 687 133 244 146 444
10 255 329 19 401 130 277 672 154 53 450
8 400 136 588 625 233 293 439 294
12 527 30 489 351 435 635 560 516 575 143 69 554
12 259 631 223 27 314 637 381 107 652 240 348 48
13 663 598 492 517 48 204 95 57 619 52 132 543 108
11 644 226 249 123 137 89 204 346 99 621 685
15 698 317 659 552 246 652 699 700 696 101 474 149 621 218 687
14 47 50 593 350 461 24 171 696 676 628 264 198 22 378
10 597 327 104 388 82 164 143 166 127 622
12 429 529 579 690 433 70 372 609 118 358 600 625
13 182 572 391 41 531 164 204 45 122 503 293 241 88
14 368 469 513 252 693 342 583 256 385 122 313 562 277 164
9 688 34 342 379 664 497 538 435 232
10 355 5 412 222 376 369 169 483 597 254
13 89 613 307 157 425 685 438 528 485 439 168 691 543
10 387 212 371 442 534 253 258 497 457 19
8 442 381 592 34 36 688 275 251
11 566 210 636 625 247 507 305 77 597 508 684
11 118 160 667 469 534 504 340 182 290 276 360
9 597 295 505 310 118 247 323 279 96
12 352 567 86 397 180 338 492 470 297 554 90 488
10 58 700 240 285 161 70 303 207 160 94
9 580 200 381 262 556 210 421 678 90
9 616 313 541 129 499 206 407 394 97
10 296 476 14 124 489 556 285 391 21 301
12 506 542 469 259 290 134 8 143 35 178 331 19
14 510 125 478 328 674 238 363 105 92 289 683 414 640 121
11 262 47 299 563 555 593 542 90 657 3 367
10 265 478 174 104 622 191 88 218 447 442
14 607 628 22 257 650 467 610 480 678 627 367 474 399 623
11 355 111 237 542 437 441 614 213 647 478 386
14 9 579 158 492 371 302 96 675 292 338 374 81 242 112
14 598 4 530 117 512 487 338 191 360 58 441 212 653 579
13 291 544 387 177 269 191 497 459 445 89 398 453 196
12 312 614 600 502 325 545 680 61 543 358 114 112
11 647 614 70 636 166 221 106 610 422 472 557
9 494 265 54 281 150 565 251 121 224
13 550 195 143 320 201 608 186 50 166 679 210 129 67
10 631 599 621 247 243 262 393 426 663 336
12 126 327 106 251 481 344 302 156 9 629 561 288
9 434 356 196 553 656 268 281 118 415
13 632 311 102 24 292 644 417 512 200 98 353 235 452
12 294 266 582 17 219 648 687 52 116 353 663 306
13 409 488 593 147 577 96 455 700 371 354 21 611 622
13 583 322 618 99 649 268 600 279 203 111 643 601 218
10 206 499 136 393 342 286 448 593 656 597
11 297 193 117 396 695 398 602 465 507 483 48
13 24 46 187 600 41 85 617 69 335 293 366 146 414
10 232 569 87 182 132 386 362 603 45 127
12 363 631 407 474 459 464 119 145 670 352 530 175
13 438 593 48 670 52 644 114 406 252 658 382 29 228
7 45 684 75 405 508 134 634
9 8 452 394 389 453 156 550 351 31
10 236 319 81 80 112 135 330 133 630 575
10 301 495 508 432 366 148 639 204 169 283
10 273 182 350 640 407 97 400 107 323 486
12 354 323 324 304 104 253 642 527 318 652 30 294
8 45 59 633 426 244 210 258 670
14 76 493 388 215 258 233 273 349 312 37 659 155 664 138
12 540 200 323 473 278 100 516 452 120 375 628 118
11 620 541 454 480 439 427 193 184 408 506 692
12 677 259 564 39 203 200 693 353 224 36 395 372
13 200 148 214 432 472 594 234 256 113 11 108 152 378
12 393 157 488 324 642 203 659 294 313 185 514 497
10 598 591 52 339 260 296 700 691 347 180
7 674 313 556 250 379 427 651
10 268 594 456 265 535 623 642 375 260 266
11 419 515 259 649 104 26 82 635 213 594 517
11 613 201 427 146 700 205 107 467 249 668 623
9 447 242 450 663 217 315 101 317 581
9 394 224 696 685 103 334 611 503 194
13 218 299 182 314 255 156 233 327 659 419 60 414 278
13 573 682 157 65 52 497 681 333 651 395 537 200 374
11 107 602 411 455 244 633 206 433 80 180 194
12 497 73 442 432 641 425 219 356 130 494 10 546
13 128 391 135 667 209 411 228 50 457 583 374 395 361
12 610 170 279 655 132 639 153 196 461 187 314 604
14 14 197 180 368 190 295 683 437 590 167 669 45 292 517
8 105 291 423 440 401 608 203 558
14 615 5 47 560 629 493 284 623 370 653 532 262 108 317
14 128 697 5 69 325 133 203 171 160 526 47 394 563 639
12 72 695 382 150 399 222 672 436 131 126 246 413
11 663 62 92 514 317 551 648 366 310 334 330
10 637 273 259 58 588 608 692 579 250 46
14 372 656 359 395 281 238 299 184 282 37 549 248 587 358
11 519 128 18 532 527 68 387 210 674 138 51
9 299 535 374 377 165 632 478 340 211
12 142 657 627 373 17 75 632 700 207 25 687 490
11 493 538 442 648 505 335 605 419 174 254 689
13 638 488 621 307 558 441 181 235 467 653 166 580 263
9 539 341 326 70 90 693 134 164 439
7 391 86 170 83 96 619 539
12 596 172 485 239 16 294 440 197 96 483 419 129
8 53 307 169 366 620 126 547 602
15 341 40 645 487 204 122 286 316 387 295 365 494 563 252 236
14 487 611 19 13 107 65 607 579 203 446 476 83 434 177
10 450 425 606 161 303 683 460 539 165 607
14 598 237 15 462 465 199 534 268 605 266 366 134 212 370
14 560 237 29 468 88 622 308 299 360 487 201 70 409 318
9 326 563 384 564 306 143 577 417 96
9 227 439 576 687 167 279 351 593 135
12 227 569 189 106 438 33 678 323 180 695 488 104
8 326 346 36 120 522 680 279 349
11 581 141 191 15 19 127 146 528 559 474 142
9 285 460 590 202 239 340 464 376 659
7 210 14 147 80 439 229 269
10 73 272 63 354 665 555 326 382 304 218
9 93 83 347 408 603 398 333 370 500
8 337 568 51 32 538 353 662 512
13 261 585 82 232 306 104 631 536 307 569 195 32 107
8 348 574 633 251 194 27 593 476
9 657 329 694 533 268 305 600 68 536
10 147 216 585 12 633 245 669 145 576 628
11 87 159 285 133 106 522 115 280 150 472 479
15 548 111 543 520 584 529 210 297 147 418 19 620 425 324 341
14 581 269 231 99 504 432 346 368 471 37 555 427 657 472
10 666 692 35 501 256 267 500 215 111 40
12 514 541 403 121 65 312 203 128 28 55 660 598
12 445 421 297 499 231 624 90 270 155 552 438 104
10 422 524 120 541 340 84 280 313 567 494
10 369 364 303 498 268 215 219 174 232 632
11 565 573 680 30 662 27 564 200 434 295 650
9 39 329 484 3 567 367 507 387 167
11 107 42 91 50 612 151 179 455 672 128 434
14 140 556 26 461 309 583 338 131 549 100 374 348 112 276
8 519 544 152 428 400 553 210 685
11 329 218 523 151 673 666 211 285 475 459 543
14 574 262 207 93 54 645 219 155 173 336 316 380 110 281
14 561 468 578 383 60 515 366 357 623 576 484 9 104 176
12 431 546 683 333 599 455 410 470 192 637 552 563
9 104 2 60 353 690 189 611 425 550
13 167 653 406 459 172 220 30 27 595 16 35 490 241
10 586 591 647 78 671 454 24 693 411 42
11 668 114 439 640 193 260 81 352 692 462 11
10 191 301 502 559 179 485 330 182 50 116
12 27 637 578 368 540 411 114 404 459 355 432 365
11 89 547 573 24 1 513 194 487 401 671 567
9 643 577 158 181 482 309 382 65 369
13 683 25 284 2 329 352 428 674 19 102 618 425 526
13 337 668 271 447 268 333 688 113 302 53 684 434 498
13 291 204 172 139 650 68 588 300 30 516 191 15 225
9 92 206 546 466 464 371 582 222 516
11 167 503 76 337 135 202 247 159 177 233 175
10 452 161 571 489 398 521 276 437 453 451
10 316 563 428 139 647 494 366 180 509 611
12 240 259 146 364 409 590 683 370 619 54 696 206
9 259 459 216 321 581 196 136 77 184
8 567 696 561 137 23 386 1 249
13 116 354 456 83 144 330 625 684 232 324 542 257 135
11 550 22 682 45 672 344 366 537 458 684 229
9 267 191 81 6 589 537 17 460 336
13 53 273 692 393 411 124 168 228 394 349 237 301 456
10 510 556 269 5 498 408 302 593 503 210
12 613 658 270 51 130 531 527 245 261 195 495 680
11 295 658 381 6 169 451 97 115 570 651 54
11 441 180 336 241 186 424 698 615 269 182 126
9 684 359 562 612 367 346 415 575 533
11 660 441 569 233 313 240 549 466 654 655 574
13 332 570 81 462 527 617 552 295 460 162 51 163 47
12 378 553 340 594 352 422 598 679 74 534 315 152
12 279 287 641 692 298 196 161 216 542 55 221 677
10 530 375 220 484 683 620 697 315 256 656
11 143 432 532 632 360 535 616 530 576 548 54
10 131 41 115 574 411 448 359 433 648 607
12 122 571 35 693 244 601 235 637 561 568 536 321
8 133 498 642 639 362 388 19 447
14 643 89 273 636 286 453 53 85 190 684 470 289 442 432
15 328 220 639 86 606 407 306 401 31 117 420 497 700 76 507
9 221 147 59 146 339 462 581 4 433
11 224 418 165 669 378 192 44 607 55 413 159
14 150 571 265 427 40 385 339 501 163 92 110 611 350 330
9 308 147 541 630 144 437 516 207 552
12 379 700 208 356 484 656 167 516 555 5 119 551
9 47 301 211 602 338 613 140 182 397
13 531 208 155 80 331 611 656 662 202 652 365 590 116
11 161 273 62 643 626 341 474 506 338 110 149
11 509 536 619 344 680 667 70 385 492 471 631
9 218 191 29 263 21 401 123 435 294
11 607 365 150 323 121 569 367 651 332 333 219
7 226 238 104 616 625 202 84
14 369 307 188 521 198 345 252 313 205 6 358 625 294 7
12 341 502 574 225 637 505 102 536 498 563 111 510
13 559 634 387 169 536 447 258 379 469 451 645 237 46
11 603 360 468 405 55 529 200 15 471 286 541
13 599 507 359 150 492 187 697 636 66 234 519 238 213
8 625 326 695 592 260 79 432 45
14 36 40 272 105 373 155 230 316 689 366 588 24 50 605
12 407 104 694 678 380 475 47 523 174 74 285 139
8 560 17 236 300 10 597 240 66
11 662 80 401 453 125 79 612 164 313 329 290
12 19 219 391 635 340 555 566 669 2 60 507 79
10 66 487 666 403 667 484 589 113 552 542
12 274 404 526 505 250 629 6 335 547 654 154 21
12 354 606 515 134 596 459 628 18 337 110 422 40
9 113 184 202 300 375 20 318 17 59
10 613 560 639 456 483 562 666 657 410 455
8 660 366 576 400 213 351 221 575
12 61 482 496 304 427 125 64 404 136 276 210 603
13 583 549 260 267 405 455 653 681 584 353 599 84 337
11 611 236 380 220 661 43 51 344 125 97 295
14 403 578 454 528 488 282 509 492 278 36 299 415 115 269
9 436 266 235 676 295 410 439 662 516
10 295 90 155 445 75 264 109 47 464 469
12 153 484 145 285 37 248 346 626 698 466 699 307
9 427 642 50 411 80 205 90 213 408
13 432 123 377 601 422 208 238 450 18 619 625 648 25
15 308 310 281 174 128 519 282 124 3 484 668 465 320 515 273
14 502 276 669 201 261 263 113 271 344 623 315 404 257 526
7 474 99 298 349 16 66 586
11 44 243 264 194 568 407 562 291 431 424 320
9 565 653 353 530 391 585 582 186 290
10 526 411 484 457 355 508 247 63 676 103
14 127 594 591 349 93 535 364 539 674 418 434 524 88 401
10 319 441 175 255 244 631 436 129 127 182
12 402 415 642 163 650 668 184 601 131 301 142 657
9 475 80 290 463 577 424 413 2 38
9 298 384 12 260 95 628 584 442 567
11 69 622 589 182 387 10 22 591 300 127 541
9 282 292 382 657 458 450 301 388 205
13 535 335 317 87 692 77 677 30 293 678 666 249 670
11 202 546 210 299 106 39 253 70 334 13 391
11 342 603 502 224 265 545 445 634 653 254 294
10 393 439 217 161 45 663 659 103 679 294
11 611 379 397 76 197 446 390 22 75 473 583
13 184 468 623 303 230 304 426 652 84 488 415 612 32
10 414 616 520 560 677 561 324 699 108 115
12 55 212 552 593 298 364 527 133 254 660 98 557
13 523 473 270 410 497 81 689 3 59 150 651 152 601
10 197 439 36 156 106 198 473 261 646 94
11 97 189 268 395 292 572 471 305 438 608 598
12 188 373 176 136 510 438 308 381 516 307 172 317
10 543 650 100 580 231 27 483 444 700 112
12 205 613 688 434 67 33 161 6 378 479 659 265
9 184 422 307 635 250 200 366 114 519
10 541 102 645 141 493 161 226 360 72 532
12 202 101 371 109 196 178 104 43 404 430 205 394
10 137 371 268 218 159 330 624 652 193 29
8 399 15 66 197 126 497 48 97
12 65 177 495 620 342 224 411 504 116 11 165 549
11 167 94 453 298 517 34 46 29 475 526 409
12 631 594 195 377 181 433 382 284 534 408 671 55
9 79 530 596 573 540 168 116 338 225
8 674 438 631 174 235 684 160 372
14 279 430 548 610 386 599 50 372 68 635 88 241 428 634
12 508 12 570 290 480 316 197 91 189 394 461 679
11 441 402 28 111 261 605 72 106 327 447 71
11 17 500 287 483 638 226 411 130 396 170 653
10 639 179 121 152 584 625 135 343 262 556
11 475 659 537 384 680 560 391 385 604 199 555
9 15 154 322 17 284 469 652 326 195
11 343 44 497 307 350 612 180 324 602 545 411
13 166 544 201 537 548 341 601 140 304 222 419 459 328
12 576 453 695 178 508 626 659 45 346 298 634 8
15 516 267 376 368 156 127 135 94 22 367 371 110 23 66 595
12 421 163 384 305 666 333 397 662 292 380 630 37
10 206 182 198 96 341 16 510 625 515 516
9 138 644 590 634 327 372 700 450 612
9 643 279 544 22 483 292 508 354 365
14 485 469 565 265 534 633 407 618 564 165 345 625 383 460
14 643 165 342 325 329 389 661 167 577 487 429 98 143 437
12 388 668 114 212 383 204 565 245 69 533 75 480
12 687 44 535 335 36 464 290 576 285 238 224 511
12 186 337 160 40 370 700 136 412 194 562 670 303
11 52 346 128 236 135 365 269 574 664 166 542
11 444 448 133 247 6 97 549 488 318 337 112
9 120 558 183 263 293 573 182 270 639
10 466 541 240 506 26 444 121 558 694 445
12 513 306 187 568 616 72 197 648 35 38 539 56
14 512 84 171 664 661 579 643 187 39 254 410 120 629 166
8 290 539 35 559 573 521 5 672
12 119 343 172 403 498 474 398 673 608 636 71 230
11 208 560 11 589 529 314 147 168 392 635 388
10 36 356 689 338 492 228 521 102 400 399
11 428 254 283 2 336 287 209 429 446 389 154
13 562 6 295 587 428 52 533 654 42 415 186 551 571
10 165 76 426 317 291 572 460 258 512 374
10 472 373 360 689 205 266 488 370 12 358
14 313 85 241 160 292 42 508 378 600 301 471 83 222 213
12 426 17 594 182 44 535 103 378 267 280 340 186
12 65 228 92 484 636 155 42 169 287 308 367 205
10 422 250 371 501 156 51 386 494 563 173
9 114 96 26 649 662 413 412 273 540
13 257 340 20 231 205 259 552 371 78 33 447 503 421
10 476 246 439 443 101 270 228 539 368 551
11 585 65 694 498 619 661 31 259 436 71 565
10 261 70 464 489 9 614 551 641 665 439
10 645 457 66 394 423 401 372 405 58 214
15 310 390 662 164 523 218 323 340 185 519 285 299 345 181 90
9 125 692 547 485 622 619 501 170 445
8 636 99 158 197 143 398 312 105
13 136 564 262 174 596 638 374 96 85 398 115 404 522
9 134 128 498 530 452 118 631 505 200
13 247 38 140 381 303 484 128 436 664 195 263 638 347
10 502 144 494 154 628 234 542 97 334 544
8 498 339 203 561 516 200 84 9
12 506 185 394 229 202 237 558 556 444 544 492 688
10 46 179 175 515 510 569 186 527 108 580
12 263 147 541 699 396 121 299 141 106 232 459 111
8 474 626 208 68 461 530 47 440
12 565 661 659 595 521 129 336 134 313 644 154 37
9 534 691 567 81 49 645 348 150 404
10 89 257 193 85 103 486 564 173 4 140
9 323 60 637 688 687 147 449 349 662
13 578 484 577 95 346 570 426 670 443 338 700 175 503
11 220 106 5 512 70 694 112 98 413 560 673
10 148 189 403 696 313 193 86 8 565 14
9 235 23 13 87 284 483 255 75 121
13 111 90 577 460 232 576 343 304 484 164 474 631 493
11 530 318 697 544 260 340 695 579 451 113 126
9 350 52 44 211 480 132 283 215 258
8 275 486 40 181 656 524 527 664
9 460 455 26 156 684 105 334 696 415
10 376 400 18 674 291 17 644 588 86 479
9 128 564 445 578 275 557 298 509 448
7 435 684 562 584 290 523 682
9 678 631 661 306 1 106 47 612 405
8 2 514 515 524 264 89 668 690
14 26 42 75 266 617 214 481 184 324 111 257 570 400 63
12 697 362 700 228 37 306 345 298 363 117 624 688
10 58 394 386 636 310 554 302 659 468 516
9 606 141 272 676 541 490 567 278 398
9 264 645 588 700 201 314 678 94 289
11 77 681 364 140 95 551 634 399 250 94 262
13 624 274 205 93 110 377 475 229 153 303 356 689 643
11 453 434 306 151 678 533 232 149 694 355 51
12 54 422 506 635 275 648 661 531 311 407 530 435
9 412 155 88 390 365 678 510 289 563
11 589 487 377 667 344 229 193 609 653 358 236
13 232 527 308 137 684 538 412 141 150 4 411 615 532
8 366 300 140 253 339 658 571 625
9 328 401 191 626 130 268 397 620 48
13 622 444 249 20 640 548 148 655 184 551 35 440 668
11 422 594 687 511 104 179 590 323 62 391 535
13 111 164 477 218 601 16 479 176 409 661 637 247 128
13 471 344 339 444 99 611 89 633 580 7 313 420 62
10 47 9 319 69 235 274 564 232 320 497
13 679 117 309 651 452 122 341 582 689 211 250 432 413
7 230 352 465 170 665 429 329
10 595 440 220 323 213 264 177 306 484 18
15 429 321 406 28 568 82 564 389 382 685 298 172 174 584 105
11 115 539 55 392 541 255 175 164 181 140 629
8 527 480 106 194 658 278 51 502
13 328 518 580 672 75 444 235 392 507 59 204 146 651
10 678 417 344 20 103 461 143 83 526 40
11 311 539 575 221 213 509 496 647 263 477 541
9 221 429 446 627 384 636 249 73 160
13 125 683 34 422 335 439 341 211 375 408 658 42 156
12 512 73 504 658 127 320 64 489 424 491 616 498
12 696 80 322 586 26 225 571 277 534 555 315 194
11 690 80 339 559 83 629 194 634 131 176 417
7 477 318 103 381 374 192 239
9 96 164 335 76 595 653 681 148 298
13 480 265 408 432 42 295 288 162 411 667 34 611 66
10 358 9 460 347 443 514 42 76 17 445
7 5 208 45 147 472 417 463
11 548 126 623 44 1 294 211 605 423 29 7
12 285 117 682 345 247 479 6 621 177 357 377 376
9 595 539 516 500 30 258 114 277 259
10 339 91 262 9 463 408 269 180 398 100
11 353 585 122 601 634 219 519 206 614 697 590
8 40 431 106 536 13 452 183 485
14 205 87 66 606 603 367 321 453 230 425 487 564 539 141
9 352 680 164 315 663 80 425 351 204
13 278 34 378 348 113 422 308 357 17 193 505 187 25
12 17 605 440 143 374 12 131 300 642 269 490 21
12 667 485 266 601 162 361 632 487 76 388 497 512
13 214 83 605 518 479 279 465 636 598 93 309 351 596
7 285 72 167 223 14 588 20
10 97 128 33 411 371 173 697 237 28 386
15 649 679 596 412 619 6 132 99 581 63 9 582 462 685 111
12 147 542 356 60 347 56 116 691 102 210 554 93
11 691 131 371 461 372 490 119 681 388 214 578
15 470 432 90 292 229 359 238 433 219 627 621 319 245 294 411
9 230 409 437 699 37 278 675 424 599
12 168 141 482 114 488 5 45 30 550 613 472 401
9 81 93 22 47 625 66 372 677 57
12 430 93 610 479 446 668 249 259 563 587 281 53
9 378 520 238 313 698 127 245 64 525
8 172 502 207 48 430 45 501 70
10 259 201 345 118 520 191 699 183 324 416
12 368 149 107 463 544 142 182 589 1 24 419 676
11 301 328 551 478 16 366 390 454 172 28 537
11 309 248 678 72 515 201 650 35 90 107 28
11 193 70 340 121 368 218 168 137 169 177 1
9 456 102 480 601 61 433 452 652 485
9 426 137 678 277 503 163 512 457 474
9 475 4 617 170 349 241 19 687 681
10 500 128 494 308 105 422 630 497 125 482
12 498 461 324 168 450 86 511 258 471 211 199 275
11 160 403 212 444 613 636 671 530 129 158 682
10 505 151 470 242 56 438 176 289 302 166
13 108 84 444 616 514 167 389 448 252 221 147 115 246
14 665 353 351 385 50 55 70 521 477 272 637 232 356 27
12 22 537 372 321 592 104 461 428 675 619 447 524
13 312 301 37 632 417 673 219 8 21 379 523 543 623
8 389 544 445 59 117 589 66 164
14 325 119 391 596 309 122 202 687 605 49 82 192 255 437
13 374 22 13 604 133 474 549 614 436 297 445 272 88
10 110 240 103 210 672 348 542 553 328 663
10 57 455 67 473 364 77 108 503 391 539
14 606 249 653 409 470 451 649 145 591 286 322 66 388 337
9 366 255 141 403 389 441 329 568 313
12 147 354 113 91 104 401 341 144 412 615 676 361
9 48 4 604 482 417 451 39 107 486
12 233 589 665 184 111 85 690 651 509 107 3 375
11 382 434 391 138 638 232 151 159 284 449 407
14 361 128 545 174 224 314 637 515 64 71 281 551 297 517
11 612 598 293 186 480 357 691 161 244 609 554
13 686 646 291 388 329 530 36 87 596 262 387 75 470
10 548 144 203 616 163 274 224 41 211 149
10 635 555 344 584 651 588 586 59 444 517
7 579 522 411 287 144 147 576
9 560 500 100 275 138 483 247 466 281
12 249 14 658 205 101 119 357 198 547 616 562 332
11 26 326 288 7 338 192 93 329 470 267 240
14 228 566 48 638 552 271 376 372 399 353 168 300 589 405
10 450 380 330 20 610 72 397 382 10 113
10 640 493 416 237 221 185 535 548 573 128
14 403 542 148 267 489 300 616 548 585 604 359 344 21 252
9 573 375 590 170 286 112 71 163 4
13 218 509 70 14 305 387 12 365 20 650 237 534 694
13 503 355 43 289 518 184 150 275 103 159 672 390 421
12 448 224 464 690 168 389 47 141 290 374 241 415
11 233 674 269 500 239 532 344 534 370 87 676
12 356 591 72 213 443 109 130 173 528 18 638 184
10 505 440 481 531 97 602 179 424 620 672
9 460 670 699 101 112 349 618 246 359
10 381 108 579 453 561 262 447 644 204 295
14 74 387 482 46 1 462 236 342 562 513 505 419 539 131
8 516 387 212 282 256 600 471 86
11 155 423 251 238 243 628 470 481 659 292 65
13 352 442 141 346 76 332 236 337 111 185 652 163 226
8 100 369 474 130 313 127 677 460
12 555 78 158 294 201 655 553 638 599 417 424 654
11 171 84 399 205 624 635 278 189 689 607 282
9 247 478 262 94 452 302 462 229 47
12 335 371 523 31 203 305 592 286 425 190 33 667
10 504 588 414 378 200 607 331 104 505 141
11 241 546 624 31 440 351 282 49 200 99 6
8 188 464 396 538 74 318 653 195
11 463 432 32 583 64 642 547 279 301 238 212
10 591 4 516 588 394 700 347 352 119 295
10 133 635 456 119 15 199 607 151 643 517
12 700 314 216 605 308 602 326 468 55 540 185 546
13 185 700 443 433 568 543 453 488 536 666 627 258 238
15 695 169 615 524 700 200 120 509 380 360 204 166 240 584 585
11 401 86 237 41 534 225 238 579 578 172 100
13 502 200 192 105 12 505 670 449 640 474 147 283 129
9 236 88 46 584 130 26 54 671 256
8 34 285 385 470 167 432 410 398
10 299 381 690 342 448 187 463 35 694 688
9 374 660 339 631 183 412 677 359 576
10 247 541 388 225 131 154 337 646 335 75
10 138 489 434 101 85 647 177 154 150 34
12 658 581 167 463 81 202 637 589 632 690 146 26
11 375 213 337 160 32 90 190 613 381 561 466
11 460 698 620 216 498 670 674 261 27 238 191
8 55 445 213 150 401 341 66 546
11 235 200 618 159 65 653 671 491 382 435 455
13 360 132 333 300 535 456 335 447 514 274 348 460 330
13 350 667 187 649 404 190 694 514 268 338 396 480 118
11 76 174 621 491 84 138 303 559 610 427 385
9 315 260 699 78 365 645 674 243 335
12 601 149 68 93 690 487 548 363 364 369 546 75
12 63 6 604 39 107 550 390 474 7 157 451 148
13 592 666 138 374 316 565 146 568 210 634 77 436 152
9 436 263 466 172 24 137 461 486 507
10 71 400 512 570 700 491 229 697 70 484
9 447 314 667 49 338 228 592 307 573
10 93 653 108 334 227 673 99 248 115 565
11 325 352 182 485 183 265 570 236 419 479 179
10 596 391 548 534 285 42 173 239 464 501
9 306 319 389 181 379 278 178 432 198
14 585 551 150 399 355 51 142 69 507 660 351 188 554 220
10 99 161 265 614 500 635 610 310 564 293
11 122 300 634 222 398 455 532 349 439 358 445
10 75 90 152 282 551 546 491 7 622 431
12 58 26 657 491 548 159 40 514 92 648 78 228
14 399 606 678 94 411 5 677 685 241 537 638 473 60 247
11 102 329 590 562 214 390 434 676 337 656 57
9 581 363 472 83 137 215 47 480 559
12 36 316 27 429 625 142 459 666 671 418 166 352
15 142 514 455 231 183 542 208 537 187 241 162 411 440 636 288
10 461 608 171 515 439 241 603 420 203 518
9 221 410 642 202 309 575 204 214 423
12 254 170 483 137 285 691 583 526 143 292 491 700
10 316 383 310 596 558 261 614 19 678 9
14 64 349 183 498 656 359 147 221 40 492 55 92 673 412
7 57 260 484 75 11 160 172
12 339 217 127 471 235 658 503 102 6 118 602 428
12 605 202 512 211 331 64 509 9 200 634 409 506
11 461 129 377 479 102 380 444 197 86 216 338
11 500 107 151 370 526 669 134 464 204 698 50
14 371 242 84 375 18 65 539 269 109 126 505 115 188 693
15 91 26 422 126 379 526 40 539 286 138 228 67 437 15 190
9 488 130 276 81 122 177 665 40 447
11 440 572 243 95 151 506 349 363 155 1 390
13 32 664 434 686 19 37 696 650 47 425 71 274 577
13 44 232 433 58 543 140 641 17 539 345 288 672 273
11 641 377 258 104 36 313 396 445 603 57 614
14 169 554 69 197 200 614 85 339 662 387 643 593 331 520
8 242 61 458 306 149 282 132 663
14 153 268 688 446 189 356 423 226 114 116 58 541 207 434
13 485 223 313 23 530 509 551 478 566 539 650 8 466
12 535 222 335 285 662 14 244 559 292 229 96 553
8 513 97 266 427 268 385 248 555
10 84 410 369 448 238 4 551 144 93 468
9 471 270 161 175 527 171 244 565 48
12 483 549 247 606 47 395 651 477 234 613 521 654
11 645 297 292 260 202 257 678 508 203 602 456
11 464 378 147 69 323 130 294 624 405 322 118
13 492 546 323 355 552 375 201 110 496 112 361 9 357
13 574 159 383 567 394 577 142 52 389 100 95 553 286
12 247 443 382 392 20 254 42 51 171 286 506 96
10 446 258 222 501 475 579 698 264 223 246
8 558 355 254 523 154 423 283 264
14 330 140 98 572 311 180 483 439 696 350 27 255 499 404
12 538 273 617 420 70 628 358 22 17 69 195 252
12 580 235 530 504 449 447 395 485 433 656 588 554
14 608 300 139 6 525 387 616 73 136 507 381 666 353 362
9 124 26 281 447 548 539 91 642 1
10 111 150 535 63 323 307 383 284 699 313
12 645 519 433 106 406 91 324 664 538 53 70 362
10 399 255 39 558 247 458 557 148 222 510
11 63 626 513 394 375 499 323 385 78 565 468
11 464 194 32 682 442 220 518 114 260 192 233
11 437 611 217 373 590 477 272 577 39 514 401
8 514 683 262 509 140 694 684 65
12 38 402 185 639 324 561 59 448 239 346 544 496
9 404 665 516 165 654 632 181 255 285
12 352 372 446 351 439 83 471 203 134 78 188 336
7 492 540 298 400 462 695 534
9 519 588 384 447 313 401 431 297 405
12 493 11 189 73 544 201 141 132 208 652 656 41
11 253 476 434 271 98 321 45 436 462 62 66
13 90 177 689 382 276 629 368 33 214 69 303 608 671
11 608 350 685 17 661 662 152 394 21 635 255
12 666 684 201 488 217 612 354 485 5 189 663 265
11 47 678 359 590 440 673 91 56 429 530 272
9 678 159 163 453 408 36 671 32 345
11 501 619 212 374 438 316 73 262 241 547 101
10 344 593 228 254 67 325 83 220 490 336
9 365 174 267 46 363 82 274 508 566
12 348 100 539 302 109 598 169 340 344 563 569 468
13 235 682 135 350 264 151 312 154 35 614 496 143 66
14 593 502 419 243 132 97 322 389 133 534 482 355 413 252
9 651 288 111 57 593 376 133 65 196
13 652 292 205 698 339 646 66 325 246 374 196 696 224
9 393 268 441 287 55 604 37 373 481
11 158 418 345 115 521 81 39 481 372 14 393
10 431 605 596 304 620 133 248 226 658 407
10 423 196 431 667 177 440 670 80 105 119
11 475 312 410 58 602 176 27 301 315 279 682
11 392 690 513 665 119 469 266 617 574 523 350
13 627 575 421 607 564 592 345 288 488 658 451 236 118
8 195 546 575 327 560 153 439 404
10 312 270 45 377 208 386 247 286 206 528
13 472 694 211 142 635 349 584 311 109 693 307 99 117
11 676 518 122 313 598 48 36 73 585 153 623
10 349 165 538 450 28 175 78 160 582 197
13 99 80 373 284 255 174 116 587 272 325 538 444 11
14 144 424 351 219 230 425 128 318 330 266 88 125 592 406
11 635 423 661 386 398 63 560 195 500 60 563
13 310 33 478 584 444 361 10 407 137 636 377 17 520
15 203 476 371 322 305 543 274 172 390 462 692 207 502 649 247
8 374 425 72 88 289 664 215 197
10 153 599 525 557 681 52 150 548 517 172
10 689 160 93 356 497 662 140 175 481 622
9 555 130 535 101 168 46 678 28 289
12 280 112 327 565 539 356 276 683 80 45 435 30
13 443 94 640 573 277 675 21 521 666 653 363 201 490
12 378 92 151 129 79 135 98 238 434 279 220 249
15 39 646 630 340 99 38 444 18 359 33 664 284 250 115 439
10 386 78 342 352 63 481 516 557 225 35
10 437 561 151 360 398 389 659 135 455 585
12 450 189 451 624 193 429 488 342 164 592 63 170
12 558 285 597 195 417 90 277 351 684 478 424 315
12 480 153 638 206 456 65 493 268 318 92 210 457
12 461 690 603 207 235 304 682 137 476 22 548 237
8 594 92 535 484 458 163 584 628
12 127 126 360 124 51 92 459 180 174 677 519 108
13 204 372 380 151 491 643 442 612 499 443 176 683 29
12 504 202 393 522 640 137 481 103 175 546 665 215
13 484 275 118 399 590 607 262 434 294 370 224 680 276
9 356 5 671 585 268 130 2 502 415
14 413 520 516 344 399 626 19 596 104 184 594 681 556 409
9 300 149 301 631 39 84 147 663 584
12 524 39 295 120 80 106 409 81 334 512 274 319
12 650 71 642 245 675 503 76 518 278 697 235 39
13 274 289 273 178 347 463 351 629 404 365 98 44 309
8 161 56 36 381 526 51 337 233
12 411 168 664 507 111 649 194 538 412 589 35 302
13 359 41 283 298 37 632 424 476 530 190 384 228 389
12 332 681 328 39 284 424 688 126 325 385 121 487
12 330 402 562 566 447 222 473 121 349 194 274 524
12 590 396 593 548 527 606 531 113 689 115 443 434
9 207 576 548 408 594 184 669 423 509
10 46 661 584 645 278 587 222 337 103 561
11 208 125 24 155 581 255 602 31 156 623 117
10 688 31 179 189 207 22 110 79 240 365
15 108 215 248 146 591 15 210 648 27 442 516 438 59 274 626
13 275 66 197 407 125 328 654 467 47 210 689 368 58
11 368 443 38 478 27 636 245 360 253 302 237
9 216 387 89 302 178 172 579 356 122
8 120 412 134 386 153 337 282 288
11 92 639 494 392 555 164 383 656 464 54 133
12 460 678 139 464 79 134 260 75 479 284 430 625
11 148 229 691 692 144 63 555 382 452 618 344
10 692 105 149 218 696 326 465 581 43 138
13 346 429 193 85 66 451 393 30 330 331 218 252 295
11 41 101 17 113 57 81 165 452 305 60 176
11 45 440 603 141 199 608 677 244 462 610 563
10 385 691 68 356 615 597 94 132 648 126
10 102 260 104 508 17 122 394 665 627 216
10 657 631 26 362 589 552 656 290 477 124
10 47 240 646 649 181 293 430 617 231 366
11 168 128 482 65 664 593 417 219 649 71 621
9 133 574 230 188 637 152 401 404 684
9 577 454 448 436 21 578 616 355 169
13 411 346 169 655 262 563 440 114 682 623 40 687 557
11 178 336 541 589 296 303 76 308 316 592 380
8 518 63 54 97 466 100 671 357
9 190 118 608 565 580 400 544 632 492
7 115 351 204 501 534 136 309
13 466 161 91 539 109 556 630 140 343 177 357 159 73
12 55 452 693 682 236 353 161 613 319 437 64 355
13 555 329 345 597 621 595 557 473 585 566 463 630 204
12 540 405 337 466 12 358 25 452 123 548 335 1
8 386 109 422 597 461 388 168 510
14 352 697 37 549 59 3 494 574 463 300 113 466 32 293
12 202 158 461 23 502 378 274 109 361 443 260 62
12 455 90 685 651 103 398 125 598 600 640 78 505
9 17 340 241 70 691 535 685 512 482
11 482 276 161 580 245 660 489 104 428 495 352
10 45 176 288 274 259 42 178 678 353 589
11 408 173 480 306 426 53 692 39 131 683 484
10 350 53 657 345 227 587 171 631 219 348
10 590 587 559 514 440 355 429 530 328 617
10 204 107 221 532 526 470 616 498 174 598
13 333 29 181 108 267 660 590 501 546 201 215 681 675
11 154 491 279 467 124 67 484 347 296 375 231
8 406 349 686 608 200 556 492 515
9 150 367 597 69 380 294 586 515 589
9 416 625 679 699 254 297 429 443 62
10 556 647 157 698 590 143 382 332 517 376
11 170 552 605 214 444 446 607 375 112 263 671
11 535 123 598 629 647 265 595 34 438 120 536
8 33 70 695 445 47 48 66 535
12 3 637 443 96 39 311 545 536 498 288 407 486
10 229 617 75 493 313 385 547 145 405 187
9 293 540 477 323 216 486 439 535 513
10 621 490 297 425 137 388 238 402 55 533
11 339 611 451 191 663 335 193 289 313 588 345
10 412 578 575 242 681 261 168 421 83 215
11 5 547 190 26 459 319 76 351 81 52 622
8 110 90 23 26 182 58 671 672
9 50 302 66 245 243 501 283 564 317
13 567 615 195 510 193 668 445 251 133 134 172 61 235
10 242 92 41 525 442 322 599 648 374 240
11 11 583 234 31 285 591 201 346 631 483 320
12 311 578 627 671 335 79 271 530 8 225 18 677
8 412 324 195 311 151 219 417 684
11 478 285 279 573 146 93 684 83 135 680 416
9 398 243 328 546 617 413 585 116 586
12 36 34 407 559 471 679 681 623 95 90 566 687
13 87 504 189 446 78 464 68 619 256 226 385 628 92
12 20 562 678 495 638 693 176 281 19 517 4 336
13 304 345 498 267 79 540 6 493 226 664 351 50 21
12 125 288 1 278 643 48 23 498 109 255 175 609
12 529 345 215 458 15 626 605 423 89 617 294 159
12 86 49 301 451 303 371 432 488 177 70 650 386
11 266 105 33 662 245 568 673 658 618 443 69
11 296 244 285 516 209 510 72 202 632 236 613
10 654 688 588 635 264 92 619 502 424 366
11 323 153 658 103 655 306 267 18 699 175 34
11 190 625 88 199 585 635 650 574 471 688 112
10 248 666 198 533 104 234 27 557 55 134
10 700 179 45 74 236 475 388 197 535 538
9 633 624 61 94 123 43 462 196 225
15 194 598 377 415 301 500 53 402 362 569 513 232 435 108 593
13 125 293 140 74 89 606 319 302 210 65 541 359 684
14 375 485 81 108 671 361 197 135 178 464 91 513 534 2
14 669 333 604 341 122 49 395 28 636 403 92 328 286 273
9 118 67 37 598 339 156 653 172 167
9 153 489 105 183 130 390 642 665 352
9 354 588 34 572 26 266 410 501 602
12 611 283 612 326 421 606 176 648 286 602 308 682
12 438 62 147 696 75 279 465 254 529 384 18 686
11 411 391 232 584 322 605 665 212 545 379 214
15 498 21 560 653 275 629 250 602 195 545 489 223 669 288 59
13 228 315 163 43 388 341 233 699 415 149 582 418 161
11 226 558 276 97 601 452 441 313 180 666 163
11 651 660 60 396 165 240 536 555 521 241 609
10 3 306 162 577 235 131 556 432 550 238
13 527 134 173 47 98 443 235 502 1 148 399 642 267
14 177 377 311 525 298 614 546 188 213 257 70 23 520 574
9 453 588 147 54 22 100 273 520 220
14 695 614 271 369 674 185 565 462 50 345 567 573 564 310
12 697 74 231 468 201 699 64 1 661 131 164 235
12 642 269 628 252 537 53 223 661 86 154 66 307
12 100 80 340 335 221 501 372 253 124 401 328 233
10 666 122 502 534 319 238 439 72 592 69
12 105 491 484 647 29 253 114 274 90 3 306 190
9 538 75 407 456 603 651 344 229 508
14 189 318 240 1 680 344 418 629 134 426 607 405 180 317
11 307 167 469 35 217 403 211 319 18 355 453
15 492 419 130 502 668 225 192 547 412 629 118 208 123 601 150
15 362 52 90 60 686 42 537 472 693 488 216 372 481 639 177
9 300 216 540 315 565 228 269 223 138
10 176 460 524 353 188 86 73 298 122 504
13 334 611 384 145 547 560 94 232 359 260 328 91 404
11 278 678 151 288 32 566 524 301 415 573 263
10 231 48 225 256 681 143 30 203 6 234
13 277 687 403 626 243 441 255 429 651 115 189 234 72
11 274 31 343 23 46 81 33 547 606 378 354
14 514 68 498 583 524 203 494 40 485 315 193 390 467 336
7 541 403 34 136 267 251 228
14 630 350 603 136 674 367 330 199 195 179 333 114 421 688
9 474 567 452 574 173 209 212 147 468
8 120 488 560 247 156 646 242 119
11 599 117 209 266 358 632 686 38 643 672 120
9 556 49 303 405 586 513 351 139 378
13 294 128 126 148 531 362 291 415 181 666 364 576 541
8 541 387 147 515 301 46 222 555
13 291 86 555 676 113 627 192 346 107 449 279 700 602
10 444 96 267 69 470 87 220 166 53 409
12 543 428 96 190 163 115 200 455 328 344 336 135
12 338 199 262 627 297 154 540 533 399 2 125 323
10 2 459 27 522 416 225 495 142 480 613
14 106 319 540 545 245 392 205 204 605 185 430 637 150 382
10 180 631 413 183 50 123 205 45 107 10
11 26 539 642 285 205 632 114 355 651 465 662
11 428 27 693 4 35 434 562 301 490 460 236
13 596 117 603 626 15 535 282 31 446 621 150 26 119
10 573 590 684 501 695 303 34 491 67 563
12 31 587 659 161 367 480 570 21 475 39 539 620
13 280 448 180 464 273 681 673 5 586 648 675 134 278
11 106 92 276 582 83 606 440 647 29 683 417
11 297 362 451 554 264 541 479 540 25 349 466
13 366 514 29 237 122 1 513 168 603 471 297 669 670
12 554 201 357 561 630 255 45 130 27 192 66 558
9 10 668 328 240 317 441 650 89 410
8 499 604 359 14 569 167 577 403
12 323 53 116 539 685 236 135 608 437 33 531 41
15 489 566 327 381 515 560 431 507 295 594 497 279 310 378 265
7 402 238 591 255 361 615 523
10 360 431 684 346 352 482 564 568 506 56
10 215 146 166 576 210 244 82 109 634 337
13 536 179 572 661 62 395 31 332 50 540 524 391 185
8 246 448 103 523 656 51 432 435
9 317 41 2 411 307 475 200 537 647
11 475 386 514 14 538 457 138 670 340 578 345
11 368 34 354 592 139 129 586 218 19 293 62
8 458 592 307 133 679 511 385 251
11 528 111 137 48 599 56 525 657 32 629 276
9 154 411 65 220 410 48 358 658 321
7 234 673 667 123 658 352 300
10 115 288 440 644 40 231 222 521 388 697
13 131 427 67 65 509 80 3 189 16 328 429 672 112
9 62 676 624 488 425 145 159 269 6
11 670 95 452 442 89 19 194 543 136 324 40
13 383 651 603 272 584 457 227 480 392 78 350 18 551
7 98 73 112 683 585 105 617
9 586 86 686 437 19 604 409 361 329
11 189 652 588 496 302 4 551 111 690 188 497
12 566 376 683 84 260 599 490 413 393 645 383 653
11 439 503 526 218 631 524 245 216 432 130 462
13 493 660 441 301 446 528 169 181 671 662 314 16 624
8 481 184 668 125 332 183 378 374
10 391 630 127 259 653 243 333 292 207 201
12 96 550 663 247 169 148 190 216 666 180 297 464
13 253 631 308 63 14 179 529 156 617 403 41 370 257
13 373 380 546 519 37 488 582 222 610 564 67 80 226
12 342 566 538 551 139 628 137 454 525 14 298 412
10 595 538 505 467 675 101 556 141 222 462
8 615 17 481 480 376 629 92 441
9 6 243 98 690 660 207 445 468 160
10 469 526 151 264 165 670 50 106 425 237
9 264 481 426 308 499 25 429 433 207
15 413 597 165 254 244 151 205 292 684 648 114 593 29 34 301
10 500 498 329 112 53 290 588 341 351 321
13 91 659 289 507 644 591 469 62 532 415 578 51 495
13 620 153 604 664 93 236 640 248 211 662 456 452 260
14 189 443 580 415 698 283 121 369 166 532 464 219 141 320
12 80 369 168 531 42 667 164 248 555 423 493 128
11 618 575 172 351 562 657 419 117 125 34 244
11 145 588 577 361 248 212 316 261 461 699 430
11 316 318 293 184 328 135 603 647 624 360 535
13 459 666 408 119 430 510 444 448 456 499 606 279 623
12 385 499 234 53 72 516 89 335 316 437 243 523
13 219 481 424 236 231 208 385 174 142 620 82 194 278
10 454 431 608 383 296 459 179 294 436 31
9 73 533 326 222 380 339 477 667 613
10 20 497 661 529 535 78 486 191 265 632
12 190 392 199 390 393 585 676 365 550 317 370 641
9 321 588 139 308 594 571 509 101 518
10 252 562 111 296 276 12 350 281 80 322
10 612 236 462 361 41 599 551 655 23 1
9 327 240 34 91 338 550 319 323 426
15 673 99 399 11 348 401 78 70 277 362 667 136 664 355 95
13 416 459 519 125 658 527 348 187 697 455 334 205 623
13 183 466 562 601 234 232 611 126 71 314 242 1 181
12 71 207 539 172 662 89 666 349 645 323 546 265
8 120 326 70 158 428 341 532 300
11 690 466 363 12 348 398 143 622 687 276 485
10 64 4 149 672 504 12 367 2 71 210
12 535 50 387 412 574 402 540 129 357 468 487 326
13 276 37 100 398 317 444 179 483 684 95 522 691 419
10 134 261 281 507 612 137 357 600 200 433
9 48 170 564 337 573 165 191 57 492
14 452 53 124 209 501 449 658 538 350 575 637 38 131 341
8 560 668 646 581 199 84 349 286
10 454 446 419 622 494 477 321 427 425 647
9 371 226 491 668 644 575 638 302 318
14 215 273 566 128 406 518 324 539 188 421 561 586 313 336
14 452 377 318 186 416 279 235 24 83 351 185 583 614 368
15 696 599 679 441 397 337 64 413 496 638 486 42 475 263 595
9 584 221 593 613 289 153 640 50 414
14 31 524 469 182 254 518 417 66 343 176 513 35 166 87
14 500 243 342 240 309 468 646 589 575 300 242 45 425 697
13 465 351 568 515 306 15 315 267 54 118 70 439 677
11 674 10 340 504 111 557 80 615 78 515 691
10 558 176 76 429 215 207 6 682 191 473
10 125 93 598 631 576 345 382 233 374 510
13 173 235 484 90 500 640 660 359 473 504 655 213 580
10 98 645 359 77 526 40 284 14 540 552
11 17 532 409 231 225 562 270 649 177 560 352
8 226 297 159 393 310 107 680 280
11 191 582 195 692 292 291 426 211 626 500 672
11 360 66 594 680 270 689 40 225 180 624 692
14 209 254 521 219 296 524 271 32 258 214 496 470 292 187
8 36 181 358 668 152 108 460 57
11 103 514 475 592 333 339 199 700 153 411 46
10 628 372 61 338 552 332 207 608 666 250
12 214 445 264 461 458 123 54 130 591 465 511 678
10 18 439 206 26 692 370 468 503 388 351
14 241 571 358 439 161 532 398 196 167 126 582 635 236 575
12 177 625 231 376 646 379 408 319 81 62 232 1
11 442 67 241 88 184 196 600 383 421 589 648
14 323 63 86 265 491 638 681 454 406 4 578 193 81 21
10 362 583 346 561 59 240 436 69 656 32
13 260 700 93 282 475 390 334 400 299 77 503 143 283
14 81 443 544 118 74 224 601 147 3 519 635 671 319 205
7 482 76 73 336 643 240 43
11 148 138 143 141 68 20 219 686 202 238 9
11 279 468 195 664 451 607 31 153 343 588 485
10 102 385 155 157 235 224 600 319 202 283
10 502 111 263 173 378 102 533 279 496 543
8 319 84 589 621 85 435 391 373
12 231 415 553 404 547 22 525 37 428 340 125 1
10 290 603 84 544 427 614 188 511 584 215
14 556 245 517 29 552 258 118 429 461 223 410 185 578 431
10 576 624 317 341 235 225 649 553 40 348
9 445 333 394 302 641 562 560 698 101
12 176 43 536 114 371 443 532 64 249 412 77 406
12 645 97 192 232 395 494 54 314 267 135 604 256
12 23 673 42 411 510 80 374 404 63 309 265 634
14 241 605 465 404 122 560 624 650 13 67 92 528 600 431
9 534 150 12 585 532 142 39 151 146
10 606 373 437 25 389 223 569 183 378 76
14 331 63 393 2 30 572 343 371 522 421 313 567 434 168
11 661 217 9 311 353 325 293 144 645 313 617
11 693 485 211 298 304 564 483 648 246 39 318
11 18 136 396 505 53 661 656 501 677 290 529
9 619 448 320 124 699 121 340 502 252
13 139 420 462 568 595 583 206 497 105 398 164 295 72
11 169 299 132 100 199 423 29 402 525 413 181
8 103 558 680 26 654 275 377 497
9 330 258 629 627 246 190 556 505 261
12 209 682 163 173 279 43 478 449 351 430 369 217
9 440 7 220 132 113 335 353 500 402
10 538 147 537 509 225 4 673 447 441 502
12 299 274 210 400 591 386 303 442 83 506 350 293
14 632 44 550 396 473 478 376 446 303 16 692 224 164 530
11 363 271 20 542 121 529 698 555 690 200 687
12 593 590 169 210 163 509 193 469 494 355 89 650
13 91 11 483 248 426 453 618 226 215 657 392 668 313
11 317 668 34 643 67 201 400 319 205 53 576
10 561 410 394 599 505 343 642 612 569 560
9 602 298 517 529 237 317 375 679 130
8 436 256 246 529 459 395 210 685
13 246 366 370 290 413 586 117 324 441 616 184 468 207
9 158 449 640 215 318 160 587 137 595
11 663 12 84 390 28 23 176 8 252 594 561
8 98 2 620 321 237 373 348 417
15 78 150 679 141 56 181 199 175 672 245 632 101 697 235 301
12 540 202 301 365 628 574 646 88 69 111 637 638
13 263 140 508 659 329 116 192 542 514 59 37 459 627
13 358 449 450 683 190 474 440 305 19 661 591 406 201
10 371 368 272 377 251 206 547 420 201 439
10 665 198 652 66 288 16 241 579 216 329
11 468 190 183 418 629 270 14 691 407 172 89
11 7 427 545 82 690 655 350 73 413 358 488
7 415 525 313 489 270 377 546
14 454 15 233 421 487 628 468 187 205 215 46 440 346 2
11 310 40 278 472 584 604 635 172 404 150 672
10 481 663 379 681 13 530 68 252 241 273
14 159 659 34 413 437 43 696 28 568 594 418 497 84 401
13 261 648 123 68 231 390 424 465 493 637 450 243 89
14 195 20 33 342 658 208 657 422 272 143 563 504 162 341
14 474 583 346 464 692 493 44 70 559 514 525 67 630 423
13 585 179 639 231 58 645 221 664 237 234 612 631 309
11 447 526 356 197 645 25 696 525 230 9 59
13 190 313 79 137 165 602 413 201 122 304 491 665 568
11 262 591 529 670 279 113 225 73 615 162 87
9 225 132 432 254 118 532 151 90 18
13 642 422 341 329 385 644 116 41 100 515 627 576 439
10 114 436 26 659 205 367 611 67 413 186
10 474 253 438 574 386 527 422 597 405 235
9 666 148 517 123 373 164 606 338 683
13 336 356 366 262 668 678 597 13 103 608 209 486 453
11 382 229 586 559 245 183 98 258 632 480 465
12 604 295 442 451 661 473 70 109 189 501 651 263
11 31 281 660 86 497 82 252 484 511 10 550
10 279 678 467 611 324 397 31 697 638 198
11 472 603 161 489 547 647 452 72 173 207 476
11 695 175 423 417 400 435 350 488 447 210 520
12 5 410 688 44 679 496 626 487 486 8 57 561
13 569 577 138 642 239 421 650 570 362 237 54 341 119
12 224 531 618 261 186 176 345 532 598 655 662 474
10 559 487 107 414 317 654 527 60 325 302
7 691 334 145 209 431 627 191
9 506 533 248 609 263 258 677 602 613
10 70 11 290 246 319 254 95 214 105 523
10 680 137 341 585 281 95 223 628 284 198
12 426 72 218 655 39 17 140 568 524 26 617 134
10 231 110 49 581 579 392 175 358 504 609
7 112 534 442 349 164 148 510
12 298 219 265 205 589 609 11 658 452 31 18 139
13 595 408 504 562 18 561 672 696 387 300 633 139 105
13 424 498 95 152 592 468 433 141 627 47 548 279 696
14 170 9 472 658 22 79 580 39 468 644 410 207 18 222
12 117 326 668 473 554 317 461 575 446 161 574 533
10 655 79 28 626 401 192 650 293 165 228
10 116 416 569 640 473 597 557 626 128 38
11 92 41 461 608 294 454 141 74 551 192 617
11 175 661 29 452 320 669 35 394 499 210 425
10 294 149 366 69 218 646 97 423 431 308
11 40 475 666 251 597 209 331 642 198 487 172
8 47 606 475 476 121 80 105 574
10 122 596 699 432 200 363 243 23 639 311
8 129 609 94 58 389 16 11 627
11 452 125 503 70 65 651 506 687 487 582 676
10 40 87 682 326 283 654 143 25 660 10
13 270 117 630 39 529 472 413 462 677 319 626 199 190
10 619 660 246 1 578 531 290 248 603 232
15 307 316 120 53 314 366 265 364 286 7 197 452 126 303 330
12 356 642 443 301 81 459 277 216 645 5 134 585
11 453 39 301 625 71 222 518 290 409 328 189
11 650 609 292 458 217 478 305 151 149 605 197
13 312 479 659 197 495 204 573 551 127 155 531 220 103
13 114 409 407 364 410 562 205 175 672 65 273 33 557
9 164 304 501 323 587 45 660 135 213
