2000 100 10
18 72 45 4 6 58 54 85 25 93 78 80 75 35 69 76 26 97 22
15 52 2 19 23 8 43 27 78 20 4 91 1 77 14 34
19 51 17 74 23 43 30 94 100 8 50 52 64 96 85 25 81 22 60 40
18 47 14 96 70 73 83 33 20 35 93 40 49 29 15 32 37 34 46
17 89 13 33 68 87 78 76 60 6 26 69 47 82 50 55 74 99
14 61 55 34 31 85 99 54 32 69 45 36 77 100 43
17 77 48 42 71 28 49 18 20 10 67 82 6 44 96 23 41 2
16 23 17 73 25 77 50 81 100 96 52 55 86 21 16 7 12
18 75 4 30 3 13 2 95 51 70 77 1 84 22 97 44 90 43 64
17 33 55 4 62 81 14 63 84 31 59 51 53 2 74 10 97 83
18 30 38 76 61 66 68 17 4 46 21 12 56 20 19 22 70 48 7
16 68 10 5 42 7 31 65 70 45 84 74 95 94 53 39 16
13 4 45 83 11 66 86 26 64 97 52 28 62 10
15 48 77 40 100 4 98 6 78 61 59 91 65 67 28 2
15 60 2 21 12 73 55 79 43 8 68 84 23 40 91 3
17 16 53 55 63 96 68 81 34 3 60 46 67 77 62 86 48 89
14 54 93 26 79 82 14 87 96 34 48 84 58 29 42
14 62 58 3 32 64 93 82 94 20 22 92 15 10 96
15 77 31 70 66 23 89 49 83 41 80 43 13 27 68 9
20 62 24 71 73 37 7 83 81 82 20 17 11 58 60 26 36 35 9 1 3
17 51 55 46 96 40 30 50 53 77 90 62 38 17 71 56 24 95
14 96 33 74 14 57 48 93 12 89 65 44 100 87 13
16 91 69 11 92 51 96 13 27 71 35 59 38 62 54 86 60
17 89 97 90 92 33 59 69 75 56 86 93 36 71 4 60 21 84
18 54 65 38 84 10 7 82 70 4 86 9 53 76 23 79 5 97 17
13 15 41 98 12 10 2 95 36 16 20 96 85 71
17 98 11 43 64 7 47 59 9 73 40 63 68 51 32 38 91 34
15 31 5 9 99 76 60 35 100 68 87 41 72 67 1 51
16 51 38 3 89 48 30 1 8 54 75 94 64 98 4 65 34
16 47 77 40 35 82 81 10 24 12 49 98 86 20 16 7 67
17 36 87 42 56 78 22 82 74 3 90 75 10 49 47 58 43 99
16 39 83 21 58 92 85 34 49 23 73 35 3 97 84 79 75
17 81 5 77 65 10 6 30 4 61 48 14 50 7 74 100 96 72
15 33 63 95 47 18 51 35 88 32 36 6 72 50 97 93
14 4 47 62 11 63 27 60 46 100 77 28 52 24 12
17 37 24 6 35 73 42 31 57 63 90 13 12 48 41 27 19 60
18 75 62 63 25 15 56 20 35 8 82 28 36 74 45 43 52 80 92
15 71 92 69 82 49 6 50 37 10 55 3 85 31 24 87
16 66 87 17 69 1 14 47 25 21 85 83 42 11 15 46 2
17 22 5 75 53 70 31 23 16 60 99 89 44 49 72 33 63 85
18 87 76 89 28 40 58 54 13 84 59 41 99 39 83 57 45 3 81
15 86 26 8 98 14 97 91 96 42 57 12 84 48 52 15
15 39 30 40 56 11 13 74 53 45 47 9 85 79 18 5
15 24 46 22 23 12 9 49 59 75 14 39 20 78 42 5
16 42 49 24 93 72 25 41 85 48 67 55 91 83 95 9 75
18 38 2 4 75 13 74 31 78 59 98 37 28 35 73 94 9 58 27
16 84 26 18 67 79 16 41 58 65 49 81 96 7 46 12 60
18 74 29 10 78 97 93 8 37 20 41 51 47 53 24 32 38 35 4
17 32 22 1 49 90 66 35 52 16 18 75 4 71 68 13 24 87
16 65 23 67 74 84 26 66 100 20 8 94 61 35 50 77 14
14 92 46 23 76 80 20 10 47 96 98 56 51 43 26
16 49 25 84 39 80 7 99 29 1 38 35 93 41 59 81 69
16 38 12 15 11 76 19 69 39 88 7 29 79 36 46 52 40
14 24 22 82 67 100 34 15 60 14 87 98 16 95 76
14 60 8 86 5 96 47 65 29 66 74 79 6 89 10
15 91 82 73 24 42 15 75 16 9 14 80 29 97 85 2
14 57 2 56 26 10 65 67 4 39 54 33 90 82 83
17 51 64 49 73 71 13 24 35 55 41 54 95 99 92 31 58 89
14 11 10 20 34 26 31 13 19 3 43 83 81 45 61
18 46 60 71 92 49 67 86 2 14 62 10 33 7 15 85 96 13 52
15 78 60 27 87 82 84 33 48 88 89 4 20 68 9 2
15 68 60 76 73 52 98 55 41 16 88 75 83 24 37 9
16 49 33 78 18 62 58 88 85 39 71 100 75 73 25 72 16
18 7 85 62 57 39 41 63 12 46 16 34 6 48 64 28 69 21 4
17 47 43 32 14 76 11 80 20 12 71 30 68 56 75 97 13 74
16 62 43 17 91 87 81 14 38 80 66 90 41 64 33 54 40
15 32 76 96 50 21 25 2 5 15 68 47 77 34 42 67
14 92 45 86 15 27 90 12 53 84 68 66 80 93 23
15 46 100 95 72 41 97 61 18 75 47 63 76 56 89 66
16 53 58 56 91 40 76 8 21 27 69 25 10 47 57 81 59
16 76 60 22 43 6 16 95 94 69 99 44 88 65 32 64 38
16 16 18 81 72 52 26 68 75 19 31 58 91 64 83 28 49
17 83 3 28 80 91 73 69 32 29 79 68 49 53 64 65 4 19
13 39 61 85 56 60 2 12 47 66 97 75 90 96
17 81 57 98 26 16 52 92 1 5 7 89 42 35 22 44 85 83
15 90 93 9 100 92 76 75 11 87 67 53 23 31 83 30
16 48 89 13 1 68 44 88 32 58 41 70 62 24 57 30 33
17 75 72 73 64 90 40 41 49 15 22 96 35 12 89 53 62 65
17 93 37 64 8 9 56 63 32 71 75 45 66 100 17 40 54 96
18 70 17 6 65 13 39 20 80 67 88 27 8 34 69 42 40 30 16
17 1 52 53 62 63 87 16 3 41 18 33 69 78 26 4 5 57
17 10 35 15 77 74 8 89 71 87 69 13 64 92 22 9 84 2
17 6 3 21 65 18 5 34 86 17 33 77 93 49 26 71 15 72
16 19 27 56 73 34 97 76 57 47 80 81 62 8 22 31 75
15 57 34 43 22 98 82 60 10 83 89 29 2 9 59 80
17 44 15 43 14 98 39 2 53 64 67 83 28 25 89 45 40 35
17 2 93 44 68 50 6 18 94 51 3 55 65 1 16 59 47 34
15 12 54 99 21 16 52 71 95 79 57 93 5 70 2 4
14 40 97 39 28 69 72 41 80 77 92 62 85 65 7
16 90 62 7 2 65 45 89 48 40 36 37 68 56 99 97 55
16 88 38 10 63 28 83 89 7 1 6 16 26 8 39 42 19
18 93 14 94 32 85 45 35 38 39 78 74 92 29 6 61 4 59 51
17 5 60 63 49 10 12 58 85 61 29 32 22 41 65 59 8 16
15 1 9 86 63 55 46 48 23 75 14 73 16 93 98 69
14 36 71 25 18 93 61 59 35 19 85 10 33 17 30
14 38 64 67 35 17 33 93 2 97 15 52 31 27 42
16 62 73 66 47 95 43 74 72 1 94 40 48 77 81 46 5
17 71 62 6 36 5 87 30 3 9 82 14 4 72 43 78 7 79
15 42 51 83 99 88 95 75 79 81 49 59 27 31 100 64
15 76 80 3 27 84 95 85 35 100 69 77 70 91 41 46
15 69 64 19 86 24 35 89 12 21 83 77 60 65 81 63
15 66 72 78 86 27 64 100 90 63 97 31 69 9 43 74
16 91 90 24 82 77 23 93 97 64 37 10 45 41 2 75 50
17 32 81 86 33 69 28 88 85 80 9 2 22 29 48 78 47 90
17 64 90 93 69 77 65 41 72 71 36 53 56 2 81 87 46 62
15 71 22 30 19 6 5 27 9 4 24 52 77 37 72 63
14 52 98 58 10 74 13 87 7 38 20 86 16 15 54
18 98 28 67 61 32 1 100 11 9 71 2 59 52 14 35 58 88 83
16 98 46 51 54 100 72 25 35 15 57 58 56 27 70 90 13
16 16 35 68 77 2 23 59 54 34 86 1 33 71 75 25 74
16 96 67 99 26 9 49 19 47 12 41 71 45 64 43 54 59
16 23 83 99 64 15 17 67 87 84 61 36 3 57 31 74 6
15 42 74 21 58 26 44 93 6 81 96 62 4 92 78 38
13 55 27 5 8 57 31 2 15 72 1 80 40 10
20 15 14 27 90 30 96 60 51 77 64 65 32 58 56 71 86 1 12 68 55
17 100 21 67 38 31 51 3 92 14 93 80 72 54 42 1 60 71
15 57 1 97 69 23 21 19 15 90 56 76 99 59 31 91
15 16 83 44 65 52 20 28 35 48 95 27 79 3 13 84
18 19 96 61 57 36 92 90 51 13 56 39 88 37 82 67 47 46 65
16 69 43 22 67 38 15 78 90 63 44 82 8 60 25 86 99
15 78 52 65 57 16 100 13 48 81 38 50 4 67 12 91
16 71 69 51 49 72 38 4 36 16 87 32 83 45 90 9 15
16 13 72 6 59 8 48 3 2 78 9 38 90 61 95 27 14
15 7 62 30 20 86 93 65 11 51 43 64 95 14 2 97
14 90 15 74 63 1 85 11 9 96 92 29 80 89 51
14 82 89 69 66 3 53 54 97 85 67 41 35 37 11
18 60 85 27 7 49 84 81 1 40 24 53 56 90 62 58 65 46 82
18 9 75 37 71 51 90 54 19 52 80 23 76 63 98 50 16 58 10
17 94 51 13 74 12 56 22 76 31 54 88 57 7 39 95 5 80
16 47 94 6 76 48 51 65 3 61 7 71 45 81 34 87 50
15 78 17 64 9 8 68 82 20 98 49 53 74 81 59 41
16 91 58 13 33 56 88 6 22 85 2 72 62 54 12 10 16
15 32 3 24 65 2 98 88 82 46 53 41 50 77 4 40
16 49 90 23 5 14 2 83 32 7 31 81 97 78 4 95 22
16 77 31 14 26 4 6 59 99 91 24 66 35 36 8 48 76
15 14 30 24 44 82 16 65 28 9 11 76 93 89 81 49
16 69 21 14 74 46 47 25 37 20 70 48 64 100 24 81 45
18 6 55 57 98 61 53 10 73 94 86 56 37 66 9 34 23 89 59
15 22 79 77 10 67 88 7 62 4 96 76 40 49 11 24
15 38 91 9 36 62 59 77 3 73 68 71 69 63 33 75
14 57 7 10 72 80 30 70 87 24 89 91 67 13 64
16 12 57 9 41 6 70 8 7 81 75 35 16 72 93 97 100
17 29 86 60 68 30 78 53 13 66 99 3 73 62 85 80 94 26
15 23 64 65 28 19 20 67 76 56 18 84 83 48 99 13
17 85 91 100 87 74 76 90 72 88 69 3 41 47 67 36 93 89
16 80 36 28 38 81 60 89 52 92 39 1 67 31 43 23 5
19 45 8 26 65 9 15 69 50 77 41 43 34 31 99 6 16 59 72 75
15 4 70 45 9 88 30 12 23 96 42 93 84 85 34 22
17 95 45 94 19 27 47 17 11 53 55 54 46 24 61 9 92 16
17 50 27 86 1 62 63 22 21 77 48 47 20 69 96 49 59 5
17 54 35 23 30 99 68 46 41 28 24 12 26 21 10 31 82 79
15 76 55 99 24 58 18 75 37 40 4 88 3 22 92 86
17 64 48 18 61 1 33 6 81 40 50 84 60 80 36 3 23 55
15 47 78 49 19 56 8 14 59 95 73 100 53 90 69 43
16 47 74 11 23 19 91 98 18 56 64 68 43 85 50 78 66
16 99 5 98 26 32 86 74 24 68 60 1 25 47 79 88 40
18 33 17 59 26 55 46 36 20 50 92 6 72 29 38 51 68 58 91
17 97 83 9 71 66 36 81 37 61 79 26 72 5 4 90 48 33
15 78 21 99 62 80 8 30 39 6 84 48 100 9 40 18
18 95 65 57 87 19 31 34 69 25 84 96 54 98 93 66 43 74 13
16 29 68 58 71 84 80 63 38 55 61 49 36 39 44 90 40
19 4 44 12 92 24 17 90 37 62 60 22 82 27 96 45 8 49 19 99
14 4 22 15 55 29 7 30 66 64 67 95 51 44 52
17 90 97 79 38 67 16 74 52 81 55 96 68 40 88 32 48 98
16 96 86 1 88 26 97 53 15 99 34 58 70 92 19 55 13
13 71 29 42 66 31 35 57 26 49 27 98 100 32
16 58 92 47 94 65 10 15 64 61 98 88 44 26 79 12 16
16 78 33 10 44 97 15 49 67 38 100 87 34 41 74 23 47
17 83 57 29 16 50 28 63 37 12 34 24 56 20 5 11 98 48
18 58 36 97 10 25 92 11 90 45 21 61 94 34 9 63 28 32 79
15 43 7 76 28 66 91 72 48 32 22 81 82 78 3 34
16 29 63 18 88 78 21 2 4 11 12 92 81 46 13 50 8
13 59 41 8 98 15 21 91 81 97 45 28 55 52
17 57 79 73 90 47 1 70 44 20 100 12 94 10 38 15 35 30
16 24 96 42 87 57 83 76 46 32 9 40 22 89 91 5 41
15 19 57 36 78 1 7 61 45 90 70 43 14 94 91 80
16 66 98 76 15 21 32 86 63 81 46 77 67 90 71 47 11
16 75 43 74 21 65 54 33 12 48 64 95 35 73 14 17 90
18 25 73 75 87 7 44 6 79 56 40 81 15 33 55 32 64 51 99
18 30 99 29 57 3 69 83 81 67 19 38 31 44 20 89 35 23 1
16 39 93 97 59 78 3 38 100 19 15 67 32 54 95 11 56
17 54 47 86 88 4 42 22 15 95 83 2 78 74 62 12 93 50
16 65 94 51 14 24 20 63 91 19 13 9 88 90 56 97 62
18 63 3 42 96 67 57 90 64 70 93 44 38 88 78 97 54 95 22
15 81 40 7 38 27 31 30 25 36 92 26 39 2 72 57
18 53 4 76 93 3 37 31 24 74 48 100 65 55 40 83 77 7 38
16 39 57 65 9 11 52 8 25 50 7 90 67 79 15 18 6
18 33 25 86 98 59 72 1 67 44 35 53 99 80 16 55 3 63 40
17 68 96 29 37 55 23 73 62 91 10 5 81 19 50 46 28 98
16 16 99 75 21 1 63 86 90 72 51 26 34 68 32 95 45
18 23 26 4 97 65 85 59 77 17 19 91 90 27 88 36 13 22 57
16 55 56 79 9 25 19 45 92 21 29 20 18 69 52 82 36
15 75 73 55 78 6 79 3 39 100 74 50 71 16 37 7
18 87 39 41 81 11 80 60 16 100 96 51 56 98 71 31 19 3 45
18 47 71 43 92 29 81 23 55 65 69 96 26 61 13 7 35 58 30
17 56 19 58 67 51 79 20 6 12 15 53 73 74 31 13 63 65
18 10 67 52 92 30 31 42 100 54 88 70 80 75 5 9 29 95 21
16 44 86 68 48 64 85 8 96 92 77 65 67 35 24 2 26
17 10 9 53 73 85 5 74 46 36 78 54 25 31 99 30 51 42
14 81 69 72 12 58 4 2 60 45 55 41 20 82 84
17 98 13 100 38 42 74 6 75 51 12 36 68 93 86 15 76 39
15 50 6 10 98 48 28 45 53 5 23 90 80 51 94 1
15 64 9 74 45 94 48 62 31 49 46 59 20 4 77 56
14 17 70 63 12 48 28 81 7 21 92 61 99 89 94
17 52 99 29 22 48 56 30 2 46 86 50 63 94 59 34 20 18
17 62 7 42 9 83 84 8 50 29 65 82 60 95 5 47 43 15
16 39 72 64 83 90 82 73 36 47 94 40 99 44 4 41 8
13 81 20 89 92 77 86 91 58 21 48 17 67 45
17 58 13 33 63 27 7 11 83 65 26 74 17 82 76 73 59 91
13 42 65 23 40 73 92 88 49 26 69 80 63 19
17 16 30 85 9 82 83 7 67 35 75 8 34 36 81 31 76 99
17 72 29 42 74 11 18 90 24 20 67 70 37 50 43 21 22 93
15 32 10 87 33 94 70 18 80 45 53 97 54 3 82 41
15 61 48 40 77 74 70 89 31 57 11 59 8 24 33 92
15 66 11 72 67 1 70 6 37 73 43 8 12 80 5 25
17 6 63 97 100 51 43 68 10 96 50 76 82 41 95 34 18 59
15 54 22 40 89 41 71 14 47 32 20 28 69 68 53 81
14 64 94 14 66 33 86 26 89 45 91 56 48 41 77
17 30 72 79 25 68 29 71 48 87 42 44 22 38 41 97 17 86
14 36 39 71 83 99 51 85 16 32 59 82 12 37 19
17 40 1 92 41 6 46 5 39 100 16 28 43 37 64 3 38 88
15 14 97 34 32 31 5 6 39 69 80 64 9 42 89 66
16 81 97 78 69 4 26 6 90 66 73 58 57 20 61 1 67
16 5 77 54 45 74 18 22 93 82 52 96 1 53 60 80 39
14 80 39 11 83 27 60 72 3 61 13 58 53 38 92
16 95 78 34 35 79 67 37 93 33 2 40 3 64 25 99 80
16 68 46 42 76 78 52 8 71 93 81 20 41 5 74 73 100
16 95 46 10 84 22 3 81 6 58 86 78 21 17 100 53 63
18 16 86 68 72 11 19 77 45 97 78 26 48 69 29 85 7 23 61
14 38 85 69 24 18 43 80 100 81 1 6 65 14 55
16 30 82 19 85 33 95 53 63 18 35 50 15 94 69 8 17
15 7 38 94 30 29 33 39 75 92 57 99 34 59 42 24
16 1 90 83 40 62 91 85 58 81 4 64 87 74 71 51 52
16 30 73 98 29 78 42 37 33 81 70 99 39 6 36 38 58
15 85 68 39 16 17 42 5 94 25 24 7 36 8 69 3
16 87 67 34 6 98 83 15 92 1 52 43 72 24 77 62 76
15 66 95 91 80 45 40 75 77 33 25 19 58 7 36 70
14 100 91 14 34 82 17 56 53 83 32 86 31 8 13
15 73 77 68 89 3 100 72 36 13 44 7 85 30 10 20
14 41 97 49 55 17 94 87 82 22 53 68 28 11 42
15 2 55 17 27 51 86 30 40 44 82 8 66 34 98 53
14 84 83 44 66 80 38 75 86 52 15 53 14 13 46
16 1 38 64 48 65 26 72 95 23 4 29 22 14 31 97 25
17 59 18 71 23 64 66 34 29 53 97 81 21 24 47 27 3 68
17 98 56 48 29 97 3 32 93 2 90 16 75 57 8 19 78 70
16 80 29 3 76 64 57 100 73 62 93 91 30 86 35 89 31
15 20 71 89 54 63 81 58 30 66 73 18 45 56 94 67
16 17 79 34 19 89 83 57 44 27 90 9 53 87 35 59 80
16 94 23 32 37 61 92 34 62 9 47 24 21 43 90 85 6
16 59 67 88 82 17 21 33 92 80 72 63 14 23 49 56 95
17 28 31 32 54 17 16 45 42 46 12 80 75 91 55 41 87 81
17 52 35 46 100 44 65 55 34 91 51 1 29 74 26 99 64 97
18 77 2 55 72 44 100 26 16 70 42 9 98 99 56 93 12 66 29
18 9 61 40 64 21 93 71 57 75 17 36 55 4 45 6 1 88 67
17 34 1 15 9 36 21 80 76 5 69 52 60 93 66 41 53 3
16 81 29 87 73 13 17 43 39 62 92 88 64 99 32 97 95
19 13 88 60 76 42 91 55 61 57 59 29 67 3 35 65 84 80 32 54
17 4 37 29 97 40 93 26 31 24 66 27 33 6 21 38 98 71
17 24 31 48 68 12 87 25 78 94 29 26 34 50 66 52 61 76
17 98 73 71 30 19 63 13 10 90 54 16 46 99 88 41 24 37
15 86 1 79 15 44 89 61 82 40 23 29 65 76 50 51
16 54 67 45 46 3 99 50 25 8 21 53 98 28 84 24 73
17 27 22 71 98 20 84 10 39 74 78 95 50 19 15 69 6 93
15 56 34 59 69 68 13 76 14 94 93 10 1 90 100 80
18 96 81 57 18 20 92 89 19 35 17 32 68 14 46 51 76 22 83
17 8 98 39 36 62 87 32 73 88 67 91 94 89 95 99 24 54
16 43 90 84 32 63 91 100 50 55 67 9 54 62 25 60 83
18 87 81 67 21 16 6 12 78 1 95 8 100 98 15 91 48 38 29
18 59 46 12 88 92 68 99 3 42 72 56 77 48 58 13 26 17 85
16 15 89 39 98 54 92 44 19 57 75 6 1 43 79 9 26
16 19 35 45 11 58 75 28 27 66 83 7 39 80 3 91 84
14 18 13 35 51 73 11 79 78 48 8 38 93 56 52
19 31 91 62 90 14 61 97 20 79 21 12 77 63 33 80 82 4 76 1
13 99 24 8 50 65 66 98 59 42 69 56 68 75
16 17 71 89 79 82 49 97 35 98 8 54 42 91 88 77 9
15 9 52 54 79 3 65 57 96 69 92 90 43 59 58 7
15 81 49 24 26 63 46 35 34 50 94 30 80 43 69 41
15 55 83 78 59 85 90 8 58 56 9 5 66 35 53 100
15 44 27 25 9 30 23 94 68 63 33 2 22 80 18 72
15 38 42 47 58 1 84 39 66 69 82 9 75 21 65 15
16 83 59 42 44 65 58 51 86 70 20 2 22 63 100 57 94
16 21 85 45 66 91 70 43 14 97 73 89 78 46 32 80 37
14 66 5 12 18 54 20 90 35 16 29 83 69 96 67
14 81 56 72 87 22 39 13 73 33 85 27 31 67 37
18 61 89 80 79 36 19 63 33 31 23 98 64 52 40 96 2 30 22
14 88 57 7 66 56 41 42 70 73 93 27 87 63 37
17 100 95 83 87 78 91 24 45 79 61 35 84 21 16 73 30 51
16 70 27 1 21 89 75 10 51 22 18 98 49 57 81 79 82
16 55 87 36 24 4 96 60 58 31 66 93 76 17 84 6 81
17 94 38 9 78 24 51 61 8 68 17 75 81 29 83 93 92 84
15 3 16 54 92 89 47 83 88 39 20 43 11 33 76 85
16 57 74 38 51 27 47 75 20 68 82 98 4 42 35 44 46
19 36 92 65 69 7 87 71 34 35 13 32 22 20 94 64 52 29 85 31
19 33 59 26 92 81 80 39 30 47 29 27 31 12 46 60 1 21 51 88
15 72 92 3 42 41 6 75 37 29 57 44 77 17 68 70
16 87 44 77 68 28 72 12 74 47 22 54 73 41 25 45 23
14 36 20 57 18 23 91 56 94 14 26 100 37 77 88
14 39 69 5 47 6 58 49 8 63 60 65 81 29 77
16 66 72 90 33 94 56 80 28 38 96 45 47 4 71 46 52
14 97 60 11 36 24 10 45 25 92 66 65 76 1 44
16 55 56 1 93 61 58 87 38 84 34 27 45 83 30 80 48
16 33 55 75 11 38 82 40 65 54 28 27 14 4 62 26 74
16 39 7 87 43 96 8 37 21 85 53 81 99 61 3 97 18
15 65 87 62 88 22 96 27 31 9 61 64 33 70 56 12
15 63 87 22 97 15 8 96 42 75 86 32 67 92 62 19
16 66 92 84 26 42 8 21 56 17 28 49 13 99 91 20 76
19 12 11 87 56 76 41 3 61 43 99 75 78 64 13 69 20 84 65 80
13 65 84 35 82 37 24 10 51 99 12 55 75 67
17 14 1 57 93 92 75 85 60 9 96 24 52 2 20 16 81 91
16 66 77 41 71 92 11 94 23 29 28 88 4 21 15 45 93
16 86 17 5 36 45 100 27 37 52 9 65 79 66 19 57 75
16 1 27 63 35 97 98 9 62 49 25 28 10 29 84 100 13
18 93 52 29 28 74 14 98 5 88 55 26 30 94 37 18 89 41 46
17 99 69 85 55 18 19 27 97 57 26 82 12 10 83 8 75 86
15 60 97 43 86 76 16 98 5 20 39 47 56 59 34 87
16 38 9 50 97 40 37 23 12 19 1 52 81 33 67 75 71
13 3 70 91 38 87 59 8 94 20 82 100 71 66
16 10 72 56 26 4 57 88 33 3 87 53 80 5 81 31 50
17 82 62 64 56 70 85 86 3 96 93 25 23 15 54 34 67 78
17 80 7 2 47 84 21 13 73 38 87 79 51 65 36 71 12 54
14 34 95 89 80 59 2 22 20 42 49 29 70 92 100
17 29 83 60 42 95 71 3 100 25 70 13 91 15 14 39 52 31
14 75 89 99 63 24 79 78 73 88 56 98 47 3 23
17 6 5 11 3 13 1 59 92 24 55 56 25 73 20 79 8 53
16 78 32 64 16 14 49 10 96 88 30 9 79 31 37 50 94
18 48 87 35 33 90 21 14 10 28 88 29 96 62 40 81 11 18 85
15 31 14 90 2 17 1 44 47 49 11 75 79 22 58 7
13 28 48 18 17 11 8 64 89 47 16 57 43 5
15 16 49 92 84 18 7 46 40 19 12 97 6 42 27 81
18 13 57 48 15 21 29 1 52 45 64 67 18 6 33 98 50 39 62
16 30 64 10 14 63 76 21 55 68 20 79 46 92 83 4 47
14 32 88 9 98 16 68 47 34 97 59 48 13 95 40
16 53 43 80 99 89 64 40 26 47 87 93 67 37 44 34 32
14 84 65 85 6 59 71 82 88 32 4 37 75 39 27
13 71 20 22 54 44 92 84 63 90 26 37 19 55
15 9 21 95 47 36 62 39 42 31 74 48 3 52 6 64
17 8 92 17 65 83 39 46 31 12 21 41 86 11 2 67 56 14
14 46 85 21 88 2 74 8 83 40 18 23 49 43 12
19 98 23 26 11 37 49 65 100 93 20 31 94 38 96 7 40 45 19 95
18 41 35 72 17 13 74 73 93 94 31 20 70 84 85 16 99 15 22
16 66 6 43 57 97 11 72 12 71 14 32 29 26 39 62 17
16 61 62 70 47 32 88 59 12 79 45 93 21 100 58 54 68
16 89 40 79 82 20 48 90 22 17 14 36 99 76 84 37 39
14 30 17 18 10 77 94 38 90 76 28 14 16 100 79
15 41 74 4 20 35 73 70 1 5 53 30 34 28 54 51
16 25 42 59 81 82 69 85 61 48 80 3 93 16 21 17 22
16 77 68 56 92 80 27 75 4 20 14 63 90 98 89 76 72
17 17 36 47 78 100 97 76 6 19 62 14 48 52 81 59 88 42
15 27 18 74 82 94 3 59 85 20 96 100 99 83 72 64
17 32 80 73 40 18 39 35 19 69 89 71 9 94 83 11 36 67
15 23 17 4 11 87 41 20 46 91 77 66 50 5 73 1
17 62 16 78 68 32 93 29 33 37 76 28 49 13 26 91 70 25
17 95 57 52 22 96 7 56 77 55 17 85 91 3 74 100 49 9
14 77 6 50 58 73 91 29 14 76 12 48 68 17 11
16 75 95 84 42 33 88 2 97 69 63 100 96 73 35 76 47
15 19 70 2 88 59 37 56 58 73 15 40 44 42 6 75
19 4 78 34 7 48 28 20 31 2 91 71 49 46 54 77 53 15 82 8
14 96 53 4 70 67 32 87 75 64 84 6 17 33 78
17 81 33 45 2 7 90 57 8 32 40 75 24 86 22 10 27 15
17 70 12 24 62 99 31 3 44 86 30 95 45 65 60 5 56 66
13 66 88 48 86 94 36 29 20 1 4 61 79 19
18 6 13 46 91 68 3 95 88 36 67 59 72 37 53 96 55 57 92
16 17 48 72 97 74 64 70 51 7 41 91 63 6 11 27 39
16 15 39 5 93 84 61 90 58 24 45 6 86 83 27 97 89
16 27 32 56 59 20 95 1 66 19 55 34 8 81 100 47 2
16 49 88 69 36 27 42 15 11 87 38 37 81 86 23 51 77
17 44 84 92 40 41 25 29 57 21 51 27 47 94 78 68 85 8
17 86 90 13 84 38 29 1 36 67 3 82 53 21 62 64 30 73
16 1 84 88 7 57 67 49 74 86 36 3 22 66 58 28 89
19 89 74 60 69 68 58 52 12 17 41 73 93 97 40 71 95 100 13 37
17 99 13 42 37 18 51 20 76 93 22 70 38 15 95 5 34 52
18 88 33 86 81 62 42 89 92 63 43 30 26 83 45 4 9 32 74
15 21 62 5 78 95 71 16 85 76 29 86 69 46 26 92
16 51 89 38 77 31 73 97 16 83 20 68 59 2 88 48 82
16 79 16 93 15 7 38 95 70 17 35 41 50 78 54 80 30
16 4 36 54 70 99 53 11 7 69 3 58 13 71 45 67 9
16 10 23 18 96 65 59 2 78 27 24 36 41 28 29 48 47
15 87 96 82 74 81 51 27 52 66 78 88 80 13 7 62
15 64 1 30 19 63 90 16 36 100 20 76 24 81 12 86
13 38 13 70 84 42 97 9 43 73 71 19 2 5
15 71 35 90 11 76 96 89 80 55 17 2 23 6 24 66
17 43 2 29 48 20 36 89 68 6 77 19 99 87 50 79 73 46
15 94 93 85 82 57 36 11 47 91 34 51 78 84 100 3
13 28 12 51 16 52 57 11 81 41 66 77 39 80
16 97 10 50 64 53 75 90 84 54 48 11 49 98 83 4 95
19 33 25 88 24 69 85 7 55 1 10 48 35 11 89 38 15 64 50 9
15 23 45 5 64 4 95 66 3 83 93 37 21 60 50 43
17 71 53 46 96 47 77 89 76 36 99 98 44 94 57 69 66 2
18 11 72 6 90 45 23 78 32 81 80 9 92 2 42 71 13 83 34
17 18 70 73 66 15 58 90 20 14 88 98 68 16 76 29 72 34
16 20 65 88 6 12 17 19 47 61 39 67 70 63 81 2 36
19 98 93 67 81 54 79 78 71 57 29 91 62 87 23 50 85 96 33 28
15 65 45 91 95 23 17 51 37 83 76 7 46 55 88 1
17 66 67 34 92 81 8 97 23 54 15 28 71 14 91 31 22 68
18 27 87 10 8 92 93 99 53 42 21 60 5 86 91 49 7 80 12
17 1 92 73 83 6 99 91 50 38 5 46 81 55 47 28 89 22
18 48 98 63 13 32 25 45 66 49 18 37 97 54 36 82 7 75 43
16 43 32 40 11 42 56 66 44 79 18 75 72 7 36 52 95
17 66 6 19 35 34 43 92 26 11 21 75 10 59 61 53 74 13
17 89 53 54 37 8 2 23 24 27 33 66 98 99 47 72 1 16
17 10 44 99 61 35 89 39 52 73 64 91 78 1 30 23 25 22
13 91 70 4 24 2 71 55 29 77 85 74 69 43
17 96 10 3 15 100 32 78 67 21 39 74 80 99 75 93 77 30
16 35 7 61 63 3 20 85 28 38 43 29 6 49 78 8 52
18 50 73 34 30 74 19 46 89 52 67 64 100 35 2 87 54 42 41
15 91 98 15 8 78 22 19 56 2 37 61 90 1 64 75
17 62 41 96 1 3 37 58 51 31 84 93 70 13 46 11 100 59
18 38 20 58 77 19 74 53 88 9 42 34 21 65 94 22 51 18 97
17 1 26 18 70 33 81 29 83 49 74 13 55 35 27 24 12 67
16 47 79 68 44 36 82 33 56 9 29 12 86 19 76 20 37
16 10 71 85 33 4 20 6 63 53 72 45 75 66 46 17 22
16 84 55 70 39 36 65 79 75 95 6 12 97 38 62 81 7
18 65 39 26 11 82 76 34 85 90 84 96 14 43 54 93 47 72 8
17 75 48 1 18 22 60 9 81 24 96 92 61 63 83 3 20 51
16 25 27 77 28 74 21 60 29 68 42 5 38 11 17 3 45
15 14 100 56 3 94 60 30 92 26 75 8 63 72 42 99
17 84 7 40 69 51 68 15 79 53 26 76 71 72 94 13 89 61
16 35 6 80 25 92 14 84 26 88 45 28 17 89 57 12 51
16 37 13 21 43 41 5 15 95 76 61 31 80 47 88 14 59
16 3 8 46 76 54 19 21 32 22 41 31 93 74 48 20 6
15 8 54 84 60 49 70 53 64 95 39 96 22 65 28 3
13 75 12 68 47 77 5 3 48 81 16 97 92 6
16 23 62 75 30 51 48 35 28 13 44 89 38 85 83 77 17
17 66 60 9 90 41 72 73 29 100 87 52 62 20 78 59 63 31
16 93 36 1 82 96 25 15 50 33 81 9 77 27 45 61 94
17 11 43 26 22 40 93 62 39 13 96 68 16 32 78 91 21 50
15 60 11 14 68 47 57 41 67 51 40 7 33 73 70 79
16 48 19 35 44 45 68 37 4 59 72 81 26 21 62 29 20
17 1 56 34 3 68 45 47 48 30 22 37 20 41 21 76 63 74
15 44 76 80 39 50 32 57 14 2 95 8 6 66 65 5
14 9 80 34 73 31 60 70 68 63 58 94 90 27 42
15 35 25 66 26 61 14 19 8 6 12 97 49 85 56 31
18 78 66 99 75 97 44 12 37 72 18 81 15 73 87 40 49 21 46
16 63 35 19 18 66 30 75 94 93 83 57 39 71 76 77 55
19 55 61 83 1 70 9 68 72 59 49 17 75 25 97 48 26 92 46 53
15 82 9 70 69 67 60 35 26 31 36 64 5 97 1 19
19 18 7 59 34 83 17 75 24 52 53 100 65 39 95 26 49 30 51 74
15 75 14 30 23 36 9 72 8 49 48 59 12 94 65 89
15 71 27 97 75 20 21 17 59 82 61 50 38 96 83 47
17 84 93 71 74 38 14 55 7 45 39 81 41 27 95 77 25 49
16 85 47 58 35 74 59 54 23 14 46 41 11 25 100 43 88
14 76 90 83 36 94 28 74 15 80 5 60 51 73 72
16 69 20 39 82 93 81 3 12 85 38 91 7 41 70 74 37
14 77 15 16 64 45 38 66 67 73 99 44 37 79 28
17 49 93 52 88 1 4 96 50 55 47 54 76 72 2 78 21 60
16 35 41 73 32 82 49 56 67 77 33 62 70 18 20 13 97
13 35 26 19 43 79 66 51 20 44 71 54 45 49
15 31 54 2 59 74 72 1 13 15 49 41 10 38 58 84
14 10 45 98 99 18 61 19 36 59 23 13 1 22 34
17 91 56 69 64 35 87 12 71 25 73 66 13 33 84 62 2 24
18 70 47 13 95 40 22 84 24 4 10 14 8 42 65 85 98 86 61
16 82 67 74 43 3 49 38 93 98 76 96 23 51 99 80 81
15 42 10 16 56 12 31 24 6 7 51 88 67 3 33 80
15 80 50 39 98 86 11 6 2 43 27 71 97 68 14 92
16 83 44 36 2 59 30 76 93 5 64 22 98 6 88 94 12
15 97 69 67 27 89 17 49 57 64 18 76 22 75 80 14
16 69 45 52 54 24 27 39 76 29 57 82 46 99 3 11 31
13 76 12 96 9 13 18 86 2 17 58 89 61 62
15 39 93 35 98 1 24 79 61 14 74 41 4 34 46 62
14 63 81 73 13 29 14 77 98 41 44 100 5 15 12
17 33 65 73 21 79 70 47 31 97 39 59 29 99 60 67 26 52
16 86 85 92 1 95 67 80 89 93 82 39 47 77 44 79 19
15 23 53 29 25 32 70 69 94 80 62 15 9 36 71 49
15 2 75 68 8 23 89 9 19 64 12 77 32 58 31 79
20 44 32 64 4 10 37 47 94 8 78 62 73 68 16 79 29 52 85 46 65
17 39 94 97 99 62 7 30 96 19 24 82 58 72 81 33 25 78
16 43 60 73 49 38 32 35 83 41 90 95 94 61 31 17 14
17 97 8 54 2 100 73 39 20 47 44 35 92 25 58 59 34 30
17 86 39 49 78 12 2 67 20 45 94 62 38 43 30 64 27 16
15 6 69 42 9 1 76 99 63 50 43 55 80 85 77 53
17 8 3 33 13 2 88 70 98 26 64 9 85 69 18 74 58 29
16 22 80 30 54 74 73 38 2 19 87 16 4 39 45 71 52
14 95 45 4 5 87 59 31 70 39 42 55 60 71 63
17 23 91 13 2 51 39 18 78 80 12 15 95 79 25 43 50 31
15 66 21 36 68 86 93 94 29 64 38 85 51 4 96 98
16 24 96 87 3 41 50 51 60 17 95 30 72 77 63 40 67
16 50 28 74 2 19 32 46 100 85 37 87 34 47 89 63 95
17 32 95 25 53 85 52 67 48 11 26 76 12 78 100 74 13 97
14 87 3 91 7 28 95 65 60 19 29 80 26 12 15
15 99 84 55 35 42 94 29 48 93 100 80 52 79 18 30
18 67 23 53 11 71 81 75 14 62 30 3 51 15 18 40 32 78 65
14 1 94 57 95 60 37 13 29 64 40 18 45 5 33
17 23 39 83 57 9 76 18 15 50 73 89 6 12 43 31 72 1
15 58 33 80 54 48 99 64 96 37 90 22 29 73 100 81
18 16 88 31 18 34 30 22 66 70 76 80 82 83 29 47 53 32 48
16 73 43 31 74 9 24 85 42 14 68 27 75 21 48 32 94
16 56 38 17 41 33 18 3 83 57 99 42 9 10 58 15 79
16 76 100 47 66 28 18 88 55 8 24 71 35 50 51 22 40
18 25 27 58 42 52 94 31 34 28 44 89 9 1 61 100 79 90 86
16 1 22 60 39 42 32 13 68 100 23 51 58 70 40 36 18
18 95 80 45 84 60 96 35 13 69 54 46 98 99 24 1 10 85 19
14 31 10 79 71 86 20 38 62 63 25 12 76 11 57
17 12 52 57 95 63 70 79 43 13 9 46 69 2 100 51 29 91
18 61 59 81 100 44 19 89 42 82 53 16 86 88 41 48 8 40 15
17 7 42 60 16 19 77 93 46 91 51 100 43 40 61 34 67 29
15 86 97 92 37 62 35 8 32 81 100 61 90 56 76 52
17 9 17 79 76 77 64 69 80 65 56 92 41 1 28 15 35 83
15 54 95 46 37 58 98 36 90 88 81 17 49 56 31 86
13 26 29 79 21 97 37 89 13 32 69 50 56 12
18 48 28 66 55 43 14 53 33 77 83 78 64 93 23 87 73 24 71
16 7 88 30 40 59 23 52 95 17 77 19 79 55 42 99 28
15 49 1 18 90 8 97 13 51 45 67 46 64 83 92 89
15 93 18 95 96 71 91 53 12 86 13 47 78 46 1 16
16 94 52 55 37 23 53 73 72 56 7 6 81 14 60 9 2
17 74 25 13 31 72 91 34 17 7 49 61 67 51 99 69 32 22
18 68 1 25 58 10 48 38 81 9 63 70 62 56 83 11 66 78 43
14 84 23 7 91 27 17 86 15 51 36 45 57 62 56
17 20 3 58 45 53 78 16 69 72 86 100 73 66 14 99 81 55
17 80 83 2 25 95 31 53 38 86 11 41 40 90 55 63 12 72
15 72 4 37 54 84 48 26 57 80 18 60 61 2 77 28
16 68 78 20 49 7 55 97 79 33 84 73 92 26 16 28 46
14 91 67 93 13 87 38 49 56 26 55 44 74 33 59
17 43 72 46 67 50 31 63 5 30 28 40 70 8 68 77 35 78
16 11 18 62 24 28 47 2 78 48 44 43 99 20 22 65 83
13 98 63 29 75 32 8 2 79 76 24 94 100 54
15 14 33 28 40 31 60 35 76 15 81 38 46 49 27 83
13 11 97 80 2 32 28 78 82 54 51 85 87 23
18 89 84 59 39 88 87 81 29 96 83 43 9 61 99 92 90 4 10
18 20 17 76 47 18 74 53 80 61 57 38 35 25 16 40 51 50 2
17 39 62 73 64 1 57 80 72 24 66 51 18 52 45 20 40 69
16 80 24 95 20 77 3 67 28 99 1 19 59 100 15 83 29
19 19 97 80 48 47 25 82 11 50 49 78 29 73 6 40 52 87 8 10
18 41 19 31 74 67 72 18 40 77 66 68 17 22 90 75 15 86 1
19 83 59 15 18 32 27 100 24 60 88 92 67 46 55 96 52 76 56 82
17 22 78 27 45 6 16 83 46 85 97 54 15 41 71 26 87 18
15 72 42 70 45 38 77 74 50 47 46 4 69 25 65 83
16 63 95 54 32 70 92 99 29 55 9 45 2 11 80 93 96
16 91 47 45 82 72 44 35 87 9 6 49 25 75 67 79 23
15 91 94 13 30 82 68 26 89 6 88 1 59 80 78 18
16 2 7 83 31 78 5 65 53 66 33 13 30 59 44 22 37
16 14 21 34 89 82 2 29 95 73 72 4 42 59 76 91 18
17 76 74 19 44 66 45 33 30 53 58 46 59 54 52 77 21 13
17 46 49 63 20 45 47 18 6 96 82 87 100 60 9 14 81 93
14 75 46 73 63 95 90 74 27 82 50 40 87 29 32
14 42 6 5 51 98 90 35 38 9 68 82 28 73 43
15 92 53 68 88 63 1 15 31 43 100 93 20 7 78 12
15 97 60 93 100 56 55 22 94 61 30 19 21 54 34 92
17 57 43 66 97 18 7 84 55 20 48 47 15 83 79 46 77 4
18 41 29 71 6 7 21 27 63 53 17 47 28 33 80 44 90 91 89
16 89 50 66 37 20 74 25 60 61 23 27 26 67 77 35 31
16 68 94 37 25 14 33 24 4 69 78 48 30 34 5 58 16
14 32 31 59 1 97 7 67 78 54 41 28 98 83 43
15 43 30 40 56 36 99 35 41 98 22 48 42 89 8 7
17 41 91 76 84 39 16 6 33 85 23 98 43 45 63 67 35 54
16 77 84 92 48 4 89 96 88 37 47 22 27 45 68 21 78
18 45 37 96 65 53 15 50 56 7 26 12 31 90 21 67 60 8 19
14 73 85 28 58 62 35 79 64 45 94 49 61 52 14
14 15 66 94 85 1 89 88 33 86 28 51 50 61 95
17 5 62 49 82 44 35 71 73 21 1 27 9 59 84 90 15 57
15 69 24 10 3 85 94 20 75 63 45 82 46 93 25 30
17 63 8 50 16 65 55 26 19 97 86 81 68 6 80 46 22 23
18 71 14 44 9 28 97 56 55 17 89 18 82 100 5 70 38 96 12
16 64 96 65 98 77 31 4 38 90 48 70 50 21 81 28 39
17 83 36 14 68 27 100 86 13 2 57 75 66 82 8 4 76 78
14 49 14 11 74 50 12 68 61 80 55 22 85 54 78
15 74 50 93 44 83 24 22 5 13 37 11 57 77 84 42
15 45 90 56 82 7 89 70 13 34 35 80 2 61 74 59
17 21 38 70 13 51 64 71 42 82 55 30 97 56 46 90 54 72
15 32 22 16 4 13 52 71 2 82 9 12 6 31 1 62
16 75 86 7 17 65 37 24 95 39 99 92 4 80 34 3 68
16 34 54 35 53 59 88 76 10 23 5 38 31 43 2 65 37
15 35 26 31 17 23 88 65 46 6 34 15 47 45 64 67
16 86 78 70 45 63 38 13 62 51 54 98 91 33 64 68 50
15 73 97 45 81 42 89 76 27 52 13 30 49 72 21 15
17 24 22 87 81 32 21 11 62 5 38 27 96 60 33 35 26 44
19 87 56 76 11 99 7 78 86 3 32 51 20 37 89 54 43 13 55 30
19 36 81 18 16 56 45 22 66 34 74 24 42 54 19 98 27 67 86 12
19 19 30 78 50 46 20 71 58 35 16 4 85 69 18 48 54 91 44 89
15 16 35 20 3 11 94 7 10 66 28 80 49 98 6 30
17 95 86 87 1 4 55 68 13 43 60 94 75 39 97 72 92 71
15 85 61 66 96 9 2 75 58 90 39 83 24 37 98 89
13 43 29 48 58 100 81 5 89 51 30 74 26 32
18 10 12 52 21 82 100 31 37 19 55 53 89 8 47 35 30 83 66
17 31 56 66 15 70 73 41 9 7 20 42 58 65 12 36 37 47
14 33 39 40 8 19 34 46 11 26 2 1 6 9 3
19 10 52 26 34 3 83 2 18 79 61 87 38 85 21 4 49 90 12 15
17 76 56 31 75 61 100 20 95 45 11 91 17 15 41 86 16 93
16 50 81 24 86 15 45 82 27 37 13 94 96 67 12 39 33
17 5 32 56 58 59 87 70 97 38 89 84 88 80 71 75 98 28
18 18 87 47 49 94 50 33 56 30 63 98 53 96 83 61 15 39 31
17 63 77 83 99 59 81 14 98 40 55 35 21 97 33 29 15 3
15 60 20 34 6 71 16 51 54 100 5 96 57 35 50 89
16 70 61 22 25 86 41 5 30 55 51 88 31 8 80 92 56
16 10 5 40 26 74 12 78 61 67 83 30 94 72 93 20 15
18 61 81 75 79 74 34 14 36 21 58 11 30 57 24 71 48 84 98
16 48 91 29 30 63 18 21 5 44 34 10 43 16 6 13 42
15 31 49 43 24 92 8 17 25 70 93 64 27 29 58 91
14 11 18 91 78 22 73 38 80 47 2 90 74 50 92
16 94 43 86 27 44 48 45 87 70 28 53 46 38 96 97 64
14 15 42 51 3 9 88 41 85 59 28 68 46 10 98
16 66 63 14 81 7 38 75 58 85 24 15 17 42 89 31 47
19 100 77 7 66 5 1 80 9 4 28 44 45 65 98 95 24 37 35 86
17 35 86 71 55 92 18 4 2 100 28 14 42 82 76 80 94 15
17 3 18 26 78 19 71 94 59 62 9 85 12 57 38 53 87 88
16 88 17 90 70 5 69 36 83 1 44 28 95 34 77 20 16
15 40 39 57 16 81 42 28 38 52 21 36 29 53 18 60
17 28 63 84 36 52 53 26 72 64 51 60 88 59 2 80 47 97
17 2 86 18 50 77 95 39 61 49 34 80 54 25 55 15 88 22
15 60 21 87 51 54 72 66 12 98 16 96 41 1 36 38
19 3 10 57 86 7 30 4 41 100 24 91 25 20 50 98 74 92 22 75
18 45 83 48 93 72 89 100 14 8 75 70 99 51 77 92 31 18 9
19 89 87 42 19 75 21 33 95 12 17 63 100 51 69 52 68 61 82 36
19 9 88 16 6 1 4 17 22 85 46 37 26 5 47 90 2 36 66 55
18 72 94 75 37 91 66 97 69 47 67 90 36 29 17 11 16 24 34
18 32 71 97 51 4 29 93 62 96 43 87 22 94 40 28 92 23 65
18 22 53 4 70 10 5 74 39 80 55 29 81 64 88 56 73 35 13
13 53 12 91 42 20 75 71 48 99 51 52 28 84
16 26 16 95 42 37 7 9 34 10 70 92 40 75 73 98 23
15 83 8 23 5 15 77 70 46 17 16 59 20 47 64 55
16 9 61 12 78 91 84 25 22 79 5 65 31 43 30 59 52
15 45 24 81 55 83 63 70 23 33 16 54 68 9 28 96
16 86 83 62 26 78 4 41 88 53 81 58 59 94 84 77 35
18 19 100 54 26 50 65 9 77 14 84 76 97 69 66 73 5 85 25
15 29 18 83 42 20 100 75 23 4 22 39 7 52 8 85
15 84 42 24 55 52 94 35 71 21 27 32 26 56 18 46
17 15 14 21 43 36 100 34 89 67 60 83 40 7 10 53 6 42
15 86 19 98 75 55 6 40 33 56 37 49 67 4 96 60
15 62 19 95 63 12 31 58 79 36 5 71 51 44 24 42
16 82 11 100 33 45 87 55 56 68 44 71 20 50 32 15 66
16 19 43 94 6 70 4 40 28 93 42 84 3 92 86 49 75
18 9 45 25 16 21 86 100 8 33 99 98 39 97 70 1 4 49 85
16 58 29 100 7 68 61 77 35 4 31 16 57 36 34 52 26
16 36 67 34 57 76 19 38 100 44 89 39 53 63 43 48 46
15 86 7 79 93 46 11 13 8 82 4 51 12 88 92 70
13 95 87 81 79 72 53 18 37 24 20 12 59 90
19 11 38 52 9 70 96 90 25 65 56 91 17 83 31 86 48 34 54 57
17 67 22 91 63 94 92 30 24 45 61 83 2 29 95 59 58 16
16 16 63 56 10 96 55 86 68 3 5 6 90 41 97 64 98
16 90 56 46 91 92 97 22 81 47 25 71 28 9 4 64 61
16 84 58 34 83 53 67 23 35 75 70 30 55 77 90 61 36
14 90 88 92 14 24 96 97 49 11 26 84 62 8 45
13 49 19 93 27 63 22 61 83 81 4 13 51 76
14 98 2 39 49 83 64 31 26 75 58 18 61 11 24
18 63 27 75 55 59 88 34 85 35 23 67 80 26 47 69 37 1 64
18 18 48 14 43 96 80 92 91 30 78 24 81 9 65 64 93 95 76
17 29 60 99 40 41 21 42 72 52 44 22 96 93 6 24 43 17
17 54 93 26 45 63 43 73 1 15 38 7 95 20 57 28 90 41
20 33 69 37 47 16 50 45 36 80 93 30 100 56 64 25 6 95 67 40 29
16 18 20 34 19 22 81 100 63 67 40 23 7 39 95 78 84
14 21 66 88 46 73 51 57 7 19 10 67 97 84 30
17 44 45 64 11 96 48 43 35 42 74 50 52 57 54 18 94 66
16 4 34 69 85 55 83 63 72 50 15 20 16 95 19 21 29
14 13 32 10 22 19 65 64 74 49 67 7 78 80 12
14 18 82 2 3 10 77 19 71 68 81 97 73 65 76
17 53 77 88 13 21 54 79 84 25 30 70 18 95 17 38 93 2
14 23 86 66 90 63 87 59 22 2 21 39 78 15 95
17 47 85 43 45 76 84 34 26 87 48 11 42 81 100 72 52 77
15 42 79 33 93 96 19 28 2 48 65 67 61 37 53 34
16 63 66 43 22 42 90 8 23 35 29 100 51 89 3 25 72
14 68 49 91 99 38 94 27 11 100 55 78 30 58 72
19 84 60 22 59 10 68 89 56 44 93 82 42 96 8 65 74 15 4 27
18 76 80 40 5 89 84 94 55 86 71 39 45 87 6 20 77 66 52
16 92 90 32 88 97 2 12 51 30 83 93 40 62 98 1 16
15 1 87 20 44 67 15 96 66 10 38 76 47 71 79 51
17 16 82 63 69 9 100 54 77 24 76 98 51 61 57 3 23 1
16 19 46 8 48 15 35 17 57 16 29 32 5 72 83 37 42
18 42 41 86 34 70 2 84 32 77 18 56 36 67 23 54 90 52 97
17 54 81 56 45 98 90 18 46 60 37 26 48 9 72 38 94 61
16 36 67 3 32 77 17 69 64 87 5 90 30 71 72 53 80
17 51 30 92 57 21 79 100 60 94 81 14 96 17 12 42 7 53
16 93 14 13 85 89 47 99 74 63 76 77 12 2 25 65 90
17 57 24 13 18 20 52 34 47 76 37 36 53 32 28 30 55 2
17 55 38 82 46 67 25 90 33 52 49 68 28 99 23 51 10 31
13 24 29 26 33 18 40 66 74 7 80 1 68 8
18 93 41 28 94 10 88 84 36 9 23 66 85 35 69 27 58 38 91
16 17 78 60 75 58 68 54 87 29 42 16 21 93 15 49 51
16 60 42 23 10 70 1 37 66 83 62 87 51 17 39 22 92
15 77 63 93 73 71 30 57 49 97 41 53 2 43 75 12
17 55 14 12 89 31 43 42 62 97 69 15 90 49 75 7 94 66
16 18 79 94 71 78 96 98 58 2 72 9 88 16 55 74 46
16 1 45 65 8 46 38 6 36 80 50 83 61 47 95 7 3
15 70 21 59 72 77 38 53 34 92 3 50 82 37 64 23
14 33 71 95 82 47 24 17 26 49 23 41 59 80 93
15 52 81 33 62 99 44 20 83 3 34 58 60 80 79 23
15 74 13 10 23 64 6 62 52 49 79 100 84 3 20 73
15 89 78 75 42 99 29 32 43 51 73 88 71 93 25 36
17 43 85 64 97 45 82 29 20 19 59 71 27 80 40 33 93 35
18 69 36 40 91 63 65 35 61 99 52 23 3 84 33 87 77 53 66
15 24 51 26 28 21 78 63 36 81 13 20 86 9 62 45
17 44 24 10 35 93 61 52 54 3 55 90 85 63 81 91 11 9
18 89 24 63 53 65 36 46 62 2 15 92 67 30 45 18 48 39 82
16 93 75 28 31 61 22 10 7 27 30 64 1 36 34 8 29
13 93 71 65 28 64 37 89 99 70 49 55 46 4
18 67 33 36 41 62 3 51 100 44 91 98 93 40 12 39 79 14 42
17 100 92 86 6 3 98 46 79 28 87 35 58 91 69 57 68 26
16 57 4 28 90 30 77 79 81 84 87 16 32 89 48 26 50
15 87 8 42 5 60 86 84 14 54 63 6 67 70 18 43
16 64 14 63 47 25 59 72 87 95 91 45 24 86 73 48 19
17 70 95 2 27 1 17 24 12 8 76 96 44 88 92 9 55 66
17 81 94 85 19 21 46 27 55 26 2 90 7 24 44 32 65 72
15 75 28 34 6 13 60 19 36 35 2 48 82 1 53 4
18 70 67 64 74 4 27 1 7 62 16 20 60 85 22 78 44 45 97
17 39 33 86 8 95 72 46 34 76 19 5 98 35 41 57 71 59
16 89 19 87 91 39 9 38 85 26 5 84 74 100 82 57 90
16 51 40 89 36 21 30 74 86 71 75 53 19 11 23 96 5
17 81 77 39 84 58 7 30 60 57 12 98 78 71 45 63 18 23
15 33 5 32 62 87 22 61 89 30 3 36 51 15 11 41
18 65 91 78 32 51 58 7 40 30 34 29 37 62 76 99 28 6 26
17 100 51 37 91 26 21 40 49 33 64 65 54 41 12 82 9 96
15 25 16 57 32 58 13 52 62 80 11 6 95 21 42 91
18 97 13 89 6 71 28 10 75 72 69 78 68 49 80 48 7 79 8
16 30 1 26 97 59 3 81 95 41 37 50 80 44 71 33 93
15 60 26 55 84 38 90 43 31 21 88 68 30 32 92 70
14 19 60 24 91 37 84 34 36 17 3 57 33 70 75
15 48 34 23 55 62 5 71 4 39 10 75 57 45 59 89
18 5 29 59 26 89 87 27 14 70 37 64 86 21 43 57 71 7 4
17 11 9 92 44 65 94 96 60 90 72 19 7 69 48 62 100 13
15 54 91 20 68 42 27 64 46 71 52 11 35 45 17 79
17 42 50 48 65 22 27 95 97 23 4 84 81 60 54 35 99 14
17 59 1 68 52 30 48 39 5 93 29 45 71 10 100 54 35 53
16 48 10 11 34 69 15 42 60 90 72 19 58 22 75 14 36
15 12 97 10 24 96 17 74 30 99 91 59 38 31 62 45
16 30 28 50 46 66 94 27 82 18 2 42 68 72 88 84 11
16 99 85 90 15 65 36 9 84 66 19 57 89 5 3 44 87
16 40 74 1 65 4 39 22 46 29 92 2 99 81 17 18 52
16 24 37 5 1 13 90 78 3 10 85 42 20 9 54 60 35
18 73 55 50 19 26 59 13 80 21 31 87 15 5 83 18 30 71 47
17 13 92 31 48 63 52 46 26 62 22 90 85 23 60 27 4 7
15 22 1 63 65 40 98 78 34 66 24 57 2 16 12 86
16 72 94 79 66 14 59 69 71 78 28 97 80 49 12 48 65
17 95 63 88 13 85 14 53 56 82 83 4 64 18 66 8 27 89
17 54 92 99 9 56 3 72 29 17 65 4 50 40 33 51 95 22
14 96 21 40 92 99 18 13 62 19 52 41 66 49 44
17 83 84 28 48 91 34 12 18 11 70 38 31 42 4 49 68 64
17 16 39 78 3 64 43 91 95 83 23 61 27 40 66 72 45 42
19 78 28 95 33 73 42 23 88 100 1 10 97 90 93 21 84 50 82 17
17 30 90 93 12 3 14 73 15 92 87 32 11 56 9 94 45 86
17 17 96 47 64 58 61 20 15 56 77 32 16 83 71 7 2 12
15 58 76 47 28 97 89 25 84 73 75 83 26 17 20 42
15 40 21 83 34 25 44 54 9 94 37 98 7 82 51 20
15 69 50 36 18 81 29 45 21 73 89 60 75 1 57 68
17 17 29 34 89 4 6 84 43 47 33 55 24 15 31 42 60 58
14 70 99 44 13 77 27 61 14 41 94 87 31 62 5
17 67 66 17 70 43 21 94 96 46 58 4 1 85 60 78 18 61
15 47 56 92 24 35 9 48 12 62 22 97 33 32 7 59
15 31 13 35 24 25 20 76 71 99 79 85 53 86 77 57
15 72 4 49 99 1 15 33 26 96 36 53 67 27 10 91
17 70 56 18 36 29 69 71 26 90 21 17 42 4 88 23 91 51
17 78 38 43 73 56 9 77 18 72 33 53 27 81 96 65 69 82
16 28 5 54 71 36 84 92 43 1 8 74 19 9 35 63 17
17 19 65 13 60 17 70 40 26 22 20 48 54 14 69 6 18 23
15 87 100 59 26 27 52 5 67 94 86 62 63 45 68 49
18 81 44 38 96 83 29 79 73 13 28 67 18 55 20 37 12 4 94
15 48 97 55 68 33 74 11 70 80 75 16 14 46 29 73
16 81 56 3 39 16 5 96 28 84 25 98 37 13 38 29 51
16 97 49 44 46 96 38 47 53 100 35 86 26 77 45 79 31
18 81 24 30 40 42 4 19 95 82 86 5 50 8 90 20 61 35 84
16 38 65 77 6 12 29 61 98 95 24 79 48 52 40 45 99
14 37 79 60 66 64 81 41 2 11 44 14 4 47 54
18 99 36 65 42 28 8 29 35 18 58 79 96 9 40 16 71 94 54
15 98 1 96 61 51 94 65 45 36 76 91 37 17 67 66
15 1 11 51 81 84 41 94 33 48 17 87 89 54 93 29
14 99 98 37 66 46 17 75 34 39 52 18 35 4 88
14 30 92 12 58 20 79 83 78 87 93 56 41 31 95
16 51 36 72 22 58 96 32 79 78 33 15 94 31 93 85 8
15 82 32 94 81 7 19 91 76 75 53 62 45 33 100 57
16 89 82 7 98 37 67 42 44 51 74 86 84 11 73 14 49
17 21 56 94 6 24 81 27 9 87 95 37 80 73 67 77 30 39
15 26 15 19 58 72 99 63 71 69 29 49 54 5 66 43
14 85 92 55 34 40 12 33 79 68 50 90 51 5 53
17 54 32 98 41 55 53 43 29 85 89 24 70 80 61 18 13 86
14 28 94 19 52 47 77 50 45 3 16 33 92 12 24
15 23 57 99 71 3 56 49 40 66 18 94 79 51 75 69
14 93 96 68 27 3 56 67 85 46 65 61 82 79 36
16 66 40 82 14 92 56 60 91 31 76 94 23 28 77 61 13
18 85 17 87 66 9 45 1 97 25 62 65 86 70 12 63 57 27 26
16 57 69 42 16 39 87 98 9 62 3 86 77 5 35 88 99
16 69 22 71 77 59 43 34 52 58 91 73 99 6 26 54 81
19 24 13 90 54 89 85 79 44 22 32 15 19 35 18 26 23 77 84 95
15 69 62 76 24 21 4 93 49 70 82 51 20 39 6 63
16 87 67 90 7 18 26 15 98 63 11 31 12 74 81 48 30
15 76 97 35 86 21 42 3 22 77 29 14 70 75 36 48
15 74 23 92 14 52 41 31 16 57 60 67 35 24 61 99
15 64 36 84 54 52 12 7 27 95 88 44 2 100 31 30
14 81 71 22 37 27 95 31 61 24 92 68 56 21 83
15 63 57 96 84 88 71 45 83 81 76 21 93 95 99 94
18 56 13 28 42 33 88 2 45 9 59 39 50 87 20 75 74 81 84
15 21 36 30 46 89 20 68 17 26 31 45 97 29 56 11
16 90 3 82 85 57 93 12 53 6 29 62 43 83 19 69 28
15 85 46 32 40 49 47 50 25 31 36 77 53 28 96 55
17 80 13 22 44 65 81 64 62 4 48 73 35 52 39 83 40 19
16 82 54 58 8 99 55 68 72 38 15 93 34 4 90 79 17
16 82 5 65 32 70 90 41 30 13 34 31 56 92 89 23 11
16 33 90 36 66 38 81 31 20 84 47 12 79 9 49 24 45
13 15 43 98 87 24 69 58 71 89 72 27 74 30
18 94 54 13 96 57 5 2 32 25 30 40 92 48 3 93 65 34 66
14 37 82 42 77 76 93 63 99 21 30 6 40 43 29
16 45 13 57 25 1 32 14 37 46 66 56 83 10 72 76 41
13 55 51 77 63 65 2 25 22 67 43 88 17 10
17 22 15 100 25 38 83 63 8 1 21 69 35 87 68 72 78 23
15 7 56 67 28 46 85 77 34 2 21 38 52 5 63 99
16 52 3 59 32 92 54 98 75 82 26 8 86 62 37 65 91
17 34 62 69 31 19 26 33 10 100 68 97 61 21 64 70 35 36
17 60 9 44 29 66 12 63 34 93 58 87 20 19 30 40 16 92
17 77 23 9 22 14 79 54 80 52 55 92 45 27 10 48 97 21
19 6 63 29 16 67 45 56 80 40 59 38 35 8 39 17 36 94 11 72
17 54 68 57 10 34 15 56 41 96 60 86 69 36 16 20 59 30
14 19 15 69 94 86 97 81 16 95 31 44 93 26 73
17 22 36 24 4 18 78 21 28 70 56 49 62 55 94 72 23 66
17 99 86 16 59 18 73 53 41 28 21 23 89 49 33 72 11 26
16 70 10 66 67 74 55 37 51 94 24 26 45 50 41 96 83
17 19 21 40 29 33 79 66 31 100 77 41 76 78 92 6 83 9
17 29 19 98 18 85 37 90 67 94 5 1 51 53 88 92 45 33
14 88 14 50 72 35 41 42 43 82 86 80 85 39 27
15 25 48 23 70 65 3 82 91 79 99 6 27 69 43 5
19 97 45 70 100 32 83 41 71 99 5 50 64 89 1 8 85 25 73 28
18 61 10 23 78 86 70 65 58 21 26 19 36 66 94 67 25 18 12
17 9 72 5 90 2 32 53 100 79 8 87 1 37 95 16 33 85
14 21 35 44 66 91 20 37 45 92 41 86 99 24 82
17 100 66 99 44 41 87 52 28 32 53 4 82 20 7 23 95 34
17 89 11 53 3 88 61 13 94 33 68 50 97 54 70 90 6 41
16 41 21 95 26 9 98 60 16 58 69 10 29 70 20 11 94
14 16 100 3 96 46 71 59 95 38 83 11 23 69 29
16 44 81 28 11 13 68 56 34 67 9 73 52 46 51 38 71
15 57 83 71 1 98 89 41 70 33 62 23 94 82 47 35
15 23 21 96 10 83 75 9 67 25 39 31 47 16 1 12
14 90 21 18 11 17 38 95 81 15 46 16 34 50 99
14 18 16 73 38 10 68 86 32 37 28 87 12 26 89
15 15 30 12 28 35 21 55 71 63 8 23 70 85 91 40
15 45 94 36 97 64 46 24 72 88 4 13 67 75 47 81
13 26 51 100 52 88 33 36 28 94 53 32 57 50
18 34 69 66 9 67 99 17 38 96 83 71 2 80 64 72 15 50 98
19 57 85 80 63 87 70 6 88 33 58 17 44 51 53 32 81 73 64 23
18 44 48 4 42 62 7 47 18 26 35 36 75 46 51 94 5 39 37
17 78 54 83 80 92 100 65 67 81 57 62 6 73 21 91 12 36
16 38 30 21 64 28 44 23 12 57 18 47 33 20 48 4 77
18 58 34 91 90 69 82 99 31 98 7 37 55 74 100 70 11 57 25
16 44 31 55 88 61 33 89 66 83 48 26 75 6 77 12 71
17 32 4 31 86 96 23 93 94 37 51 77 57 79 46 35 65 89
18 76 84 41 15 1 46 51 43 73 17 74 35 7 62 20 8 33 63
14 56 24 6 99 62 11 69 39 21 31 51 64 5 4
14 27 18 60 25 48 28 100 75 83 79 90 16 97 98
16 57 37 18 22 95 86 38 97 63 51 31 29 2 32 68 98
17 38 21 77 56 32 41 40 37 74 79 25 6 51 91 47 52 99
16 40 34 91 29 14 6 81 46 62 27 72 24 16 22 87 86
16 22 11 84 62 69 93 100 13 90 70 18 57 2 8 64 53
18 65 6 41 96 2 28 5 62 35 16 100 94 60 24 95 31 20 10
17 77 54 45 99 94 81 46 80 67 82 44 6 73 100 31 28 55
13 15 48 80 53 83 73 94 36 66 58 45 65 54
14 6 39 18 41 77 90 48 15 46 1 28 44 75 29
18 29 21 36 97 79 32 5 44 68 48 17 69 15 27 23 1 57 37
15 6 57 74 49 10 26 73 46 47 44 89 70 17 66 48
18 91 93 22 45 32 82 28 59 87 71 85 70 34 61 13 36 15 47
19 99 66 76 80 18 88 100 69 87 22 71 14 27 61 2 37 12 51 97
14 91 5 34 69 21 54 70 62 68 4 82 6 79 38
17 29 4 36 9 46 63 18 41 77 70 75 83 73 13 8 27 55
17 11 18 40 87 1 100 93 36 57 90 42 92 26 86 58 51 78
18 93 32 73 3 30 62 35 51 90 31 100 77 7 58 9 29 96 23
15 79 69 55 38 25 27 58 51 34 47 6 9 62 66 41
14 59 95 76 63 26 12 16 10 17 61 72 97 68 87
15 43 87 18 7 78 61 58 20 85 77 38 70 12 32 23
17 90 14 58 4 54 68 89 1 6 24 55 43 44 66 69 16 36
16 44 45 52 38 94 55 21 68 20 67 19 10 88 99 46 5
15 31 34 53 65 35 42 77 84 48 28 13 15 57 54 75
15 89 9 22 18 90 71 35 13 74 42 10 21 70 49 82
15 15 40 48 68 26 25 95 37 93 30 60 22 75 31 16
19 32 31 33 94 88 2 92 22 7 47 30 98 13 12 100 6 85 59 3
16 45 25 100 65 7 74 11 3 31 48 71 73 28 83 18 13
15 60 51 44 14 55 63 86 92 8 18 85 45 23 49 25
18 66 94 57 55 8 38 14 92 84 15 2 77 53 67 89 33 50 7
15 71 72 51 34 64 1 32 22 81 12 46 2 38 58 30
15 29 96 73 80 45 59 91 9 21 30 90 84 14 69 58
15 78 44 6 12 84 64 29 77 38 100 47 24 15 56 33
15 71 30 52 53 77 1 38 41 58 76 60 74 98 40 31
16 28 1 14 46 10 48 3 71 8 61 70 20 85 4 94 69
16 100 17 64 10 11 8 7 55 93 87 54 43 74 70 53 38
18 82 49 11 94 84 100 1 18 90 7 95 20 50 4 68 37 25 35
15 4 33 6 57 15 91 79 62 32 39 11 10 14 61 28
17 84 99 52 41 87 17 70 47 55 29 83 85 79 12 5 11 6
16 5 35 31 6 34 50 97 19 90 11 84 43 95 21 77 98
17 29 8 53 79 80 39 43 96 59 25 6 97 42 28 9 21 27
17 26 47 5 46 94 77 28 69 39 66 58 88 32 55 1 61 13
17 30 13 23 3 7 99 59 46 6 12 44 22 41 88 2 86 40
17 97 88 67 64 89 71 70 77 58 23 69 61 16 93 96 39 25
17 86 58 67 33 49 16 53 62 61 7 57 64 63 31 79 22 10
16 26 94 8 53 32 62 100 89 58 73 2 39 37 91 10 54
19 100 38 49 66 1 3 69 91 23 53 40 62 80 89 8 77 52 20 26
14 99 23 9 50 33 8 76 54 56 13 96 47 68 66
15 13 98 58 91 31 30 1 6 60 77 28 82 21 68 57
17 48 29 64 65 52 17 11 55 67 35 74 53 100 98 99 95 87
16 45 74 55 64 75 2 65 10 87 50 44 19 78 93 4 37
15 7 38 16 46 77 74 63 73 69 79 94 45 23 88 54
16 88 59 4 8 1 77 62 78 82 65 31 71 58 90 99 7
16 28 65 94 89 81 21 49 67 39 44 6 53 79 54 3 51
16 65 73 62 52 36 68 30 26 4 17 11 15 87 47 96 40
16 82 11 31 84 50 24 40 70 98 80 39 57 58 79 1 47
16 60 40 27 20 10 85 97 58 51 24 11 53 80 15 100 63
16 61 65 44 60 68 20 22 2 82 73 83 37 99 62 18 8
15 7 55 90 98 51 32 63 30 36 100 73 1 93 42 15
16 22 81 65 32 53 31 68 5 79 93 45 13 56 43 30 14
14 42 70 17 8 26 78 24 97 76 10 83 74 25 39
17 62 1 77 65 78 98 68 93 67 18 80 100 89 95 19 17 42
16 46 48 22 75 88 5 47 26 28 19 13 99 18 57 80 36
14 23 28 80 2 81 85 46 75 19 82 42 32 58 89
17 94 52 87 17 69 5 91 71 34 75 38 85 33 63 81 45 80
15 2 98 90 14 69 25 64 59 49 76 48 40 70 93 11
16 57 21 1 37 68 80 84 53 88 44 94 12 100 96 2 31
16 16 45 34 41 65 69 73 74 6 27 26 21 33 54 62 58
16 45 96 13 12 9 74 72 30 53 86 52 56 14 92 88 21
16 36 86 35 64 2 56 65 96 67 34 27 75 30 81 50 38
13 60 40 26 48 37 50 96 46 100 94 36 4 52
16 99 48 9 60 24 41 43 18 13 83 81 93 100 30 31 15
15 21 93 56 2 74 4 87 85 97 88 81 67 84 83 100
14 95 75 86 27 19 88 63 81 14 52 56 45 85 26
16 32 37 12 79 86 57 24 11 3 38 29 92 74 39 17 52
17 54 86 74 22 1 69 40 41 31 65 45 15 27 33 12 23 64
15 5 28 81 79 41 37 33 63 77 99 35 50 53 44 42
17 44 4 38 76 9 89 53 66 18 37 91 56 10 23 22 32 50
16 7 79 61 35 62 77 11 89 91 63 3 25 74 76 92 58
16 69 74 60 10 94 68 34 79 16 65 40 93 6 9 70 91
16 38 42 17 98 64 83 92 100 34 3 87 48 97 13 49 23
15 92 84 6 99 96 33 82 58 14 69 100 61 52 22 46
18 2 18 43 49 9 93 54 27 40 83 33 41 59 15 14 100 10 94
16 17 86 84 4 25 60 99 55 36 66 52 2 34 96 83 72
19 20 26 54 55 56 53 89 96 17 37 35 4 69 76 70 91 74 2 16
17 17 25 8 53 72 71 47 86 27 1 55 34 59 31 79 42 43
19 63 7 36 37 52 19 60 22 14 86 87 53 94 18 25 8 85 71 82
16 74 98 68 1 35 5 42 19 46 17 61 60 58 95 32 50
17 41 42 96 77 47 65 92 62 19 71 2 97 30 28 1 49 8
16 71 13 95 60 83 58 65 79 5 41 1 25 80 91 63 3
17 26 98 43 91 31 79 58 23 61 60 55 17 6 90 97 70 93
18 88 98 77 2 58 39 54 79 27 59 81 38 35 95 74 1 13 25
14 24 38 63 87 56 19 12 65 70 96 40 1 51 66
16 21 51 97 60 41 7 30 24 89 54 91 58 31 47 9 83
14 98 64 4 82 53 91 45 16 76 55 33 1 26 81
14 61 73 14 69 72 98 87 56 18 46 95 91 7 49
15 77 68 88 12 16 96 76 41 81 31 67 5 14 98 22
17 65 81 74 19 48 42 90 87 54 56 53 85 8 2 30 13 37
14 32 47 7 68 17 96 72 19 22 88 97 93 71 78
17 16 85 39 18 26 45 53 60 98 67 87 3 42 88 89 7 22
17 71 65 37 36 24 8 17 94 31 44 54 23 34 45 41 14 79
16 64 57 12 69 94 45 65 19 8 1 3 63 7 60 11 36
18 73 78 24 85 93 47 41 79 87 7 60 74 88 44 48 57 36 6
16 56 70 15 94 22 11 86 71 82 37 60 39 49 67 18 12
15 74 2 83 76 29 84 92 56 34 44 75 66 19 85 58
17 91 10 25 16 55 90 43 92 94 44 87 71 79 75 2 74 64
15 97 90 21 15 82 31 9 49 92 87 65 63 86 29 80
13 20 91 58 30 51 98 41 36 21 62 89 73 9
17 93 23 58 60 45 37 51 94 64 14 70 76 67 83 62 89 57
15 8 30 91 57 77 32 78 45 68 18 40 63 41 11 69
17 87 65 37 14 82 29 76 91 38 72 75 77 19 17 94 62 40
18 29 84 13 31 75 83 80 73 37 69 35 70 54 72 6 4 40 66
14 88 53 85 43 77 25 3 55 20 37 66 82 67 39
18 1 99 78 62 34 32 84 54 3 23 8 68 10 82 4 97 7 24
18 19 67 84 50 87 98 33 55 32 1 23 72 73 61 5 24 81 71
18 88 34 47 99 76 78 94 73 15 57 77 79 22 53 86 67 39 87
15 24 10 64 27 85 60 58 93 1 74 33 43 40 39 42
18 73 93 31 36 44 52 45 48 13 10 19 77 72 63 64 100 53 96
14 18 59 67 54 49 21 35 43 60 77 64 20 53 79
14 66 6 90 70 64 16 99 51 9 93 89 4 59 95
18 27 28 94 71 25 69 100 49 74 90 24 47 42 85 73 79 56 38
17 51 24 74 98 31 56 79 42 25 22 59 60 37 83 65 52 9
15 72 97 33 39 100 61 25 46 23 53 96 68 86 29 45
16 84 11 22 10 54 41 83 82 39 86 93 32 77 53 92 69
15 53 49 100 88 7 39 97 24 19 74 2 29 46 25 60
16 53 68 72 92 69 42 64 13 27 33 100 21 51 73 71 83
15 55 20 39 53 60 31 70 30 91 77 18 47 10 38 11
16 84 8 76 57 81 93 46 86 13 45 92 23 6 65 10 100
16 60 32 65 42 91 31 61 96 99 51 49 2 55 97 66 40
17 73 89 25 70 77 6 72 92 66 38 40 44 48 10 96 85 93
17 95 80 67 53 35 98 19 57 68 75 18 2 43 9 52 27 40
16 38 90 72 17 51 78 20 56 66 67 9 69 8 65 73 39
17 43 75 67 26 98 95 86 97 64 45 70 65 3 96 99 12 39
15 20 61 30 28 18 93 15 38 25 78 39 71 50 27 59
17 48 89 72 37 1 39 5 79 30 36 80 7 73 71 18 41 98
14 37 60 6 5 94 33 73 39 58 10 70 16 92 15
17 29 23 41 50 49 24 15 64 89 25 95 67 90 61 9 38 65
15 93 69 82 12 9 16 78 84 26 35 86 33 83 73 64
17 75 12 99 18 95 14 98 63 10 23 7 25 17 72 73 87 19
16 17 4 84 47 33 62 27 49 39 48 30 37 87 91 69 19
16 19 42 92 34 22 24 37 23 57 43 56 64 21 4 98 70
16 7 50 42 67 17 12 91 86 38 73 83 45 59 8 75 76
17 91 58 63 47 3 27 13 69 100 86 46 34 85 53 4 17 54
16 81 13 82 62 35 87 27 74 26 43 80 59 12 76 69 88
19 12 100 16 27 42 54 83 11 92 6 55 77 21 38 63 20 96 23 25
15 60 49 80 75 43 88 6 65 83 17 23 26 95 72 87
17 69 53 95 11 75 52 31 39 68 87 90 16 62 6 70 98 94
18 72 32 7 94 12 97 27 69 16 88 67 56 68 85 6 60 11 3
15 67 64 47 43 40 74 100 95 73 24 65 99 12 16 48
16 47 97 98 64 66 57 1 34 99 24 26 70 40 58 42 17
18 14 66 23 19 2 38 8 95 10 56 16 100 7 53 41 60 47 57
13 5 46 94 14 1 67 18 15 26 99 2 76 52
14 97 53 42 5 23 76 40 30 11 48 62 13 1 51
18 95 44 90 84 74 96 36 55 27 28 92 63 54 52 35 37 72 20
16 27 6 1 42 60 93 2 16 31 18 40 98 17 74 89 33
15 67 77 79 27 59 66 52 56 41 22 98 71 63 8 60
14 74 27 18 70 2 56 63 75 33 31 68 58 71 44
15 83 27 97 32 21 41 92 39 98 2 4 93 73 81 56
15 7 63 49 78 41 76 83 23 79 87 33 17 74 36 84
16 61 80 71 22 1 6 23 8 73 60 27 17 13 43 3 99
14 52 95 99 3 77 45 66 73 7 24 93 89 14 65
18 60 92 91 56 41 40 35 94 82 95 59 53 58 31 96 62 68 43
14 27 23 37 39 6 9 80 97 7 45 11 89 76 83
17 9 42 49 38 95 10 60 8 94 64 31 52 35 4 28 36 37
16 19 98 77 13 5 8 9 21 59 17 45 85 63 86 6 49
15 83 77 20 98 11 5 52 25 71 66 4 75 19 39 51
16 76 11 9 44 52 26 80 42 12 56 54 82 40 16 28 100
14 20 47 69 3 56 85 84 45 51 68 6 10 42 33
17 48 100 53 68 19 73 47 97 92 27 3 90 60 41 1 36 85
15 28 63 90 95 62 98 38 1 48 37 24 2 46 83 60
16 36 22 4 51 63 67 52 15 100 56 8 64 99 93 28 2
14 54 64 47 2 61 74 51 93 5 70 84 63 71 8
16 51 32 33 94 90 67 57 58 43 98 89 69 75 76 8 47
16 11 76 87 39 75 44 91 37 13 38 68 36 16 54 42 97
13 97 59 41 42 2 61 84 16 53 12 89 4 66
16 48 67 37 75 24 13 21 54 31 96 93 9 4 82 38 51
16 72 25 17 60 79 76 82 85 88 24 44 61 80 84 38 73
15 8 54 79 73 94 51 66 6 67 5 85 18 41 17 74
16 11 59 23 84 99 98 39 2 61 3 18 9 80 30 88 22
17 34 17 49 20 11 80 60 42 44 24 100 33 85 62 54 2 66
18 16 8 17 21 5 91 86 94 49 89 24 25 52 96 88 11 59 19
16 82 22 9 15 88 63 96 46 25 45 48 12 86 61 18 49
17 94 43 11 91 17 74 4 54 99 65 34 73 88 13 38 96 46
16 66 7 100 30 88 57 78 13 86 85 74 32 77 28 17 45
17 4 32 48 75 61 54 79 83 5 15 35 52 51 47 57 21 86
18 17 98 61 1 45 15 56 96 87 72 84 92 31 86 43 80 40 6
16 84 7 25 67 40 55 34 33 27 28 42 22 61 98 43 50
15 37 57 54 77 79 97 41 51 18 64 45 60 80 58 13
17 60 27 46 98 77 91 36 75 49 86 55 53 38 70 4 40 54
15 10 45 22 2 75 69 70 91 80 30 16 96 40 28 88
15 90 86 95 49 47 14 100 30 18 53 55 33 93 58 75
17 76 5 12 33 8 2 18 44 74 79 6 54 75 95 38 49 48
18 22 2 91 79 80 1 88 67 9 13 49 77 19 23 7 15 3 85
17 26 82 96 17 21 27 99 73 61 33 7 91 10 79 40 78 47
15 64 30 79 2 67 83 57 40 16 1 28 13 46 18 86
15 27 20 100 53 35 37 83 22 88 89 99 18 70 23 21
18 11 13 81 77 32 16 78 48 36 84 6 17 58 57 64 65 62 22
14 90 61 20 51 39 100 55 53 57 45 27 81 92 62
19 88 64 15 98 74 52 83 3 76 19 24 80 78 99 100 73 63 26 95
15 51 39 46 79 45 14 84 90 7 12 19 95 88 3 100
18 63 38 68 69 67 52 13 82 89 59 57 98 48 32 73 58 25 64
16 20 45 43 12 37 70 82 93 34 14 5 95 38 74 39 19
14 30 79 88 21 6 48 20 32 69 36 40 96 68 9
18 78 37 60 81 57 29 11 1 35 42 55 38 26 3 100 89 18 9
15 36 39 84 22 61 95 37 66 62 54 32 33 58 73 8
14 19 28 25 92 55 13 90 71 29 64 93 59 9 58
15 29 44 3 24 67 38 94 93 32 31 39 9 76 7 47
13 42 8 62 81 7 17 28 68 31 4 16 53 59
13 38 40 1 95 66 76 80 31 30 22 32 50 13
17 24 23 52 87 62 26 19 4 85 65 95 34 93 33 43 67 55
19 73 16 66 37 69 24 77 27 8 9 74 11 60 59 91 35 82 83 84
16 39 99 13 4 80 5 91 16 61 98 50 53 58 100 2 74
16 57 6 54 39 67 1 44 61 71 100 64 93 70 36 76 48
15 94 92 62 42 31 72 13 38 53 34 97 86 65 23 40
16 67 45 84 17 92 80 96 21 77 54 12 100 11 13 72 73
15 10 24 49 56 74 22 54 48 82 70 25 79 71 39 53
16 59 40 68 72 57 61 77 28 23 74 84 83 71 42 16 62
16 82 58 48 16 84 38 55 97 73 59 87 65 3 67 43 40
17 23 7 92 87 62 98 72 10 57 8 54 74 25 30 18 34 41
15 64 38 26 79 9 7 83 47 71 45 50 19 69 35 1
15 44 49 85 8 99 27 3 14 4 86 50 18 9 20 62
14 41 11 63 30 61 57 33 84 56 7 8 28 95 65
18 36 99 77 91 11 51 70 24 68 43 94 69 73 23 90 47 46 31
15 4 26 74 79 41 23 53 16 48 85 90 69 40 66 75
16 58 73 77 98 44 8 35 59 62 88 37 61 91 51 90 25
16 43 35 82 19 60 57 72 98 13 80 61 29 12 33 69 94
17 34 27 82 2 83 47 51 11 20 35 4 36 72 22 58 19 49
16 26 67 71 95 46 33 7 87 69 74 32 78 58 16 97 28
15 94 69 30 37 72 2 60 99 35 92 20 81 36 75 44
15 5 56 42 34 40 10 22 76 26 39 66 4 27 18 68
15 40 11 14 70 15 19 25 16 73 34 77 5 22 13 46
16 26 52 2 16 67 17 86 100 24 27 25 98 41 36 48 71
18 70 31 96 52 83 29 38 27 24 12 56 48 93 6 63 73 78 5
16 58 38 43 50 45 91 93 32 88 97 34 13 76 69 29 42
16 36 72 81 38 2 75 49 58 92 25 28 84 45 14 87 56
17 17 59 68 60 80 15 53 45 90 84 20 8 48 93 49 94 41
18 48 62 71 52 98 30 83 24 82 13 95 65 60 96 27 99 61 44
14 82 58 91 35 26 12 53 46 18 64 76 62 51 23
17 41 26 45 21 54 40 70 96 10 20 80 35 73 55 100 56 91
17 23 41 80 68 72 71 43 70 100 22 20 85 52 62 67 48 64
16 70 78 86 100 66 74 28 31 57 97 4 52 84 59 49 75
14 54 90 69 75 79 91 12 68 82 11 93 37 59 27
17 56 95 28 96 74 31 87 40 98 33 46 39 44 11 2 71 70
17 5 93 49 71 98 77 24 27 92 80 68 26 29 86 74 59 78
17 40 44 70 11 98 93 36 37 52 25 51 81 78 4 26 22 30
17 68 78 7 49 56 82 27 47 60 12 8 21 43 30 53 42 33
16 65 58 75 27 96 12 36 39 37 26 2 15 86 33 61 45
15 16 38 77 92 55 46 12 100 45 32 66 67 19 90 81
14 49 29 46 3 32 76 92 12 95 68 90 20 75 61
16 67 28 12 74 11 89 60 100 43 82 62 8 38 7 80 95
18 51 19 77 13 69 73 5 84 79 8 40 37 76 43 56 86 6 59
14 45 4 71 79 15 64 55 78 90 5 26 70 41 51
14 61 33 66 48 16 56 51 31 59 45 65 92 47 78
16 74 64 98 73 79 42 71 92 62 10 97 78 63 37 85 69
16 63 32 52 60 24 73 9 19 12 34 20 62 96 100 39 51
17 61 4 90 12 32 48 34 100 65 46 96 1 76 82 2 36 43
15 93 17 91 44 72 7 10 90 13 82 14 22 18 68 48
16 77 20 60 44 96 16 26 83 87 27 15 86 68 28 66 76
14 24 5 31 65 81 15 6 92 44 8 43 22 20 77
18 40 66 46 8 54 38 3 20 19 86 84 96 51 62 57 99 35 88
18 82 87 27 68 81 56 96 21 23 76 40 97 12 1 69 44 60 61
16 92 14 52 8 38 5 20 57 75 35 77 24 19 95 4 45
19 34 20 78 80 49 56 3 9 60 95 28 52 54 76 89 42 43 79 17
15 35 82 23 61 15 9 79 72 27 52 97 88 20 78 90
16 70 20 8 59 53 98 13 52 71 56 65 29 26 77 6 33
16 17 66 84 38 60 25 27 68 7 43 59 73 98 69 71 85
20 62 4 3 31 45 11 82 32 65 63 88 72 50 19 39 70 98 67 33 74
14 26 50 48 76 6 57 40 20 45 67 24 97 36 56
13 69 10 84 54 100 74 18 97 53 47 65 98 4
14 25 54 53 24 32 94 40 84 65 89 48 9 88 51
18 80 35 11 48 94 87 27 2 7 64 84 45 47 38 3 73 68 74
16 61 55 15 49 1 27 44 93 30 77 84 13 47 35 39 22
15 24 34 30 71 58 60 80 29 27 49 50 35 78 56 21
16 27 6 82 43 46 40 81 84 47 5 94 69 4 39 100 77
16 53 24 46 45 94 13 89 18 42 14 97 30 96 66 52 55
14 47 4 72 15 56 84 70 36 22 82 2 8 20 3
15 12 60 44 15 7 20 73 49 24 40 10 22 94 37 76
19 48 60 54 99 66 24 40 45 52 15 88 42 4 89 13 36 37 50 9
15 15 65 21 14 97 74 5 3 10 90 87 55 35 16 26
17 41 86 75 76 42 13 5 100 92 73 4 8 14 60 77 52 93
16 50 98 75 37 22 1 12 85 44 80 93 38 61 89 39 78
14 72 73 75 34 58 36 3 38 52 67 21 44 5 8
17 91 7 63 41 98 46 92 96 54 25 67 85 59 43 55 29 13
15 16 90 30 11 87 38 48 53 2 68 43 99 39 14 28
16 39 42 18 50 61 58 17 21 63 55 16 15 86 94 92 93
17 19 92 66 3 98 77 46 89 30 100 74 71 69 21 35 25 63
15 70 19 67 80 97 27 84 23 99 21 4 91 85 88 34
16 34 22 39 82 24 73 43 25 80 71 60 23 4 76 85 19
16 18 63 4 86 92 34 61 57 8 78 94 29 35 42 56 51
16 30 66 80 5 62 57 83 2 6 67 35 93 56 8 63 54
18 9 50 42 58 3 52 32 26 28 90 83 97 53 73 30 78 70 37
17 80 78 76 49 57 21 82 28 47 69 75 95 77 11 85 25 23
15 36 34 59 54 82 58 67 73 30 81 57 1 64 3 97
16 13 48 17 22 51 53 36 79 26 84 95 59 47 94 88 70
17 85 56 15 10 54 88 76 6 100 46 67 75 27 93 9 96 34
17 4 6 13 67 26 18 95 65 85 31 41 78 80 91 25 56 30
17 9 37 91 76 49 78 75 83 11 68 54 100 7 60 12 64 92
17 35 84 65 9 87 6 68 7 54 16 28 4 99 95 2 37 86
16 10 75 89 31 90 37 39 48 18 16 2 95 66 99 35 17
18 69 49 55 36 38 46 93 16 75 72 40 53 3 76 31 17 100 96
16 43 91 26 12 33 38 59 98 82 73 71 25 36 31 72 52
14 31 94 27 58 55 57 43 83 84 24 38 63 39 34
14 89 81 32 50 28 74 37 78 79 30 88 53 83 12
17 17 93 65 97 94 12 14 90 89 25 48 27 75 34 54 29 15
17 70 79 51 37 83 46 72 3 40 27 14 2 88 90 61 48 63
16 64 39 13 28 30 86 2 87 37 20 11 65 38 98 84 72
15 37 75 47 30 43 89 77 96 31 88 14 46 5 24 53
16 80 10 85 61 82 86 78 48 22 8 41 5 70 90 91 84
16 64 53 66 2 13 93 28 39 33 17 29 60 21 34 48 83
17 16 65 45 57 18 17 23 32 92 96 21 6 34 8 20 54 94
17 30 11 17 66 100 2 4 1 75 62 31 82 53 22 56 39 10
17 47 96 92 82 40 60 43 81 24 94 85 61 99 42 88 62 23
15 3 95 57 48 23 44 87 33 40 16 20 71 38 43 28
18 53 78 81 74 1 14 7 90 71 3 36 25 26 47 40 49 5 63
14 77 50 10 45 62 97 23 16 44 53 11 70 34 49
14 12 30 66 69 48 58 87 8 97 72 38 14 91 65
17 74 25 34 84 59 75 50 1 77 87 68 81 5 85 23 69 29
18 73 91 23 15 93 2 13 72 75 6 12 86 44 53 20 65 37 57
17 6 25 9 76 14 82 59 1 7 48 84 20 83 100 77 46 33
17 30 49 43 2 40 14 85 25 68 72 35 53 79 55 46 6 44
16 32 20 96 35 77 90 62 12 89 60 99 84 6 93 57 58
15 53 36 31 9 78 63 46 33 11 5 80 57 76 32 47
16 77 51 63 66 21 6 36 30 34 35 61 25 47 59 60 100
16 78 6 7 30 26 46 49 8 44 68 25 17 58 70 89 48
16 57 77 87 6 20 97 17 85 74 80 53 19 98 67 32 95
15 13 61 41 47 32 7 48 97 3 56 17 81 90 59 42
14 58 23 69 27 83 34 45 70 82 31 74 9 10 39
15 14 40 99 33 79 94 72 15 87 5 66 86 58 51 57
16 9 84 4 79 62 52 17 38 7 65 49 35 95 66 12 98
18 88 40 47 21 79 53 81 71 55 51 93 32 2 70 59 9 56 5
15 51 34 15 24 67 4 64 63 38 52 42 41 23 55 5
16 23 14 96 59 2 90 94 42 19 41 62 35 91 27 73 64
15 57 80 5 77 63 9 45 21 33 39 22 35 86 2 47
15 78 18 7 17 25 16 72 76 90 33 80 94 52 66 67
18 73 61 34 18 26 45 49 70 62 19 93 99 27 32 7 89 28 68
16 59 50 48 83 26 1 35 25 10 29 22 41 82 54 56 52
16 45 41 8 26 42 57 63 27 84 35 14 4 91 17 54 12
16 27 11 84 67 39 38 91 13 18 33 31 59 4 53 90 69
16 43 16 30 40 21 98 94 79 60 100 11 90 19 74 4 97
17 21 55 19 7 15 17 73 24 22 52 56 33 51 99 71 27 86
17 31 60 24 28 64 6 75 92 73 1 94 68 30 100 51 53 17
16 82 94 73 31 3 76 22 85 12 61 20 9 100 37 41 46
17 88 92 84 44 81 68 60 72 76 53 45 100 78 7 64 93 91
13 100 78 61 35 56 46 90 85 7 89 36 83 22
18 85 33 53 56 43 50 75 65 20 48 36 64 24 66 10 37 77 92
13 52 93 22 24 27 46 80 6 9 25 100 83 45
15 65 79 28 85 16 56 21 10 42 47 9 23 15 76 99
16 60 7 82 19 89 94 98 88 64 58 50 28 93 12 13 96
16 71 49 48 1 2 73 35 75 67 65 90 88 15 22 62 100
15 61 52 42 25 86 8 92 66 73 97 94 17 56 65 80
16 6 64 50 46 7 3 38 20 74 34 18 33 14 99 67 31
17 98 93 21 81 72 74 53 84 6 57 37 34 89 83 25 91 86
15 5 49 8 16 92 78 32 55 51 62 70 58 64 83 21
14 67 33 42 61 17 83 50 93 4 30 80 94 59 1
15 21 69 76 88 93 33 45 43 30 49 92 5 68 72 15
15 25 35 37 65 23 69 36 28 42 56 21 46 3 32 66
16 42 81 91 60 47 55 16 71 6 46 26 19 64 52 98 35
20 92 82 63 72 88 96 76 48 79 91 4 74 3 5 58 15 53 7 12 6
16 27 89 90 39 35 93 5 47 41 83 79 85 62 65 80 58
14 41 66 98 29 94 97 53 26 14 35 34 84 77 42
16 67 57 79 33 29 62 83 98 25 56 28 17 55 61 39 42
15 13 36 94 62 33 88 4 18 68 46 26 31 37 14 90
16 13 39 14 24 96 72 43 1 74 60 78 94 90 93 68 83
18 8 25 86 23 74 63 85 48 82 81 44 34 68 97 2 53 75 9
16 7 52 71 43 79 96 44 99 64 11 25 30 38 55 39 69
14 98 58 73 52 100 10 56 78 72 91 43 87 62 57
16 73 35 20 90 97 30 82 29 4 37 15 95 28 75 59 76
16 31 75 2 20 56 59 43 93 76 18 51 58 60 39 38 13
17 39 62 35 2 58 94 60 66 37 22 31 59 19 50 30 71 14
16 11 81 60 43 6 95 37 16 13 34 1 64 36 47 29 87
19 61 76 62 88 15 1 64 81 92 47 17 29 16 75 27 93 21 83 73
15 48 75 90 4 58 30 87 81 34 91 16 15 19 7 29
17 26 55 99 65 97 43 39 2 68 30 52 9 57 90 36 80 24
18 31 21 56 53 54 19 10 60 66 23 41 5 6 85 26 88 62 97
17 39 19 83 15 37 40 88 2 90 53 98 9 27 80 54 49 72
16 52 61 31 40 80 39 14 51 62 89 54 58 29 13 77 17
18 88 9 28 82 39 79 65 87 40 41 53 4 74 84 69 81 95 37
16 36 99 54 81 87 58 98 49 72 28 4 44 35 17 7 80
16 1 47 40 6 44 41 71 34 33 24 99 28 67 11 21 74
18 31 36 50 38 4 46 18 39 70 62 20 63 40 99 95 77 28 32
15 89 82 74 12 49 63 36 68 58 21 5 28 26 14 70
14 69 10 2 82 27 96 31 92 43 45 77 62 29 50
15 44 78 52 61 22 23 96 8 33 94 76 87 51 50 2
17 51 57 96 98 71 18 16 5 21 42 11 80 37 39 50 70 68
15 30 13 79 8 7 66 63 90 100 2 60 27 23 77 35
15 30 84 59 73 2 28 26 56 12 90 75 77 23 10 45
15 64 6 66 13 26 19 57 98 75 65 55 80 72 62 15
17 44 82 59 83 95 22 71 87 92 2 32 41 61 34 70 60 16
18 46 20 70 96 60 81 67 11 87 92 45 13 22 89 43 69 64 12
17 66 8 12 29 67 42 73 78 60 59 94 62 79 54 47 46 52
15 67 60 80 36 83 33 28 48 10 88 29 82 23 22 20
16 27 8 74 26 63 10 25 44 98 91 43 51 11 62 14 93
15 75 97 4 6 67 56 3 47 30 59 5 80 94 14 44
19 10 58 56 87 34 66 81 26 43 90 39 11 32 28 4 24 67 47 55
18 13 94 23 16 63 69 6 39 59 38 93 40 28 52 88 46 41 81
14 10 16 14 24 95 25 22 15 70 8 82 93 6 97
14 17 87 64 24 9 44 31 65 57 72 10 63 25 5
20 65 61 70 25 47 74 58 1 14 67 32 8 93 15 97 71 30 39 51 68
16 39 22 87 59 28 1 43 17 79 4 90 45 58 33 50 29
15 56 95 29 13 75 80 7 87 58 14 30 27 10 34 99
16 94 35 26 78 48 12 23 39 42 95 40 30 28 11 24 20
19 80 99 72 52 62 92 85 97 53 89 64 13 45 57 54 36 100 70 61
18 99 27 8 16 71 53 80 17 42 85 6 58 33 86 97 24 59 14
17 62 90 73 72 74 84 43 87 18 58 24 49 100 93 14 35 30
14 13 7 93 4 34 94 90 48 27 87 76 6 63 62
17 36 25 11 88 69 58 24 29 41 13 78 9 68 82 56 19 44
17 16 86 22 35 25 36 80 68 4 30 47 69 75 91 90 100 32
16 55 10 60 29 84 72 31 70 34 32 93 79 52 59 8 5
18 71 61 92 8 12 82 81 15 99 27 93 59 18 73 62 22 25 42
18 74 40 22 17 98 68 53 16 48 8 13 89 93 60 96 94 54 56
19 6 1 77 87 56 45 7 73 74 54 9 85 78 15 86 99 21 30 70
16 5 46 73 79 38 98 94 36 49 81 62 30 75 100 76 47
17 16 13 86 66 95 11 49 85 72 42 60 84 27 40 80 57 31
17 26 62 3 22 34 24 88 11 49 99 17 81 65 83 82 55 30
14 76 75 30 89 98 20 41 38 91 14 58 65 46 94
14 80 23 6 7 49 79 42 64 50 61 29 81 69 2
15 55 88 91 1 79 82 95 18 93 20 57 46 23 80 52
17 6 93 91 45 23 90 55 38 22 37 67 42 32 46 12 76 21
15 54 16 5 52 51 15 62 84 64 17 50 96 43 1 90
17 75 78 18 70 81 48 99 76 44 5 83 24 17 59 45 38 66
18 13 16 12 96 60 24 38 1 92 42 87 45 53 77 14 18 90 62
17 9 82 65 69 25 28 77 68 27 75 43 87 72 16 48 93 71
15 39 1 49 42 35 13 99 82 96 14 64 22 27 53 3
16 68 41 24 12 65 32 56 47 10 74 43 26 36 78 89 40
14 55 59 58 94 9 20 60 41 75 65 13 8 30 95
16 96 46 40 76 10 65 87 13 57 56 24 55 91 64 37 3
16 77 37 98 86 3 9 13 51 41 72 67 84 4 23 63 95
16 56 60 78 66 81 12 44 64 89 73 20 38 34 58 71 50
16 13 10 23 86 89 58 97 5 49 31 57 76 71 45 59 53
16 19 57 31 15 41 42 25 2 72 26 40 3 63 99 91 80
13 91 81 84 92 93 21 41 30 77 13 36 75 83
15 37 74 11 69 32 59 30 94 49 14 92 21 85 87 16
17 51 23 67 28 29 50 96 12 38 62 26 61 63 32 15 48 82
18 59 72 68 41 34 4 48 81 54 82 84 35 64 70 67 50 46 25
15 96 59 10 43 56 83 78 94 81 6 79 74 64 77 28
15 62 44 97 32 74 51 33 98 26 92 82 41 95 43 13
17 48 70 53 10 33 1 47 40 63 87 26 29 43 55 75 52 82
16 44 16 1 35 26 92 69 89 93 2 67 79 38 90 91 8
19 38 45 83 59 75 11 29 91 78 53 96 23 34 79 25 3 80 61 93
16 69 7 93 99 43 17 66 1 62 21 29 84 72 64 14 56
17 48 98 81 54 53 17 3 46 52 49 30 41 18 47 26 82 94
16 56 68 99 86 38 16 77 37 97 91 65 49 43 1 90 11
16 57 44 43 61 54 24 34 1 7 35 23 94 60 48 65 76
18 98 26 6 40 65 35 73 3 85 78 9 11 32 71 38 67 79 23
14 13 3 31 20 18 47 78 60 57 89 2 53 76 84
14 39 38 85 89 30 7 24 32 60 94 91 57 100 88
17 22 15 100 8 23 61 27 31 99 92 5 83 13 76 19 88 2
17 66 50 20 35 34 76 95 71 59 32 100 48 78 21 89 82 55
15 13 75 48 77 29 4 54 42 68 30 95 44 41 8 51
18 69 14 81 58 48 25 85 28 34 20 86 66 16 62 76 35 100 32
16 20 17 55 68 88 73 25 84 95 23 2 96 13 28 57 83
15 32 55 30 77 43 33 17 22 95 39 94 54 41 11 46
16 98 66 1 31 55 67 60 30 44 78 42 87 11 56 84 91
17 63 24 37 1 10 99 82 42 15 11 2 27 83 35 66 29 74
18 18 91 58 29 1 13 84 87 25 88 12 5 75 82 4 10 99 11
17 100 17 84 16 31 98 37 53 41 69 44 13 77 97 43 89 68
15 10 5 53 23 84 57 19 65 31 44 61 78 43 4 64
17 81 61 98 80 31 87 14 78 34 90 93 53 76 16 37 69 91
16 48 95 96 77 79 84 50 55 57 17 44 9 66 72 12 32
17 83 6 38 42 2 59 30 82 87 94 48 52 51 66 4 55 88
17 9 68 38 100 31 43 45 28 36 57 11 84 62 49 4 44 14
16 1 92 50 4 27 6 57 100 22 89 60 68 80 74 36 18
15 78 25 26 35 16 3 60 61 92 19 46 79 1 80 23
18 46 47 38 16 81 53 61 49 96 58 43 36 76 42 23 5 74 90
17 83 11 91 18 15 23 19 66 76 98 80 63 59 30 74 34 93
14 15 6 45 4 93 3 29 100 61 22 9 26 51 40
17 86 16 4 59 54 26 47 63 50 19 22 74 27 77 99 76 51
17 44 21 81 94 39 46 95 59 74 76 7 29 99 77 68 78 26
13 14 96 29 23 77 89 49 38 19 13 16 67 27
15 48 8 9 14 20 6 45 52 41 83 29 33 99 21 7
16 74 68 24 30 95 12 6 100 65 78 93 77 51 14 69 20
14 59 80 30 95 73 29 71 20 60 58 53 35 74 5
17 10 71 14 1 92 95 38 11 80 8 87 59 22 5 64 86 47
16 69 48 52 18 7 91 98 34 36 66 47 39 9 88 50 97
15 56 74 32 44 30 59 49 20 61 10 27 7 58 19 76
15 84 42 94 14 96 47 39 67 36 40 65 29 33 1 69
16 16 71 97 21 94 99 37 75 9 2 64 59 6 25 90 67
17 35 31 32 23 33 9 57 26 8 19 45 37 36 61 72 30 69
18 42 67 60 100 57 5 73 77 87 21 58 6 50 66 7 72 65 76
17 53 90 74 92 96 26 78 17 83 49 77 38 95 70 68 33 28
18 12 72 7 67 79 5 88 86 95 3 37 71 57 30 96 56 10 6
16 68 81 53 54 88 70 80 26 75 50 65 51 89 93 10 76
18 77 61 38 6 62 2 39 50 72 81 58 97 18 83 13 3 19 42
13 83 70 46 89 20 37 48 86 28 9 34 98 68
17 56 92 32 30 53 11 33 24 15 99 7 14 23 64 42 82 43
15 55 84 79 9 44 71 78 68 60 1 21 7 98 18 20
16 92 52 13 55 60 1 72 41 22 9 2 37 10 20 84 36
18 45 46 1 59 4 25 50 99 29 60 43 12 51 42 81 95 55 37
17 65 25 54 87 70 75 46 2 21 1 33 90 17 22 23 6 28
15 68 14 99 73 86 83 97 9 88 3 80 92 79 70 6
15 20 88 34 3 33 5 47 55 52 7 57 24 96 2 17
16 70 98 77 79 15 32 88 40 68 43 80 51 29 20 74 33
15 80 82 86 3 98 42 13 77 94 51 74 63 39 20 97
19 7 47 1 36 73 8 87 84 43 9 26 94 71 15 52 29 25 38 53
18 77 86 71 73 69 12 75 14 63 51 94 64 3 25 28 80 89 35
16 90 59 60 56 93 53 73 3 69 75 95 12 29 6 38 68
14 50 6 23 20 18 59 12 38 79 63 45 55 94 13
15 73 34 31 79 20 82 59 94 7 70 61 37 47 57 99
15 1 28 65 49 67 36 68 62 97 11 81 5 69 33 39
16 48 59 21 4 72 100 74 85 69 82 34 60 49 68 27 26
16 15 64 10 69 23 7 44 47 79 19 91 46 33 53 72 60
18 52 7 27 50 91 74 30 66 55 81 29 83 4 18 25 73 53 6
18 51 30 63 34 50 11 44 56 20 27 71 64 47 16 13 29 46 5
15 30 100 24 70 90 21 42 78 14 37 6 65 75 55 82
17 71 35 23 7 16 59 78 80 44 88 45 87 89 42 99 67 55
18 63 10 7 4 26 73 58 54 38 17 13 95 55 89 33 40 62 83
15 59 2 88 87 60 18 15 74 51 93 95 58 52 28 56
16 21 80 96 93 57 35 73 91 88 78 44 53 48 83 8 39
16 67 20 12 71 17 80 99 72 39 16 97 18 31 32 54 14
16 99 90 57 17 68 39 5 29 72 53 67 52 28 77 51 94
19 21 9 78 82 15 87 32 97 65 20 88 61 67 76 28 43 70 79 49
15 72 90 23 91 31 28 10 55 96 37 1 75 11 57 89
18 50 39 82 47 54 65 74 45 62 70 6 1 79 5 59 99 100 53
16 56 61 28 76 94 12 80 91 1 2 74 69 59 22 7 79
16 8 88 94 7 96 50 89 92 61 90 44 26 79 73 5 65
15 21 92 48 99 70 40 22 85 28 8 94 74 49 32 84
18 15 85 44 64 95 68 55 60 84 31 62 76 96 54 49 56 70 19
16 96 34 59 95 36 35 46 69 100 39 81 26 11 88 75 48
17 53 1 24 46 34 9 10 50 38 57 61 28 23 85 86 90 80
13 71 11 69 98 38 35 81 40 80 18 48 66 24
18 2 49 31 52 50 98 73 40 28 69 91 13 75 61 88 18 42 96
15 8 96 91 97 88 20 4 22 77 58 12 35 19 38 13
16 79 38 4 11 61 68 45 16 53 43 59 70 22 54 12 20
15 11 67 70 31 10 51 40 91 92 2 80 37 85 71 83
17 22 73 69 13 75 78 31 38 12 70 71 5 88 33 34 35 29
19 3 93 63 13 59 74 62 95 51 87 15 45 34 40 69 20 43 84 78
16 2 81 21 75 12 23 66 40 60 8 43 90 22 47 54 26
14 40 16 53 96 46 36 71 12 59 61 5 56 85 9
15 56 85 5 70 30 2 24 99 63 72 54 28 21 88 75
16 79 9 43 100 45 14 62 31 66 11 5 32 74 46 3 72
15 89 80 50 33 16 30 17 5 47 67 19 61 53 100 31
19 61 85 43 40 74 78 55 59 21 92 86 49 75 65 44 29 11 80 79
15 69 67 38 80 6 55 64 20 37 54 1 21 94 75 100
18 42 57 44 94 22 55 49 51 30 82 69 97 74 4 77 15 96 88
15 9 74 5 40 4 29 21 32 98 59 87 36 66 77 96
19 50 99 22 28 43 2 16 19 10 45 32 53 94 42 57 40 93 26 62
14 59 10 31 64 68 26 92 90 94 93 69 15 34 60
17 62 7 67 15 76 46 26 86 52 97 39 81 100 50 16 25 21
17 99 61 8 73 3 70 48 84 32 56 100 82 15 98 62 46 9
16 55 91 10 18 67 6 41 47 48 32 26 35 3 64 1 90
17 92 4 59 10 21 7 71 13 35 61 78 96 45 15 38 84 98
16 100 72 6 10 14 81 17 55 24 61 96 25 27 75 7 36
15 17 18 10 64 70 23 84 49 47 90 6 48 72 79 60
15 31 30 68 8 66 54 27 96 48 99 98 75 45 5 100
13 42 53 100 64 29 96 80 47 21 30 95 5 65
16 56 83 68 1 49 47 35 58 84 3 31 60 50 93 62 13
16 8 11 70 1 26 81 50 7 30 6 94 13 18 48 85 95
13 52 39 14 48 13 2 21 61 93 40 32 70 65
16 64 34 47 50 96 100 33 63 32 3 23 40 59 46 87 71
17 35 58 40 77 15 3 39 92 81 34 14 57 43 78 13 16 55
14 77 17 93 1 24 65 46 23 11 78 95 67 16 25
16 43 58 44 76 27 91 42 23 94 67 13 51 49 52 48 20
17 89 45 51 68 77 19 56 81 29 12 53 14 8 66 58 26 57
14 71 79 8 33 35 13 36 46 62 49 29 41 50 82
15 25 14 42 59 22 28 29 56 91 15 21 71 49 51 57
16 8 28 55 6 33 1 100 79 2 82 3 43 18 42 68 97
18 10 53 60 54 95 51 61 90 7 47 49 25 83 71 1 67 86 97
18 47 96 33 22 27 34 31 12 69 83 70 2 49 62 100 65 87 5
16 97 43 93 23 4 88 47 77 32 20 63 55 51 45 6 31
16 52 61 76 54 35 20 23 80 10 39 56 33 44 38 53 46
15 100 64 87 53 78 38 99 66 97 93 91 48 27 51 74
16 67 39 37 6 44 64 20 97 31 22 61 100 25 8 42 59
18 86 9 98 68 30 88 32 35 74 49 1 47 51 85 48 94 23 50
14 66 68 14 11 1 76 54 87 18 33 24 32 51 15
17 97 62 86 82 45 40 85 50 1 52 79 80 64 72 47 16 95
17 100 29 56 60 9 87 19 31 43 38 36 37 47 26 24 85 97
19 4 1 63 45 70 94 3 56 50 89 38 84 35 98 66 46 58 14 71
17 78 43 40 34 12 71 54 11 65 91 97 81 77 39 32 98 38
16 86 74 11 8 36 55 83 79 82 9 85 26 84 59 6 73
15 39 2 44 95 79 76 33 96 62 7 22 9 82 27 75
14 54 15 90 10 51 95 61 44 39 18 92 45 7 4
15 25 30 96 21 42 19 91 88 86 33 68 34 71 18 61
16 45 39 34 50 13 17 11 56 57 36 20 67 43 48 72 12
15 35 4 48 13 6 25 62 17 23 63 45 8 83 37 5
17 22 8 54 43 67 99 75 98 97 7 33 34 57 37 17 66 84
16 50 71 5 32 64 4 26 82 14 92 53 20 23 80 38 18
14 24 85 7 89 83 43 79 48 77 94 96 10 45 95
15 16 13 67 73 6 30 34 55 69 38 24 15 33 93 10
14 57 1 51 36 6 29 61 38 24 66 89 49 94 35
14 74 83 42 40 30 25 55 6 52 66 3 86 94 10
16 43 33 99 1 63 70 26 15 77 95 6 36 74 12 2 85
17 68 91 97 58 60 98 47 42 34 3 48 18 77 56 37 6 89
17 28 100 53 58 43 17 84 77 26 45 64 96 55 33 5 30 10
14 39 9 93 49 51 76 74 96 31 45 100 55 48 6
17 50 57 46 1 99 3 19 25 82 83 37 66 48 9 98 6 93
16 62 54 14 7 46 22 98 63 10 82 4 97 39 5 66 83
16 78 87 59 93 30 1 80 66 43 97 3 70 48 7 79 69
15 1 61 11 32 41 23 62 42 33 40 2 25 76 26 67
15 35 11 62 19 43 42 81 6 58 12 54 17 33 82 68
16 82 29 96 26 20 59 62 40 43 89 65 97 23 77 45 86
17 4 52 19 25 17 39 3 45 96 65 67 55 53 32 83 72 48
17 18 27 82 89 46 93 25 23 100 71 76 49 50 26 4 80 41
13 31 94 42 69 49 52 32 15 44 97 60 24 5
16 62 46 71 23 89 82 29 79 99 97 68 39 91 96 36 74
16 26 47 99 4 24 7 56 68 36 72 98 71 27 57 42 49
17 72 18 23 74 49 16 35 34 78 58 60 66 14 96 70 37 11
17 51 38 94 55 61 3 84 87 56 73 8 33 1 92 46 32 35
15 11 41 23 57 10 77 84 44 91 8 54 21 6 62 93
15 95 30 13 9 18 57 45 16 20 49 23 33 67 96 19
17 69 39 70 14 32 13 68 1 30 61 46 17 42 59 64 29 63
18 27 82 85 97 33 8 61 94 78 91 9 69 90 74 63 67 95 88
14 59 27 10 74 52 70 80 76 43 98 21 33 68 93
17 65 67 31 80 92 57 20 85 81 39 10 84 66 9 18 51 54
16 50 24 36 95 44 78 9 61 27 82 40 37 99 33 1 23
15 92 54 28 41 97 81 89 67 20 84 48 69 74 34 88
18 20 41 6 47 77 29 78 19 82 44 31 76 91 88 85 39 43 81
15 22 66 9 98 99 4 75 87 8 31 46 23 88 40 20
14 48 83 89 26 80 96 76 88 68 31 56 22 60 73
15 52 2 10 47 42 74 96 16 77 22 89 29 21 20 37
16 74 43 1 82 65 70 36 4 17 88 86 59 16 55 98 49
15 54 2 81 55 66 28 16 29 23 92 39 56 100 72 70
18 79 96 51 29 66 77 82 83 25 91 54 8 70 95 1 11 78 71
15 7 40 97 32 10 36 1 45 64 21 98 90 78 14 99
16 24 84 81 65 11 34 7 2 74 13 14 22 36 15 95 60
17 98 70 100 7 71 57 40 66 69 29 64 31 48 50 22 36 72
18 44 11 20 74 4 80 93 21 51 36 46 23 1 40 76 58 5 39
14 14 37 86 19 100 4 71 40 65 47 22 1 8 63
17 84 73 29 48 80 19 26 53 76 39 25 10 41 70 8 30 60
16 21 31 32 58 40 51 71 5 60 69 25 65 23 8 86 13
15 54 1 19 48 76 36 45 87 28 64 69 13 29 98 14
15 2 73 12 88 40 74 21 3 65 35 75 69 62 28 97
18 97 84 49 82 30 79 68 70 71 51 9 17 74 3 77 15 67 83
14 22 74 20 71 97 69 58 91 64 93 78 52 37 100
18 76 62 54 70 74 48 88 44 15 53 45 40 6 90 12 27 97 98
16 21 40 69 82 73 24 52 31 2 58 57 1 36 93 18 86
19 85 60 23 92 99 63 10 58 9 56 95 87 36 21 25 77 33 78 48
15 97 48 8 46 13 63 73 84 38 51 55 58 65 61 71
18 61 41 93 82 62 44 60 48 78 75 63 20 100 99 37 28 53 19
19 18 25 67 34 6 73 74 50 2 72 80 20 29 56 12 70 35 68 39
18 16 2 19 91 35 93 69 8 30 20 98 77 96 59 76 45 80 57
13 16 14 12 92 23 46 81 82 41 4 77 20 22
19 30 41 75 93 6 84 51 42 96 54 67 46 77 64 65 66 69 56 68
18 3 34 2 31 5 17 24 93 11 1 71 76 8 55 62 10 19 36
15 60 1 88 59 25 58 77 40 64 13 55 24 37 98 18
16 52 73 42 51 98 29 50 70 35 26 55 71 25 88 15 62
19 36 6 60 4 15 22 86 78 55 27 10 91 65 34 77 68 3 66 88
17 94 8 61 1 45 69 6 88 24 73 86 20 29 33 14 90 46
16 58 82 99 87 7 90 26 14 77 38 2 42 30 69 68 33
16 61 84 16 59 14 81 78 31 44 5 3 75 83 30 51 58
15 6 39 73 71 22 23 99 34 30 94 60 32 50 36 80
15 11 29 42 97 34 16 89 76 74 75 84 80 31 23 81
13 34 14 44 20 40 67 24 3 42 50 11 16 62
13 49 85 7 94 28 10 46 63 13 89 70 58 30
14 76 56 21 53 89 97 85 14 63 47 38 46 52 29
17 90 86 43 18 23 13 38 25 79 41 94 24 63 8 15 66 45
17 21 55 48 66 14 19 79 8 65 12 97 38 68 59 47 26 23
15 51 64 87 4 80 99 75 40 36 1 12 42 31 18 22
17 78 29 86 20 37 15 7 95 88 53 56 38 13 59 11 2 99
19 4 29 77 53 54 96 91 63 36 58 46 12 14 50 59 32 62 44 94
17 82 67 87 4 88 29 59 52 83 69 10 73 43 78 26 58 95
14 27 46 34 43 79 18 28 38 8 98 81 31 6 22
17 43 93 86 18 36 16 20 99 68 45 22 32 67 60 78 54 70
18 37 22 48 90 57 67 10 44 17 59 60 5 24 4 16 14 75 68
17 81 6 74 65 37 71 32 4 87 57 25 95 15 10 12 9 68
14 3 68 65 29 40 83 54 63 70 18 55 79 84 93
17 72 55 59 46 58 92 84 15 5 32 45 85 79 69 61 24 21
18 28 96 98 31 21 44 66 18 16 15 86 19 93 50 72 51 64 38
16 58 55 20 42 94 84 56 24 39 67 30 3 2 69 36 98
16 72 76 21 96 67 59 88 12 30 46 44 52 8 54 51 26
16 37 71 53 4 45 15 52 28 55 24 98 67 21 73 82 31
15 64 32 10 69 91 78 39 52 24 43 88 94 4 28 8
15 1 17 100 69 67 48 21 27 58 55 46 16 54 89 93
14 26 23 14 54 44 1 38 37 69 45 99 74 90 13
13 59 44 46 12 19 58 3 50 31 85 51 81 86
17 37 12 18 30 57 68 60 86 16 42 53 27 41 38 96 51 31
16 43 11 98 67 22 95 8 77 81 18 35 72 71 55 40 44
14 62 44 95 43 66 24 10 59 82 42 25 68 55 37
15 21 59 20 79 56 83 82 6 32 89 87 17 93 22 77
15 66 29 47 46 88 23 95 51 37 18 50 9 68 77 41
14 37 91 17 87 1 3 66 92 27 96 65 69 13 81
17 6 17 4 92 31 51 58 61 47 91 71 1 30 24 37 28 3
15 19 53 79 97 20 69 92 98 6 11 46 2 88 32 52
14 22 5 81 55 8 2 10 23 88 69 49 91 17 63
14 15 22 87 97 32 79 35 99 85 66 48 40 10 39
19 76 29 18 81 13 61 9 43 52 48 32 57 70 92 83 85 20 28 47
15 85 100 86 24 79 47 29 37 57 53 75 46 67 17 64
16 12 2 46 77 34 91 43 56 1 99 76 11 59 65 96 23
15 39 41 73 27 30 43 96 19 32 75 66 50 61 18 98
16 79 46 100 64 32 42 18 5 40 75 19 48 62 14 67 24
17 92 42 57 17 45 93 78 8 3 83 33 95 37 64 35 88 76
16 99 43 76 93 91 36 37 79 44 22 31 70 73 85 65 46
16 74 86 30 66 54 1 16 51 67 52 32 4 63 89 47 57
16 59 66 39 13 92 35 52 15 34 87 26 29 31 82 84 5
13 60 49 71 99 55 61 48 57 86 8 10 65 1
15 33 59 11 9 57 2 86 18 4 44 58 71 26 20 3
14 1 41 20 26 45 25 90 73 34 12 78 80 69 19
15 3 72 85 37 61 52 80 9 84 12 35 46 5 91 32
16 9 100 38 77 61 7 90 53 83 69 10 13 82 68 91 2
16 35 21 57 69 42 45 97 20 50 36 55 1 63 51 65 52
20 1 60 5 99 39 10 81 4 23 83 51 79 72 87 76 41 89 24 53 45
17 32 66 83 96 11 92 5 61 45 87 13 88 65 12 16 54 2
17 85 15 7 99 47 50 34 79 70 40 62 29 55 2 52 69 88
18 85 79 68 75 67 69 11 27 51 73 90 100 7 66 76 99 31 37
17 44 89 30 84 15 28 93 66 77 74 23 35 53 54 27 97 90
16 52 48 7 27 36 55 94 42 83 84 76 15 67 45 91 30
16 66 18 8 35 89 71 46 3 45 47 88 96 12 65 97 36
16 78 9 70 69 17 52 91 38 79 27 21 96 95 85 23 81
16 40 95 80 41 90 15 93 23 36 25 100 66 81 53 16 79
17 84 62 64 76 97 67 57 12 40 81 47 38 29 98 95 83 15
14 57 54 65 98 95 78 4 16 68 77 14 23 42 97
18 69 80 67 45 17 48 33 49 52 81 35 59 26 76 51 46 8 86
15 29 99 51 50 19 25 7 90 33 11 46 34 93 79 43
17 61 17 28 100 96 15 73 86 47 31 51 44 77 46 87 78 52
18 63 58 2 43 87 4 54 36 91 10 47 46 97 25 73 39 60 9
16 42 47 96 38 83 94 1 51 67 10 19 69 28 49 35 31
15 7 28 72 75 67 16 61 24 55 4 53 80 68 40 19
17 67 74 58 18 50 26 63 65 97 48 54 33 42 20 45 25 38
16 87 9 74 12 1 27 35 19 5 11 90 76 49 20 95 55
18 16 25 45 100 87 70 73 55 43 71 97 77 51 32 65 74 6 60
17 56 12 58 35 75 77 40 89 41 33 96 28 93 43 36 5 18
16 4 53 71 21 81 51 30 11 59 100 96 63 77 92 15 65
15 12 58 35 92 46 99 11 90 93 81 54 85 43 36 34
18 56 7 50 36 65 28 71 44 68 77 47 91 1 70 40 57 31 12
15 23 27 18 8 37 92 20 50 46 84 89 67 82 25 3
15 85 95 63 61 22 40 31 4 2 67 86 6 7 87 45
17 39 94 49 18 4 99 11 80 61 76 38 13 5 75 2 88 57
17 43 16 26 70 18 45 61 79 40 8 95 11 91 27 77 9 13
16 39 86 84 75 72 3 65 23 89 37 100 45 1 28 33 92
18 75 46 14 36 31 62 12 30 48 89 73 24 23 92 86 70 6 29
16 11 54 33 13 3 7 88 56 6 66 41 20 50 57 75 8
18 44 83 97 94 95 49 60 59 55 31 38 67 61 63 85 27 22 89
18 15 96 94 70 31 20 18 92 75 88 44 34 12 9 64 21 58 95
15 94 25 12 99 40 62 67 93 89 39 23 29 76 85 69
16 9 66 53 4 79 71 26 50 15 23 54 6 61 43 73 35
16 92 88 93 58 47 46 22 24 53 50 68 89 7 13 18 77
14 55 52 29 40 42 78 67 66 33 91 60 72 70 87
15 27 15 26 28 97 60 80 16 9 64 59 67 10 57 4
16 8 15 47 98 96 42 94 48 50 95 86 45 64 16 53 51
14 97 91 25 32 42 86 45 41 21 100 85 92 94 18
16 28 25 70 10 74 82 48 17 29 15 14 22 30 35 77 40
16 85 6 5 26 51 27 20 44 89 99 74 39 56 13 35 55
14 18 42 35 46 30 62 43 16 38 5 71 11 45 93
17 41 60 91 70 81 42 40 96 32 84 10 44 56 46 9 13 74
15 100 79 91 74 70 39 22 84 25 18 77 49 15 54 53
17 82 73 58 100 90 45 67 97 33 70 74 36 25 94 92 23 50
17 27 86 66 89 16 35 15 54 53 28 6 44 95 39 32 36 49
15 66 10 75 19 1 42 76 86 92 34 21 68 26 81 14
17 91 1 82 71 72 93 79 66 8 98 88 52 30 56 50 43 89
14 65 18 50 34 33 52 68 11 5 55 88 95 10 93
15 55 86 26 84 41 49 92 75 73 61 11 83 16 36 24
18 41 64 15 42 34 75 81 93 98 62 80 16 65 99 67 88 56 58
17 60 11 29 70 1 90 39 69 56 55 12 57 45 46 95 71 94
14 53 79 54 41 45 10 2 1 40 87 78 57 11 94
16 54 13 66 43 79 80 46 58 10 21 69 5 90 20 87 100
17 87 13 54 36 12 50 90 41 19 89 93 9 22 16 3 69 81
14 38 69 45 65 50 13 31 33 19 34 89 20 44 16
16 74 90 95 67 7 46 79 75 87 92 63 21 78 69 32 57
17 47 57 56 17 93 23 63 62 25 94 1 74 20 55 58 11 8
16 8 32 39 65 47 77 71 100 26 20 60 89 48 75 40 53
18 67 36 3 90 48 16 23 10 74 38 42 97 14 84 52 7 87 98
15 35 74 79 18 85 100 61 89 19 41 47 2 49 56 84
14 22 41 6 97 51 58 86 37 36 87 78 60 76 3
15 80 2 21 38 94 66 24 19 86 50 37 61 1 58 48
15 62 78 40 71 53 99 59 26 18 50 19 79 66 73 32
15 37 72 95 66 50 97 91 42 59 56 26 68 39 67 60
17 87 59 54 56 96 39 67 6 20 94 52 9 29 44 50 22 53
17 73 39 12 3 6 50 77 78 45 83 54 96 88 89 23 71 65
17 9 26 60 80 24 42 23 69 59 48 20 51 53 16 4 49 45
18 91 93 55 18 27 17 15 10 3 92 86 65 96 88 53 14 43 40
17 97 85 54 11 29 15 98 25 73 59 69 27 47 5 16 92 49
17 76 53 16 92 46 94 72 78 71 24 49 68 31 96 60 17 82
14 46 12 31 58 96 11 4 17 9 73 95 74 71 79
15 69 79 83 14 82 6 64 23 40 72 18 45 88 56 93
14 79 91 10 36 74 65 47 37 99 9 51 52 7 31
16 54 52 100 9 89 8 41 84 2 42 80 46 82 40 65 75
15 24 15 51 61 90 28 16 79 34 2 65 75 8 23 32
17 72 71 47 26 75 99 79 48 10 62 81 5 87 9 63 70 56
14 25 12 74 50 94 91 89 58 2 76 13 52 23 34
15 90 78 22 80 51 21 64 11 68 37 73 72 71 97 27
17 81 67 23 29 89 82 56 66 59 47 48 61 18 32 57 77 9
16 26 42 97 52 62 88 31 68 2 69 3 54 38 78 20 94
16 95 98 55 18 85 68 11 49 96 23 30 2 69 87 93 100
16 80 94 55 79 60 21 92 37 16 66 25 40 74 8 63 83
15 20 74 4 44 86 33 8 36 78 23 80 90 92 72 63
19 86 74 69 29 37 36 35 54 3 49 31 84 92 30 32 79 28 59 90
17 21 61 35 49 84 40 34 52 72 93 74 3 38 15 26 39 7
17 82 68 19 29 22 98 61 59 45 25 51 27 39 89 86 84 65
18 32 19 59 91 3 76 82 35 53 73 17 13 48 71 65 34 36 49
17 25 43 66 1 76 2 86 50 31 8 5 35 60 46 99 81 77
15 40 98 73 9 44 50 79 37 12 46 96 62 7 100 81
17 61 92 79 11 26 33 10 20 66 17 65 86 76 80 39 4 1
16 51 77 7 84 89 9 18 45 21 46 82 3 62 42 87 31
16 84 11 26 6 17 49 21 98 15 97 72 95 54 41 40 55
14 32 69 61 8 63 34 52 71 27 77 26 33 38 45
17 64 87 90 41 38 22 8 47 14 70 35 51 80 52 6 85 21
17 90 4 26 43 84 73 62 47 12 36 24 99 96 78 45 2 31
16 48 84 50 36 9 79 10 45 52 15 85 56 43 97 99 83
15 35 22 84 80 52 29 12 97 73 59 58 45 44 16 36
16 73 89 95 37 26 11 7 67 4 54 16 66 21 57 83 96
17 62 3 28 18 46 39 8 4 10 73 77 52 42 35 41 76 23
16 54 69 59 36 74 11 96 64 39 81 1 84 24 92 51 94
20 50 95 46 53 63 57 26 91 16 37 82 76 22 56 94 51 34 85 5 78
16 14 90 6 41 1 15 2 16 22 89 61 87 3 99 21 43
17 84 38 48 90 22 85 61 66 45 18 39 21 94 33 4 40 34
16 22 24 23 27 78 67 99 60 35 30 84 33 90 34 43 98
16 22 30 36 18 15 26 40 68 59 12 72 9 48 32 76 57
16 32 86 97 91 92 67 64 21 4 89 17 26 19 39 8 56
13 62 85 6 81 55 47 46 32 42 21 49 48 78
15 79 45 85 21 73 22 18 39 96 33 53 49 89 2 43
19 86 44 19 31 32 78 7 69 56 60 97 33 15 59 41 89 51 76 10
16 45 12 47 58 2 33 85 40 49 94 38 5 54 61 23 65
19 91 90 28 24 26 34 41 80 95 53 42 35 31 66 21 30 51 37 45
17 11 63 72 24 98 48 86 82 60 69 8 34 16 73 84 53 7
16 15 18 58 11 29 66 97 12 50 75 95 44 24 13 67 63
15 41 26 28 87 44 3 65 95 82 21 58 29 46 96 94
16 54 69 70 27 49 84 98 56 44 45 11 48 41 95 13 65
19 21 14 83 96 63 23 17 79 41 90 46 71 33 51 92 2 24 27 81
18 35 24 20 90 14 43 71 85 55 86 97 84 9 78 46 72 62 11
14 80 14 97 64 84 92 28 10 81 44 39 35 26 18
14 80 13 48 38 26 95 71 27 20 64 24 85 9 76
17 76 35 88 61 80 74 97 77 83 53 34 25 86 73 29 59 37
16 29 25 61 93 100 42 95 47 35 22 38 44 80 32 48 36
16 82 33 99 43 27 2 20 22 26 45 74 47 8 71 84 49
14 72 68 86 4 36 11 97 31 78 88 35 60 71 5
15 53 44 70 82 29 94 33 16 77 14 12 35 18 4 15
15 40 55 92 80 37 5 23 52 29 14 28 95 77 26 72
15 63 4 99 9 78 80 95 81 88 46 32 62 89 38 14
16 80 88 76 59 8 68 43 36 32 91 14 92 70 62 39 63
18 53 47 71 38 51 98 78 91 66 69 46 1 34 23 13 74 70 22
15 12 58 39 57 89 99 17 95 59 26 42 94 66 30 61
15 10 97 65 28 84 53 6 17 41 24 78 13 54 48 80
16 3 90 93 77 15 46 83 1 5 26 29 65 66 94 47 82
15 68 9 50 95 16 47 79 74 82 41 56 83 14 71 7
15 97 75 68 92 49 10 60 18 22 67 48 63 95 73 88
14 54 29 10 76 21 14 70 82 25 93 65 56 1 37
15 34 64 82 69 63 72 39 9 61 6 83 48 98 100 88
13 2 73 38 11 12 88 30 19 35 48 78 65 70
18 3 27 56 46 54 63 68 77 39 79 37 7 5 44 53 8 1 23
16 8 19 66 49 75 81 39 34 100 74 83 2 79 48 24 97
18 31 28 51 50 77 21 9 81 89 61 93 4 24 34 39 75 14 84
15 55 3 22 79 28 92 77 15 61 81 12 39 46 80 9
18 17 35 23 60 13 58 67 76 33 21 20 54 90 7 78 72 81 48
15 13 77 42 19 5 38 15 21 100 67 64 28 54 34 7
17 28 51 53 5 10 80 92 71 45 32 95 60 77 72 2 69 84
18 5 43 93 77 98 25 81 75 92 21 64 26 96 61 37 3 56 97
18 52 31 78 59 54 63 57 50 51 33 36 20 68 19 92 16 27 65
18 16 95 27 73 9 2 26 76 34 100 97 19 40 45 89 30 17 24
16 70 92 31 75 78 60 24 26 100 64 34 51 87 69 45 82
15 23 33 36 79 22 5 95 100 45 40 71 44 64 38 63
14 69 61 3 72 90 89 27 14 85 36 49 46 39 13
18 51 100 79 29 61 59 95 13 44 35 40 52 89 55 11 10 72 54
15 40 70 56 55 37 9 57 67 60 24 50 10 100 88 91
14 72 65 18 38 59 98 15 71 91 43 80 93 40 10
14 86 43 15 24 81 75 98 30 14 46 21 62 94 44
16 21 46 69 11 56 92 47 87 24 36 6 26 93 8 51 89
14 10 65 46 41 88 92 85 7 48 21 60 20 98 77
15 90 98 67 89 51 80 22 73 5 44 26 60 87 24 96
17 90 66 57 54 63 65 30 10 40 50 4 67 32 31 96 19 46
17 34 42 85 14 8 4 62 29 71 76 93 96 88 35 57 97 6
17 33 5 80 59 72 6 23 90 54 41 35 38 31 45 83 55 95
15 83 87 36 89 94 84 50 3 6 60 59 24 69 43 63
14 84 35 28 10 23 88 14 38 18 66 92 73 29 30
14 55 11 13 97 47 15 42 34 93 95 69 36 85 81
13 52 36 94 49 37 77 19 23 62 6 4 30 47
16 32 79 10 34 49 17 14 58 31 54 23 73 67 43 51 71
15 39 63 60 18 42 35 48 32 61 41 98 74 77 53 58
14 61 13 87 43 27 24 92 100 28 47 4 25 22 37
17 17 47 95 93 21 87 52 42 36 84 39 25 58 86 14 1 65
17 88 16 43 89 51 41 96 11 50 82 78 80 38 46 92 47 27
14 90 15 13 78 71 18 87 31 68 55 70 95 73 4
17 59 13 46 2 79 25 31 90 83 62 15 94 34 39 51 100 52
14 88 53 73 62 50 37 46 34 26 13 92 27 66 54
14 62 16 85 31 21 67 69 58 74 34 44 75 19 81
17 36 22 50 94 41 40 67 30 54 65 70 33 86 88 10 62 61
19 89 57 3 66 14 45 97 95 6 70 11 85 67 60 33 81 35 24 77
15 4 68 28 42 11 59 12 86 78 98 25 65 81 75 45
19 69 8 54 65 47 64 7 87 60 84 88 5 85 24 39 99 23 35 50
16 42 25 55 2 74 11 89 69 71 44 9 33 28 27 63 30
15 31 3 85 16 77 40 78 75 24 59 15 34 90 65 8
16 74 66 33 22 67 90 81 95 34 53 56 37 49 94 15 21
18 45 33 41 19 34 91 95 100 11 63 69 35 3 68 75 79 89 99
13 23 54 64 92 62 68 61 89 86 3 50 71 91
17 91 81 3 38 51 62 46 57 31 35 16 60 84 47 49 2 82
14 20 25 40 30 84 83 22 73 13 99 60 49 32 41
14 77 21 8 30 78 74 13 23 10 67 72 87 92 71
13 69 13 35 23 16 39 83 24 68 57 38 53 94
14 23 85 27 15 77 9 63 16 93 73 12 56 68 86
16 66 28 54 100 89 46 27 91 92 53 24 44 6 36 38 57
19 71 7 81 20 48 93 25 9 99 50 40 6 76 4 36 57 11 64 74
15 93 94 10 84 28 12 51 14 37 22 70 53 19 83 7
16 42 62 89 69 74 40 35 77 86 12 6 67 7 15 72 24
15 76 92 68 58 33 19 53 90 31 38 49 34 81 45 42
16 5 72 28 33 83 85 87 13 48 70 46 68 80 86 23 65
16 58 54 30 7 63 57 25 56 41 64 86 10 38 33 74 48
15 88 79 5 36 64 93 7 72 52 99 10 58 94 63 62
16 24 88 94 70 100 25 8 23 6 32 47 83 62 52 80 59
17 58 17 100 63 14 29 60 72 41 49 15 97 51 67 62 91 74
18 24 58 71 59 84 60 27 82 39 44 31 54 78 91 96 3 18 52
16 15 96 19 77 41 67 38 43 30 66 99 24 64 74 89 35
17 59 10 42 1 27 90 44 91 100 62 79 52 36 51 16 13 15
15 21 96 89 65 4 7 49 1 54 8 9 83 50 95 22
15 92 3 36 59 86 54 8 85 100 18 50 46 17 2 80
14 23 86 5 60 42 3 65 50 37 98 57 16 25 2
16 26 72 36 58 9 28 54 85 75 11 89 100 83 27 86 5
15 27 64 47 92 71 53 24 43 28 44 39 83 29 75 17
14 7 60 14 42 20 26 77 93 57 95 54 74 64 84
15 82 20 51 18 80 95 22 42 100 23 43 98 10 63 30
14 11 34 29 53 77 14 47 92 68 55 37 23 80 57
16 86 89 11 28 8 90 95 18 83 63 67 58 25 27 40 64
16 71 25 81 99 30 14 7 15 95 39 60 29 86 22 89 44
17 69 90 45 11 61 42 74 25 16 73 83 84 93 19 12 40 21
15 44 83 2 74 40 29 64 13 89 46 9 1 68 7 93
16 14 30 34 65 82 95 57 12 17 27 90 37 85 60 63 59
17 52 7 28 6 76 11 83 74 77 12 90 15 47 51 43 61 29
17 31 8 63 33 28 34 78 49 11 19 30 9 58 35 87 68 52
17 49 16 44 67 79 92 8 20 82 90 68 89 39 2 29 93 31
16 18 69 43 51 27 78 30 36 59 35 68 17 39 16 62 21
15 31 36 69 4 83 74 20 65 24 100 13 51 45 37 89
16 95 50 56 6 28 81 74 24 47 90 15 43 62 60 70 45
16 97 87 92 65 27 47 60 17 71 14 73 3 31 90 74 55
17 37 98 83 40 60 35 49 22 65 55 2 45 82 7 13 14 28
16 27 34 47 83 75 70 87 67 3 58 41 66 69 76 100 88
17 47 49 62 7 24 95 23 52 18 51 67 4 15 42 31 9 70
18 41 14 89 72 22 92 27 87 59 68 5 6 98 37 51 63 19 99
18 5 85 97 66 19 38 80 36 57 2 98 60 61 1 92 65 55 25
14 88 42 57 27 12 91 97 96 49 30 10 58 52 48
14 19 46 69 41 78 20 60 30 6 89 28 12 92 10
15 55 26 71 47 93 76 92 27 15 80 23 78 6 83 16
16 48 97 28 37 58 64 87 35 7 60 59 73 81 17 1 95
15 98 82 11 13 6 58 63 78 55 80 26 65 30 75 81
18 38 93 44 89 16 46 74 94 59 29 8 47 1 5 25 83 49 75
18 10 48 87 23 11 43 86 54 61 6 50 88 38 69 37 65 67 30
18 2 44 15 71 35 38 90 12 93 87 33 30 95 96 62 72 91 70
14 90 59 96 46 40 39 73 26 97 42 95 43 79 62
16 43 79 40 42 55 62 33 68 23 93 54 51 71 15 90 36
17 83 43 22 36 91 62 6 70 48 64 19 59 85 98 8 33 23
16 80 10 19 82 43 95 20 13 36 16 31 15 51 2 56 39
13 1 87 83 65 86 20 19 71 59 74 11 79 7
14 23 74 8 2 64 44 22 79 4 33 91 17 55 40
17 99 12 33 97 75 39 17 78 89 67 20 100 87 22 6 56 3
16 54 2 65 91 22 52 58 61 14 34 84 32 15 41 9 88
17 16 44 30 51 22 12 49 41 50 29 38 66 91 53 13 1 28
14 69 57 34 76 81 73 12 68 82 42 90 45 25 23
15 53 81 20 87 100 8 52 24 77 18 56 49 69 19 61
14 62 83 45 17 47 94 22 78 26 65 11 28 30 70
17 54 99 38 9 31 32 39 16 59 87 81 44 86 1 76 36 92
15 97 45 47 53 7 34 13 15 61 8 14 5 88 16 49
14 83 53 3 33 27 43 48 86 64 69 59 24 58 18
17 99 38 5 80 23 14 42 2 63 29 59 32 95 47 68 61 12
17 56 38 39 14 53 7 16 20 75 13 99 69 72 12 23 2 55
17 47 48 55 44 94 84 71 76 74 1 11 78 19 7 100 91 33
13 18 55 56 38 34 75 42 52 15 16 10 26 79
15 50 92 6 11 4 17 2 70 59 67 57 15 97 12 43
15 67 79 83 54 11 87 74 32 82 57 98 78 93 95 76
14 67 83 26 17 72 5 59 89 25 14 2 46 6 77
17 83 29 40 20 37 87 78 56 11 32 2 80 88 48 77 19 95
16 25 40 33 92 49 21 45 38 28 63 7 66 52 56 53 27
15 16 23 5 33 65 69 61 8 79 37 77 71 80 84 92
16 72 99 86 68 24 28 42 43 22 47 81 89 26 90 88 91
18 62 11 83 27 82 75 65 59 1 96 70 66 36 9 86 42 74 5
17 42 96 8 67 11 95 13 54 58 33 17 70 15 82 89 45 98
18 99 71 83 42 65 48 37 90 8 32 25 53 94 72 89 75 28 39
18 90 27 93 1 40 64 58 35 14 56 62 26 84 3 2 82 52 4
15 35 26 21 24 34 8 63 23 10 49 61 94 20 88 100
17 96 22 83 69 26 92 28 65 11 57 82 39 34 95 53 12 52
17 59 70 56 37 41 88 67 98 95 65 26 62 71 84 19 47 24
15 85 80 71 34 91 95 70 83 88 79 10 67 26 6 77
17 67 94 93 68 91 44 23 12 57 65 66 64 85 30 83 90 92
15 49 45 3 11 29 73 41 36 65 67 42 17 100 90 9
19 46 8 92 88 56 98 32 25 12 80 71 62 38 81 20 23 31 82 29
17 86 43 49 6 36 64 31 13 8 39 57 34 32 82 52 87 55
16 91 67 32 87 65 34 71 83 27 79 78 47 62 58 98 53
18 93 15 32 18 46 2 60 75 38 84 21 52 4 64 53 100 83 95
15 85 72 33 49 77 7 8 31 99 13 90 28 68 17 69
15 72 87 41 68 29 82 93 24 47 95 63 35 20 77 31
19 43 3 87 40 38 33 29 53 69 71 32 34 5 47 37 75 81 26 66
17 35 46 2 89 59 68 40 88 51 18 65 21 37 16 42 29 27
17 33 64 66 92 59 2 17 36 7 24 38 10 96 40 34 42 29
19 63 86 15 52 49 8 12 53 38 96 67 31 65 51 70 1 72 29 59
15 98 84 47 94 56 10 34 28 20 88 32 92 17 69 22
15 7 82 21 53 8 30 75 34 57 62 76 77 3 60 72
15 6 98 11 64 25 59 67 74 65 14 95 50 80 90 71
15 60 2 15 83 74 22 9 56 21 20 1 18 91 59 88
18 4 11 46 92 69 76 53 47 63 35 26 55 30 8 95 84 15 13
15 24 55 61 17 98 77 65 64 78 44 52 54 32 76 27
16 35 42 7 66 78 46 15 64 17 74 77 48 79 55 96 21
15 99 22 44 26 81 2 20 42 82 6 68 84 98 45 17
17 80 48 32 96 27 10 16 60 51 87 62 63 2 22 23 21 34
15 23 35 27 77 88 29 85 18 67 25 13 100 45 39 65
13 47 74 93 52 33 25 87 56 72 54 50 84 89
16 25 42 32 27 48 47 71 88 18 65 17 5 50 54 34 96
17 96 52 72 77 18 90 97 47 29 26 45 79 11 32 71 46 50
15 27 98 85 33 20 15 42 14 39 37 55 41 6 47 90
16 92 99 52 35 39 9 51 5 74 16 70 97 68 13 2 88
17 15 91 94 79 4 87 37 14 31 41 36 62 52 95 61 80 53
16 44 29 10 98 20 6 8 13 3 99 71 2 9 22 32 77
17 56 23 54 55 58 4 51 18 99 36 63 32 77 44 67 73 82
14 32 7 69 96 26 2 34 41 30 90 86 19 93 6
18 94 45 38 34 10 54 57 9 98 32 75 64 86 8 87 5 80 44
14 78 44 31 85 71 30 80 100 36 93 9 27 35 12
15 2 27 47 73 58 68 83 66 60 9 87 21 92 7 8
17 66 43 82 11 44 37 55 39 13 64 78 17 21 70 19 51 86
16 91 98 25 57 97 61 41 93 90 67 7 79 63 53 56 13
16 59 92 55 2 48 89 8 57 68 84 74 15 12 32 28 56
16 35 52 23 3 44 94 38 12 97 86 42 82 53 21 26 81
16 5 43 99 24 76 68 83 34 40 86 84 97 58 69 23 30
14 36 56 64 47 28 42 33 62 98 19 72 38 69 90
15 29 17 39 100 58 42 78 52 8 31 76 95 71 72 46
18 46 42 65 66 9 51 78 54 5 24 64 34 30 17 41 71 11 38
15 78 24 97 1 30 42 25 47 13 57 81 90 94 66 43
15 43 1 87 72 13 78 41 35 11 90 76 36 56 19 10
20 79 35 32 71 74 7 89 48 27 77 36 25 40 99 31 73 19 33 78 43
15 66 75 54 59 69 22 13 81 56 6 88 76 80 70 4
17 92 6 89 26 9 31 48 28 52 47 82 46 84 73 27 99 93
16 31 57 92 91 41 78 47 49 35 83 53 100 80 73 4 13
17 52 86 13 53 65 73 94 1 14 40 49 96 19 97 79 100 47
16 90 64 16 68 89 33 86 56 74 32 78 51 58 35 42 49
14 47 71 75 65 38 78 60 55 2 32 27 42 59 88
18 81 45 1 41 11 70 84 69 47 38 87 82 31 7 54 85 48 89
17 51 78 37 62 74 6 13 41 22 30 70 25 50 75 67 3 77
16 50 59 7 9 89 17 100 61 74 21 63 97 33 69 15 53
16 50 44 8 14 59 98 49 7 40 61 16 12 77 41 62 25
17 28 92 76 79 90 98 37 16 7 31 77 41 96 20 25 6 95
17 64 39 76 40 17 53 73 24 29 75 37 54 70 93 65 86 56
18 34 6 66 42 72 83 52 60 80 63 64 69 67 16 88 100 31 70
19 15 100 37 45 30 59 76 44 55 86 7 87 62 65 63 96 98 34 51
18 83 87 45 99 12 93 44 57 46 94 91 31 2 53 11 84 61 22
13 64 100 26 76 24 58 45 55 50 5 54 39 83
15 44 40 33 100 49 18 1 10 64 66 96 42 83 56 25
15 39 56 17 55 2 85 33 62 94 91 1 13 59 87 53
17 81 53 44 23 94 54 10 67 97 15 68 12 42 93 19 63 25
16 34 70 86 75 53 20 45 5 11 12 71 43 80 100 97 46
16 31 83 27 57 79 95 84 15 16 1 39 21 91 32 47 100
17 34 82 60 66 32 94 83 19 68 12 63 74 9 8 76 46 52
15 1 16 62 95 21 38 55 68 8 40 85 25 19 81 31
14 50 73 57 12 33 61 7 86 4 74 80 49 83 76
15 66 50 96 41 85 94 23 70 92 7 86 2 36 39 12
15 66 88 59 36 22 1 65 89 90 94 28 61 48 71 74
17 45 10 70 35 3 88 98 38 85 91 52 22 66 78 86 41 67
15 75 45 63 92 98 77 41 71 38 90 91 34 99 59 10
15 71 74 22 27 82 52 19 51 17 21 37 45 84 31 32
17 71 10 94 51 36 27 75 98 68 66 69 37 52 60 31 2 40
16 49 59 48 60 24 25 66 18 31 97 80 72 86 50 74 93
16 91 76 44 41 31 100 36 8 27 34 45 5 25 30 84 39
14 42 74 45 98 58 73 83 46 91 81 37 47 52 67
16 16 31 22 59 92 46 55 87 51 57 38 35 37 43 17 72
16 88 71 41 31 25 43 30 92 77 1 100 38 47 72 73 3
15 56 79 16 92 5 53 81 51 22 1 62 77 69 7 43
17 13 2 10 96 30 48 39 33 37 19 99 93 47 85 1 32 76
17 35 60 14 88 20 90 68 22 83 38 93 46 72 23 66 8 51
17 85 78 63 83 95 45 9 81 67 1 15 16 13 80 90 54 84
14 61 48 76 78 26 83 77 47 27 60 44 94 89 38
14 12 61 19 23 38 25 96 1 55 83 50 32 88 98
16 100 40 7 92 75 73 61 45 1 13 68 35 24 56 58 55
19 2 14 50 11 73 67 12 97 1 85 54 57 87 26 41 15 22 9 62
17 8 45 26 5 41 93 68 56 100 22 57 24 15 73 20 21 33
15 56 100 5 53 58 3 2 62 29 83 25 64 18 51 47
20 84 63 71 45 28 67 17 47 52 15 49 75 92 88 79 51 58 11 98 31
17 9 38 95 24 26 33 30 84 25 34 67 99 52 61 87 60 74
16 27 26 61 25 86 34 90 85 4 19 29 37 16 73 18 35
16 18 64 90 36 91 81 42 62 54 38 11 47 76 10 29 74
17 55 84 45 50 83 24 47 19 93 23 21 31 4 65 8 97 36
15 52 94 6 42 46 61 7 5 67 68 44 59 3 84 50
16 62 33 86 31 55 5 76 44 16 96 3 97 9 91 7 82
18 25 50 59 64 97 69 60 57 2 16 78 77 26 43 90 17 34 66
13 82 78 90 31 6 18 16 52 24 29 88 87 73
15 37 43 80 93 22 10 50 98 16 75 87 33 92 45 31
15 96 34 100 17 22 10 86 55 88 79 84 97 19 11 99
16 93 21 13 27 92 15 11 28 10 53 6 42 26 59 76 4
16 70 33 76 20 82 91 6 84 78 56 96 18 15 99 61 41
16 33 81 64 15 72 23 78 36 88 79 5 57 24 27 94 47
17 77 33 82 16 68 46 3 22 71 8 43 81 30 41 96 55 42
16 23 56 72 97 59 13 55 83 2 58 15 48 63 31 7 60
16 83 73 4 26 78 64 82 65 5 2 60 94 47 50 38 11
16 51 100 95 8 44 53 72 81 7 93 67 97 37 17 45 32
15 45 93 53 26 89 12 32 63 37 75 17 96 56 58 67
18 11 13 62 69 85 93 22 19 6 34 68 99 98 17 57 95 94 81
17 83 68 62 45 44 15 5 46 41 30 51 9 16 34 42 86 73
18 74 26 83 85 47 60 80 56 58 95 59 6 43 8 87 33 44 57
16 15 4 8 38 93 89 64 80 21 52 78 65 41 26 33 90
14 49 42 27 87 46 86 7 90 34 56 61 5 82 68
18 65 25 54 34 72 96 39 79 50 45 13 35 26 68 82 5 9 63
14 31 5 96 26 62 73 87 8 97 6 12 52 2 83
17 22 79 58 1 26 60 9 87 8 35 37 71 74 65 19 43 62
15 40 31 39 26 20 18 89 81 98 50 75 45 86 57 2
17 73 30 47 1 94 81 88 10 25 44 43 80 100 56 40 60 8
20 5 7 91 48 86 71 81 68 38 99 90 11 39 60 9 32 28 42 21 24
16 85 4 55 27 2 66 50 46 65 35 41 93 8 37 34 95
18 84 62 33 75 31 50 63 17 66 34 60 8 54 71 28 64 21 58
14 18 66 50 9 60 70 83 46 69 28 57 7 84 10
16 13 48 66 1 75 61 59 16 89 6 41 34 39 11 8 46
17 28 83 36 38 24 73 3 42 32 91 5 85 61 15 60 37 11
15 30 53 11 14 46 99 77 35 76 84 33 47 73 63 6
16 40 97 99 9 36 81 78 43 95 53 42 10 75 64 2 22
19 78 33 68 44 97 24 39 30 96 69 91 47 83 86 51 12 64 71 54
16 2 94 59 75 11 89 40 82 41 26 66 90 65 9 68 76
15 18 43 4 71 36 49 89 50 82 38 91 58 19 42 62
18 83 45 46 7 70 19 58 32 4 11 84 98 94 15 38 54 33 78
16 73 65 54 10 11 97 28 44 30 91 37 14 90 74 63 86
16 20 34 23 11 73 18 17 15 87 7 71 57 36 43 25 49
15 70 22 60 90 5 36 1 55 63 25 64 91 82 16 65
18 26 36 2 90 92 14 37 3 27 38 7 98 63 70 20 69 72 60
17 50 66 23 89 62 58 57 10 29 60 51 85 74 55 73 18 25
16 26 89 42 67 86 1 83 47 63 12 14 39 19 68 30 53
19 88 70 7 80 68 41 48 32 69 34 40 6 37 59 75 97 39 99 84
16 32 85 71 47 79 34 16 37 65 40 8 27 96 11 73 56
14 65 91 41 53 59 89 11 15 56 72 95 33 44 26
17 2 37 77 13 58 18 38 48 25 97 15 46 44 22 66 57 52
16 85 72 43 73 76 19 80 13 20 49 56 45 25 32 77 26
17 99 26 56 95 94 83 71 21 23 85 66 36 1 35 75 49 51
15 10 20 44 69 49 63 67 2 100 18 43 64 47 28 88
15 58 42 6 10 83 69 49 2 74 50 66 78 11 93 55
14 16 55 40 87 58 39 14 47 22 29 91 24 56 73
17 51 11 58 6 15 86 99 25 63 28 71 39 41 73 79 54 21
15 13 89 86 26 52 84 54 72 10 44 78 56 1 74 60
18 29 41 2 91 56 85 81 43 37 95 23 58 92 48 46 10 54 89
17 74 11 6 67 84 90 68 98 33 87 56 5 69 61 24 10 9
17 48 61 59 96 53 37 80 41 42 100 64 19 26 94 16 56 78
16 93 3 31 36 89 71 6 26 8 24 72 42 41 38 21 45
15 8 15 53 48 64 54 4 43 29 71 83 27 14 80 30
13 31 49 12 48 26 35 40 10 86 62 41 50 27
18 7 39 45 92 16 72 81 73 41 5 33 50 52 61 85 58 53 76
16 74 96 22 94 90 82 76 66 97 4 31 61 27 77 99 13
16 19 23 6 92 66 53 59 76 14 77 18 97 89 55 72 61
17 39 45 73 100 23 65 7 24 83 86 68 20 15 78 46 94 1
15 86 78 44 12 73 95 66 74 23 98 72 92 5 39 77
15 17 90 51 81 48 47 10 4 71 50 63 16 59 89 82
17 75 46 54 16 38 58 48 9 52 34 55 92 74 11 21 26 66
17 82 15 32 90 63 76 80 81 79 67 19 91 65 52 93 48 16
16 100 78 56 95 12 47 33 97 2 34 57 71 7 31 49 68
16 54 44 11 27 67 58 29 47 2 65 7 83 43 4 40 20
13 48 20 6 32 97 100 78 58 18 87 21 51 56
15 84 39 30 79 6 69 90 7 21 19 26 38 68 54 44
16 75 31 69 61 77 82 60 19 16 72 7 49 35 21 1 68
16 41 7 93 39 77 9 24 75 1 46 5 13 63 90 33 58
16 81 44 70 1 39 52 48 97 15 42 72 31 25 53 27 86
19 38 5 46 83 41 8 28 95 61 62 24 87 52 77 33 50 93 11 96
15 83 76 86 3 26 72 29 12 18 47 21 15 96 40 68
16 24 7 99 2 78 38 18 81 11 6 91 53 48 19 64 62
17 73 100 97 16 77 40 65 36 9 64 80 4 89 44 42 27 29
20 99 29 69 92 67 55 2 77 17 20 56 44 4 33 16 40 79 52 75 90
14 83 25 35 61 53 4 80 47 60 55 38 26 31 79
14 76 75 40 96 87 93 44 6 89 41 50 51 85 21
15 37 90 23 39 10 75 47 79 69 31 46 72 12 93 76
16 54 64 62 25 18 24 80 47 6 20 75 63 5 95 50 78
14 41 26 12 60 53 22 81 54 52 62 55 87 33 29
19 48 66 51 85 84 7 36 93 25 18 78 82 80 31 65 21 99 61 58
14 36 59 98 94 2 13 73 69 52 5 71 84 27 76
16 39 41 69 34 61 18 6 98 93 55 77 46 9 70 99 79
16 83 45 65 62 43 78 23 75 57 11 38 49 47 81 31 90
15 8 24 92 65 18 12 4 7 95 22 37 97 76 64 41
16 49 74 5 35 66 99 52 91 44 53 20 8 16 33 43 54
15 45 90 3 4 8 43 52 75 78 82 22 83 7 34 25
16 78 1 82 53 42 89 70 20 55 51 61 92 75 14 36 72
17 21 49 64 14 10 79 28 97 20 54 25 72 2 6 40 15 44
17 79 56 65 27 85 73 52 24 97 46 88 10 71 82 12 47 57
16 71 67 60 84 25 89 68 27 3 7 93 2 45 56 12 80
14 40 63 64 30 13 45 38 50 25 91 58 61 23 31
18 2 7 10 34 67 66 24 90 87 72 61 91 31 1 77 37 15 40
15 90 83 19 52 81 69 58 62 39 41 6 97 89 45 51
16 86 47 64 52 93 12 72 90 67 68 6 35 80 56 25 59
15 91 51 68 72 18 79 50 16 60 89 12 9 46 53 98
16 31 15 13 38 29 88 85 56 53 34 20 5 92 7 93 43
15 97 60 53 47 46 80 96 25 51 6 44 57 76 95 91
15 14 31 96 99 18 37 54 60 6 26 13 67 61 56 92
13 38 100 26 46 32 91 93 62 86 29 77 3 64
16 25 81 44 28 46 11 18 71 64 21 43 34 98 99 70 60
13 26 19 16 43 17 40 91 60 10 66 70 22 28
16 77 42 84 27 82 22 3 32 79 67 13 38 45 90 35 47
15 53 27 23 95 32 5 25 54 12 15 4 50 88 44 80
17 79 27 86 25 72 57 15 60 28 69 32 17 13 41 98 46 81
17 65 47 29 1 78 43 66 56 61 45 91 88 28 85 15 40 86
19 30 46 25 80 86 39 7 15 66 78 76 2 22 11 44 24 10 33 58
16 19 8 1 88 99 64 78 76 65 73 75 43 57 24 17 14
17 66 99 28 74 1 7 45 56 65 39 48 20 13 47 30 6 41
17 93 65 46 28 11 56 88 2 45 35 29 34 61 44 40 80 51
16 37 18 40 26 38 75 17 67 41 44 43 59 39 60 100 62
18 8 76 21 62 40 70 20 90 91 66 78 67 7 22 100 61 94 10
13 95 27 81 53 90 91 40 5 80 85 6 23 100
17 65 99 73 14 72 29 91 50 69 87 97 70 86 53 43 51 18
