2000 900 5
13 448 762 104 258 585 357 117 646 801 252 729 414 543
11 252 524 108 273 198 351 406 220 556 150 148
11 583 376 868 327 756 344 154 257 864 569 430
9 662 437 669 851 11 452 197 143 52
11 804 292 539 118 163 515 454 69 892 10 428
15 372 563 643 529 709 707 142 824 711 900 243 466 411 587 384
14 409 675 666 222 522 351 719 376 267 236 61 512 319 204
13 834 750 402 418 313 879 271 101 77 835 85 340 451
10 815 853 440 132 830 158 505 792 32 65
9 538 152 482 491 549 789 125 885 695
7 330 178 510 142 12 552 418
15 568 776 209 36 802 552 321 722 292 495 392 655 348 132 134
12 428 521 461 412 704 788 471 495 484 603 582 281
10 119 226 42 231 489 20 90 11 2 393
13 401 390 410 632 415 43 885 296 624 737 273 525 631
12 551 17 10 446 807 150 511 427 606 78 4 77
11 880 232 74 230 63 525 124 333 407 700 274
12 528 361 507 248 830 192 765 26 36 42 422 599
13 851 84 623 423 577 791 729 709 782 93 341 548 378
10 334 54 317 467 353 842 194 241 31 75
14 891 855 349 694 437 412 410 470 525 678 700 648 893 334
14 356 155 4 519 172 97 205 860 5 199 736 772 598 77
9 379 470 317 286 507 278 258 346 895
14 588 582 613 354 814 662 495 293 624 358 410 134 257 409
10 537 302 416 198 560 706 536 477 172 110
11 833 758 730 482 640 895 203 463 267 617 654
11 156 527 355 92 78 891 152 852 786 481 236
10 112 543 151 371 136 771 233 376 145 451
9 147 859 735 668 569 541 513 860 703
11 401 896 893 168 516 62 889 779 498 618 474
10 216 511 622 480 470 679 778 183 117 372
12 466 286 885 233 53 258 100 2 846 897 200 300
9 532 438 282 781 853 30 281 233 733
9 806 233 454 48 475 881 230 155 153
13 792 33 455 697 503 485 325 212 16 326 880 889 227
9 500 638 892 587 8 116 278 28 33
10 695 257 244 100 603 436 571 543 574 892
9 10 375 203 728 476 363 36 813 234
13 535 543 581 296 509 161 379 865 77 627 171 638 760
9 614 863 569 153 113 300 645 58 418
11 715 259 555 74 888 51 469 613 248 192 660
9 134 60 328 374 98 410 857 380 213
11 499 830 559 233 211 87 659 837 532 177 130
9 179 246 732 506 273 470 119 215 844
8 9 720 692 196 223 701 727 75
10 591 383 85 275 144 777 32 675 504 389
10 591 324 371 665 40 225 560 405 574 143
10 644 601 789 429 203 198 311 397 257 351
11 629 630 105 745 865 811 814 870 518 118 455
12 838 588 461 403 502 181 205 179 605 43 584 535
15 326 746 86 547 300 89 721 615 370 347 121 140 111 590 1
9 111 458 884 526 262 453 707 644 47
14 660 388 330 729 534 851 383 18 487 354 376 855 440 116
12 691 17 569 205 796 452 320 572 827 172 470 433
10 775 46 414 589 875 757 616 655 739 216
12 222 584 871 214 350 530 600 459 118 778 129 715
12 46 359 261 760 42 861 540 858 252 675 895 347
9 495 275 693 210 401 431 112 581 456
12 489 148 266 98 228 730 874 560 212 500 672 271
10 748 49 137 192 781 266 860 819 673 212
11 275 498 417 292 306 24 814 658 705 595 269
15 845 642 883 751 454 376 406 757 796 244 890 841 296 141 489
8 862 294 183 595 847 182 223 23
10 823 370 632 794 508 322 425 473 140 591
14 5 712 51 235 482 377 183 282 694 671 153 596 839 778
14 175 841 672 128 646 47 226 479 466 82 613 301 702 214
10 307 304 569 824 336 45 671 266 155 513
12 729 513 725 558 480 714 472 873 285 235 587 83
11 170 238 587 857 354 840 23 758 878 308 79
12 511 413 863 25 858 116 181 772 633 557 529 769
8 31 307 107 557 818 87 811 359
14 471 761 110 72 502 664 683 631 594 211 152 87 60 566
10 480 189 849 91 27 420 899 244 283 626
11 57 853 36 11 736 771 884 756 119 889 587
12 860 463 745 333 819 27 133 550 580 751 434 183
11 695 468 363 840 58 450 216 679 499 182 873
12 401 309 841 479 226 678 207 505 342 274 651 33
13 455 35 37 24 649 692 895 686 604 368 754 451 208
12 448 528 900 153 895 586 346 110 400 515 510 715
8 138 116 443 319 738 83 839 840
11 223 211 253 466 320 682 832 602 799 806 735
10 489 424 516 440 848 659 476 523 637 291
12 769 49 44 9 90 455 758 287 202 612 66 821
11 163 131 807 864 571 741 782 67 378 575 606
9 275 558 148 733 151 841 604 164 648
10 807 866 546 619 663 127 333 742 482 440
11 509 245 125 395 581 425 670 28 549 159 837
13 226 387 362 575 653 146 411 857 426 871 402 598 195
11 870 584 248 335 491 301 740 402 351 337 690
11 375 848 798 650 743 418 481 588 610 76 365
12 311 900 192 67 239 426 45 832 732 216 131 297
13 494 649 835 49 861 610 749 625 363 597 208 844 877
13 852 337 67 135 591 2 770 76 746 421 790 354 274
7 78 433 262 879 583 118 449
12 225 272 496 497 575 450 538 669 422 831 19 803
14 583 617 193 793 217 280 489 751 611 319 890 462 843 357
11 244 93 735 847 86 23 213 108 44 713 272
10 649 83 210 823 716 487 550 476 893 184
10 87 152 864 457 718 725 340 398 773 306
8 235 618 776 250 149 205 254 49
14 426 33 640 568 478 631 868 895 634 877 541 589 372 558
10 145 242 383 229 763 49 456 185 548 727
9 306 349 193 602 357 246 418 768 829
13 555 692 384 836 566 218 620 852 300 519 824 198 158
9 99 269 397 523 895 195 232 257 298
10 595 461 12 555 718 190 635 610 721 29
9 285 546 37 592 882 663 321 273 322
9 132 65 38 476 444 150 520 575 71
10 97 842 787 243 721 533 140 261 698 863
10 853 515 702 475 566 227 322 90 747 618
12 42 10 58 632 134 436 4 236 682 398 23 178
12 250 340 720 110 479 27 592 187 9 696 21 478
11 474 308 631 400 434 443 854 729 512 122 36
10 806 716 19 28 235 227 183 195 677 875
11 114 739 566 183 613 328 702 307 361 266 774
14 311 838 298 340 339 619 488 841 69 144 478 364 869 758
11 97 461 736 635 601 279 427 333 334 779 405
15 343 82 723 88 80 71 771 307 621 361 640 821 880 585 783
12 468 849 844 116 448 404 315 857 689 471 708 882
9 340 783 724 218 755 97 809 522 300
12 868 140 59 111 639 671 539 395 521 55 130 338
9 123 265 93 864 35 560 326 667 301
11 717 174 481 788 704 732 200 372 18 406 155
12 889 507 448 402 352 605 685 430 724 377 213 13
14 528 481 400 25 841 747 326 168 794 334 211 573 550 420
10 330 524 241 733 255 516 772 548 430 665
9 606 581 399 746 126 818 595 300 179
10 148 591 508 577 304 724 890 769 553 845
11 453 568 385 683 697 575 713 459 492 472 628
12 747 14 682 721 802 213 361 137 674 152 23 81
10 605 110 567 42 773 897 550 32 281 819
8 54 612 55 180 546 64 376 616
13 183 273 630 198 79 387 621 665 480 125 770 239 57
8 278 534 506 234 476 209 331 855
15 471 459 898 104 106 565 886 523 38 10 655 592 792 55 391
9 120 301 636 28 877 158 440 341 67
7 197 705 350 552 591 821 409
11 283 153 893 13 764 164 817 849 455 660 260
10 581 364 768 385 377 782 627 61 289 801
11 873 337 219 847 284 401 767 674 49 215 216
12 377 854 467 795 174 396 337 56 785 45 841 240
14 348 387 367 826 802 192 578 748 494 800 392 502 492 259
12 856 698 166 592 3 304 360 147 227 448 358 762
13 390 130 391 702 441 200 311 756 27 809 101 166 33
10 352 203 363 84 51 895 119 423 831 7
10 741 246 719 847 471 649 272 114 341 510
12 93 221 8 251 861 244 387 208 605 40 644 447
13 546 164 165 874 163 855 430 158 691 789 377 416 385
10 622 76 894 284 66 725 634 188 157 834
12 29 659 607 839 730 491 182 522 31 893 381 559
11 105 214 3 819 138 448 630 655 511 694 43
9 387 57 726 462 224 227 239 591 675
11 467 593 697 457 297 96 837 278 745 816 194
7 303 382 496 355 464 573 305
13 17 274 331 239 738 314 442 85 72 524 625 710 892
11 656 468 105 823 99 394 865 660 451 219 539
11 512 656 372 691 819 785 846 762 202 308 456
14 24 723 88 42 545 377 37 646 468 83 808 641 148 50
9 836 59 900 357 622 784 39 175 824
11 489 760 756 321 731 61 398 145 694 396 707
11 491 293 455 84 24 460 447 874 241 777 197
13 28 654 130 121 78 187 417 791 94 564 315 270 89
12 885 92 440 676 81 361 456 822 80 126 648 873
8 459 891 787 278 710 372 565 523
7 577 86 561 316 879 21 579
13 398 662 624 510 258 143 756 835 351 246 184 424 842
12 294 674 114 117 342 189 521 400 688 713 820 256
11 428 421 760 398 383 111 863 793 875 710 720
12 624 391 891 762 637 638 465 30 144 723 104 53
12 736 429 137 764 49 820 860 455 589 771 346 678
9 344 667 770 389 763 331 893 325 602
13 804 261 163 775 575 338 529 439 361 221 635 496 717
9 122 404 62 522 896 711 72 848 596
10 875 290 884 56 128 211 168 124 401 458
11 83 261 108 397 394 900 84 788 404 847 266
9 282 677 224 629 618 90 837 381 248
11 286 272 413 339 530 394 455 806 480 805 654
8 818 43 65 213 32 447 820 717
13 693 853 596 232 599 695 290 737 284 148 333 143 763
11 352 535 255 380 34 186 392 228 72 479 509
10 390 657 836 272 79 221 483 778 763 663
11 658 599 219 57 2 839 305 12 880 255 160
11 150 544 103 802 736 1 158 477 510 667 531
11 896 260 377 408 308 85 592 493 761 711 524
14 867 659 873 701 495 842 865 815 599 325 468 167 141 826
11 220 415 371 847 429 800 812 137 659 106 407
13 325 731 737 262 322 83 250 298 680 167 739 171 186
8 345 803 324 685 874 289 4 618
10 337 119 168 750 525 277 507 343 111 207
9 812 535 333 493 631 620 792 209 747
11 790 292 117 46 315 603 191 150 476 408 896
12 454 745 565 850 448 56 694 408 343 242 558 232
13 827 6 118 697 337 597 691 577 551 158 68 659 451
11 296 142 583 780 806 137 217 84 362 10 399
11 211 222 628 849 422 650 173 155 64 154 400
10 675 552 166 351 160 163 36 676 176 628
13 754 580 631 888 463 562 882 339 170 76 91 680 496
11 532 818 68 823 158 603 579 811 422 824 194
11 686 462 734 258 621 279 134 465 864 652 729
10 598 112 789 255 548 56 117 582 23 198
13 397 757 84 799 487 885 767 75 845 215 240 867 730
14 696 832 780 480 201 50 320 775 230 183 889 487 474 422
13 177 435 170 174 188 35 526 497 805 323 293 618 49
11 558 123 846 564 159 488 649 45 5 872 550
11 251 686 746 99 146 11 523 219 310 196 173
11 770 74 709 792 434 145 362 116 108 629 13
10 574 412 794 696 20 737 127 758 672 763
11 3 429 272 574 330 821 289 347 281 871 251
10 117 566 365 457 112 166 356 767 523 715
10 56 35 817 741 791 626 544 142 208 341
12 520 141 335 695 402 613 66 587 246 37 397 197
15 133 656 797 892 565 654 788 552 423 529 504 307 745 61 519
11 801 591 749 335 504 592 147 789 404 215 635
13 116 220 846 474 164 651 734 481 509 590 532 296 92
14 628 456 268 157 600 232 412 69 104 238 447 208 275 140
10 741 488 62 514 862 511 121 156 389 764
10 505 494 560 658 231 353 517 458 160 237
11 109 191 714 176 649 733 233 874 479 324 531
11 119 17 267 720 894 279 342 725 773 838 326
8 649 417 478 320 232 787 194 554
12 509 267 553 762 318 294 612 319 752 502 247 632
13 390 200 537 174 765 549 871 159 594 888 655 315 698
13 594 689 809 397 738 879 103 514 651 236 339 201 280
10 796 227 230 764 626 217 611 876 673 145
12 373 776 318 296 898 846 371 151 585 878 756 423
12 304 761 207 462 432 21 547 301 318 492 254 619
13 508 634 34 603 44 288 166 89 228 186 158 17 322
14 22 279 673 71 354 803 567 565 738 122 236 334 437 217
14 536 257 518 342 695 174 812 121 738 597 688 632 104 837
12 127 164 178 665 595 56 790 562 299 367 218 604
11 192 39 8 9 661 699 425 804 142 795 501
10 60 496 295 359 687 96 138 355 208 471
12 789 457 533 723 788 223 886 590 247 131 541 890
9 434 350 814 734 427 203 849 30 117
10 892 127 164 706 210 847 597 890 402 502
11 566 306 898 546 132 598 877 734 187 2 495
11 678 100 322 19 791 270 89 760 323 724 205
8 228 234 197 647 583 60 759 741
10 668 706 225 201 246 430 50 714 41 187
13 530 399 527 195 253 770 667 602 639 422 295 183 682
8 738 60 155 482 181 235 568 681
7 536 74 721 203 511 338 326
10 261 858 819 172 609 48 511 342 694 463
13 217 344 323 860 165 112 899 695 335 5 411 63 230
13 130 253 498 178 479 72 407 463 764 220 696 824 376
12 299 548 812 828 183 594 238 315 391 182 684 228
12 566 560 579 584 270 82 525 711 267 818 33 369
11 318 162 707 832 811 738 52 886 722 260 366
10 110 45 135 231 175 106 726 332 668 300
9 659 751 561 705 510 490 550 737 399
9 559 600 696 172 757 86 500 316 583
8 635 449 741 716 743 594 731 484
15 675 821 46 457 671 693 11 467 593 627 665 399 717 504 686
12 873 537 55 397 170 188 325 553 595 745 718 419
11 175 797 523 40 627 79 424 364 499 681 896
11 738 98 608 757 281 705 3 447 541 306 46
11 862 873 775 69 136 458 153 451 409 158 486
9 257 88 709 468 871 776 436 822 105
14 128 397 253 43 707 747 450 60 242 222 823 899 583 634
9 322 107 598 613 312 732 568 800 672
13 794 260 129 822 785 522 203 155 41 342 57 667 828
9 852 621 523 2 706 565 577 632 359
12 316 883 238 683 584 274 471 804 391 766 741 15
9 853 837 593 527 395 522 546 886 704
10 397 112 819 328 707 274 549 483 710 534
12 683 828 830 554 254 553 776 149 432 22 52 630
13 149 432 300 491 697 407 874 455 212 60 330 106 724
13 429 208 145 799 135 364 207 725 151 687 570 697 670
14 157 548 96 388 335 722 111 786 187 552 480 85 410 899
10 465 707 428 667 348 886 789 287 702 104
10 682 539 83 254 553 222 136 158 807 10
8 710 90 579 818 572 566 537 156
8 461 216 577 595 322 78 356 262
10 430 767 182 241 668 683 209 467 844 601
12 78 115 687 338 774 412 820 438 88 536 693 132
12 501 665 789 266 67 254 736 360 354 881 173 318
12 313 44 294 323 232 125 47 865 596 565 99 176
12 287 481 77 820 766 307 692 823 96 794 870 293
14 770 782 639 243 715 428 506 396 19 685 656 13 51 11
8 18 63 370 675 512 676 243 511
10 803 44 129 137 32 704 449 258 418 185
12 507 706 228 234 31 324 457 336 722 640 124 591
12 466 324 216 195 803 529 79 619 683 181 306 424
11 286 381 538 293 120 52 329 528 694 237 799
12 722 522 597 706 478 649 429 363 102 379 302 866
13 519 60 816 510 693 853 356 370 436 546 661 865 739
8 636 667 285 836 581 598 31 823
8 544 524 709 203 316 421 561 72
9 20 432 893 443 532 497 818 316 401
12 626 379 360 835 474 81 853 102 615 459 833 860
11 573 76 361 359 498 651 465 852 572 310 632
14 520 801 799 725 247 622 580 194 843 779 142 802 593 612
13 835 482 633 602 406 848 315 846 40 104 375 75 90
11 71 166 423 226 48 877 618 842 449 380 216
10 590 483 346 241 14 756 100 366 824 608
7 204 373 164 365 472 398 662
10 271 865 112 533 163 746 596 730 234 400
10 546 564 729 298 777 473 424 675 487 267
12 483 122 504 634 601 152 863 732 768 344 898 505
9 98 161 597 671 749 128 786 830 133
12 251 78 500 598 620 418 142 279 1 158 446 214
10 97 681 285 769 869 652 345 739 33 791
12 435 672 384 160 618 459 827 196 300 375 357 874
9 705 16 220 129 737 725 469 886 85
10 632 705 185 507 838 55 464 742 162 220
8 806 630 524 33 59 325 286 871
12 849 866 850 327 227 158 762 241 13 676 806 4
12 456 258 872 816 848 516 654 689 470 861 430 15
10 70 489 554 671 610 582 766 484 782 146
12 115 418 422 611 208 182 259 298 243 225 632 634
9 829 105 352 808 287 870 350 661 764
12 719 24 97 321 192 440 550 118 780 836 893 43
12 184 605 173 649 353 94 579 201 853 37 574 369
15 310 453 94 788 373 105 28 22 97 782 739 7 158 438 541
12 799 537 354 202 147 562 805 451 27 837 780 110
11 440 517 543 70 706 720 620 756 227 590 162
12 894 838 828 13 657 734 669 373 321 317 61 20
9 833 281 61 209 546 493 680 504 657
11 254 811 700 366 1 511 462 130 302 172 890
12 659 79 835 706 621 427 134 116 110 316 353 107
12 142 692 555 277 34 455 659 889 846 827 355 648
9 580 765 778 367 877 28 789 465 421
9 96 796 779 719 367 800 255 711 737
14 802 219 583 381 180 870 197 663 144 170 232 501 493 706
9 659 498 414 548 123 830 754 833 682
9 219 401 378 316 817 233 806 514 687
10 303 229 447 148 469 349 538 37 334 322
12 594 81 597 507 334 693 783 228 77 111 504 38
8 185 63 247 280 593 383 265 586
13 508 267 484 450 377 269 560 25 207 602 628 464 57
14 612 510 140 176 211 313 556 526 86 32 452 427 150 830
11 483 430 396 186 16 884 63 812 804 309 898
11 614 230 297 760 523 877 627 387 845 866 370
9 110 897 100 228 24 258 193 61 442
8 86 117 895 4 352 837 858 224
11 814 648 69 597 343 97 893 601 175 331 554
10 519 530 840 578 849 873 751 495 491 282
10 502 296 244 545 181 725 835 411 381 196
12 365 373 401 62 627 218 412 852 511 208 145 277
8 48 13 230 480 553 347 122 508
12 863 826 845 894 728 543 496 383 649 745 577 400
14 484 385 716 825 365 686 710 518 800 536 272 790 432 797
8 131 292 198 746 407 612 355 294
8 535 471 855 301 398 642 679 872
9 440 355 759 313 75 551 215 115 49
12 624 573 880 146 9 258 279 356 872 861 241 738
13 619 616 621 898 293 698 219 245 563 112 700 164 863
11 363 18 84 711 420 366 869 787 81 665 193
10 217 678 458 544 374 742 512 603 87 355
12 803 172 74 458 802 844 56 625 806 99 882 306
11 652 733 822 74 345 463 486 286 586 175 356
9 48 765 386 11 106 292 249 308 653
10 390 272 717 726 834 853 337 335 400 513
10 96 758 316 44 463 270 555 35 786 446
10 285 15 757 718 281 885 337 583 98 520
14 557 866 379 849 657 755 595 38 158 727 385 283 621 411
12 253 295 551 187 202 155 100 87 871 31 75 761
15 129 529 385 448 292 370 604 161 102 421 423 547 607 494 863
10 304 330 332 105 881 190 166 828 484 94
13 137 807 249 848 108 685 692 544 497 86 773 185 325
9 188 667 99 13 417 576 599 749 618
14 900 758 790 88 432 517 36 119 639 606 710 361 815 126
13 255 879 465 291 824 161 524 865 192 390 213 376 125
11 430 624 497 234 723 665 241 842 546 837 590
11 318 217 177 874 508 514 597 104 289 670 405
14 840 521 758 340 334 290 428 254 589 627 850 32 152 442
8 73 789 376 684 365 452 466 415
10 376 723 811 28 161 460 588 648 890 391
9 172 549 437 301 585 809 208 813 249
13 384 795 569 445 413 576 514 375 652 103 683 166 408
10 630 608 42 849 708 654 438 8 747 878
9 55 280 719 410 243 402 607 207 740
11 759 231 499 736 606 207 272 517 324 800 17
8 528 439 660 337 556 288 349 19
11 397 103 845 815 757 784 780 33 810 306 355
9 10 545 746 683 317 179 16 508 830
12 658 119 405 831 30 862 436 504 57 104 389 184
8 269 298 677 397 393 729 140 112
13 560 182 686 545 891 530 682 762 828 788 603 729 277
9 741 491 609 803 852 153 33 186 90
11 15 644 612 61 831 436 356 543 421 484 485
11 101 605 505 768 251 199 899 155 327 569 52
8 419 353 367 328 436 229 519 232
7 719 481 242 246 315 423 384
12 665 898 86 424 248 891 415 521 765 222 492 837
12 679 253 468 74 527 790 415 184 254 752 795 603
9 719 305 708 700 592 325 233 506 347
11 510 755 848 831 674 53 262 307 237 784 830
13 762 886 468 563 456 335 50 734 94 421 375 799 551
14 792 209 520 580 757 676 215 218 510 543 75 173 605 886
9 59 607 181 210 524 22 171 212 46
9 21 676 490 421 720 178 497 292 735
9 729 111 439 741 692 767 67 454 473
9 860 160 490 525 705 261 549 55 888
10 760 562 658 176 476 121 218 63 850 414
8 445 130 755 750 899 554 335 418
13 314 713 562 227 4 631 785 555 789 213 610 24 297
8 153 726 656 848 453 77 617 767
11 28 828 758 314 415 38 73 836 621 456 72
9 277 223 67 142 886 531 214 381 349
11 549 691 497 45 113 845 743 104 261 890 41
13 214 74 281 350 711 660 538 501 770 341 575 105 445
9 337 644 687 718 242 11 668 58 758
9 397 179 145 170 593 514 330 798 425
13 671 308 365 214 535 557 429 575 253 211 72 559 524
13 279 407 572 784 133 765 1 801 629 334 466 432 830
11 756 509 356 873 664 761 283 813 165 273 187
10 409 693 766 494 415 53 129 483 188 183
14 283 773 645 722 846 308 718 818 507 122 759 863 629 321
9 85 570 70 438 537 545 611 363 206
11 224 652 158 709 441 463 837 474 197 326 767
12 646 487 502 537 712 84 560 548 242 699 694 92
9 313 131 782 92 160 78 329 142 486
13 139 734 242 548 736 505 384 638 565 109 887 894 673
13 144 227 425 275 186 348 407 364 206 526 639 857 331
14 90 238 102 310 457 290 683 803 279 242 799 434 675 65
11 466 612 840 750 122 726 533 126 486 37 11
13 495 455 302 110 791 849 376 333 225 20 556 226 40
12 800 832 383 65 514 681 591 485 474 199 440 466
7 98 270 448 813 353 532 215
12 634 673 617 704 614 148 241 701 115 785 390 135
10 90 607 253 136 699 498 281 821 494 422
11 743 397 271 81 186 781 624 522 462 507 836
12 768 313 401 480 429 471 846 5 760 237 362 802
12 652 867 370 402 636 687 444 505 287 767 153 723
10 852 140 863 176 70 195 783 637 646 891
10 858 188 278 556 230 177 469 80 209 819
11 679 730 36 651 489 243 170 256 307 261 265
11 853 78 222 588 776 589 276 767 356 68 369
15 310 820 645 726 795 15 563 483 448 325 58 852 550 364 3
14 460 299 675 778 29 324 147 842 747 289 584 115 77 229
11 821 736 497 514 880 28 157 618 325 152 593
11 328 431 527 422 325 66 159 711 679 270 604
12 168 783 215 568 97 624 460 455 721 864 275 89
12 747 62 767 137 660 839 273 597 366 558 492 664
14 171 693 65 5 870 345 392 427 224 592 882 269 439 706
9 569 271 289 680 760 467 714 140 137
11 844 397 271 831 599 731 732 820 354 518 862
13 30 228 767 265 80 527 721 637 652 395 361 430 200
12 620 386 540 588 293 169 72 525 33 706 585 701
12 342 16 590 429 482 209 750 223 497 867 282 71
11 571 805 109 131 393 64 432 268 642 257 796
10 699 509 53 347 698 350 364 482 559 473
11 227 566 282 679 139 437 153 736 773 744 604
12 556 423 194 548 84 26 549 555 637 504 830 653
9 284 114 130 732 561 383 808 156 819
8 695 693 704 424 679 829 168 284
11 7 561 150 265 555 778 584 395 545 567 77
12 606 182 177 592 838 258 320 161 781 336 288 868
8 295 634 608 635 19 417 871 469
7 391 79 561 322 623 135 802
10 884 50 294 461 503 24 261 773 693 51
11 213 895 434 597 735 314 268 674 202 569 642
10 514 450 559 852 198 718 344 619 465 546
12 575 629 368 424 461 126 133 531 677 441 638 561
12 816 691 131 99 192 833 257 516 64 895 804 401
14 632 289 776 722 789 315 212 114 643 77 574 684 326 900
14 836 834 305 896 496 267 272 336 633 515 762 818 532 469
8 740 557 279 499 411 191 416 523
12 778 539 862 387 211 667 276 164 645 540 201 397
12 843 757 606 634 799 257 764 755 746 560 603 553
12 679 50 862 609 400 330 1 337 149 8 365 530
9 464 156 841 252 345 26 230 303 134
12 224 374 312 200 86 436 301 353 18 537 218 685
13 543 133 202 633 213 531 611 128 382 145 541 617 783
12 146 702 466 488 244 610 134 110 864 854 79 385
10 637 792 254 505 333 510 836 322 739 549
12 715 359 116 409 42 63 112 676 517 207 147 274
11 439 572 584 39 612 7 883 279 566 458 431
11 423 337 313 547 19 888 896 569 759 5 392
11 821 193 869 304 707 319 460 883 505 80 492
10 596 531 157 551 673 384 536 419 261 571
12 811 338 592 755 2 405 72 579 230 402 209 317
11 768 702 316 812 30 326 319 650 758 851 412
12 20 234 568 874 250 5 859 869 576 269 542 522
14 534 535 384 177 236 285 415 188 228 466 387 425 149 411
7 656 557 787 279 336 893 153
12 46 392 265 644 367 634 475 291 589 82 856 40
12 357 707 880 414 564 154 107 52 93 361 613 791
9 136 778 461 144 644 199 302 615 57
11 408 588 289 79 840 762 191 179 614 52 580
11 92 600 808 540 510 324 474 1 882 154 173
7 236 620 1 787 747 696 357
8 401 510 387 867 561 22 680 224
14 306 667 800 246 643 619 701 512 41 266 67 765 757 426
12 295 676 517 189 627 718 734 606 629 622 555 713
10 214 293 368 369 716 138 633 83 597 517
12 221 212 808 306 335 430 466 392 334 130 671 446
9 500 318 624 736 179 203 844 585 718
14 349 697 799 651 397 792 633 647 114 38 329 146 853 627
13 563 170 691 633 796 627 391 509 807 1 120 632 755
14 289 755 797 364 771 461 748 899 514 80 534 504 293 132
10 477 266 589 10 862 146 44 320 63 309
14 727 589 691 764 160 563 848 136 506 742 752 787 307 757
13 445 826 552 338 10 275 528 198 678 103 775 438 159
13 547 188 120 325 428 719 808 69 767 876 797 633 733
12 742 357 413 50 348 666 45 566 63 131 11 154
11 618 835 133 542 410 99 230 782 243 744 606
12 840 250 468 736 613 803 300 19 47 742 118 540
9 795 713 709 897 706 63 492 333 386
12 851 583 538 381 69 12 150 46 711 182 668 540
10 21 671 448 881 73 828 508 796 803 602
12 322 121 99 269 175 570 168 602 885 862 780 595
7 435 641 666 460 395 182 747
9 550 842 141 680 678 666 373 856 762
9 824 211 439 132 355 511 382 348 778
13 182 500 349 392 857 421 791 567 498 514 685 624 497
10 455 218 247 96 875 492 720 117 209 611
9 819 376 863 390 583 385 111 241 334
11 14 736 665 102 597 630 2 564 847 659 626
11 77 303 330 541 101 114 495 737 530 704 133
11 111 509 33 256 587 445 730 832 493 515 90
11 627 390 734 634 212 198 542 876 44 234 692
8 680 786 808 83 71 202 362 292
10 750 226 28 377 866 299 320 690 571 551
13 135 100 603 416 390 289 142 389 641 423 657 211 354
11 37 350 379 131 156 45 511 584 891 76 767
11 764 256 206 310 216 41 713 108 572 580 811
13 48 781 389 429 229 311 255 475 91 456 687 80 344
10 226 187 510 165 817 859 556 864 407 508
10 807 392 65 100 583 389 242 275 582 480
11 90 150 589 751 650 385 355 802 301 693 839
11 486 695 473 419 232 129 633 717 681 660 627
8 889 684 802 875 433 133 81 110
7 863 192 657 651 494 647 328
10 392 187 179 418 556 534 538 157 162 559
12 292 38 3 891 451 622 685 76 572 831 574 707
12 583 50 514 143 651 298 18 758 554 624 289 282
12 868 25 163 443 141 14 151 854 539 372 657 788
9 349 98 410 174 754 442 284 5 29
10 348 820 325 880 698 484 248 739 34 898
11 402 298 804 509 131 264 678 824 213 625 98
10 359 354 884 22 339 328 346 808 422 510
12 545 533 621 17 95 10 317 728 214 535 692 314
9 616 399 892 242 513 19 643 271 347
13 80 412 93 573 254 326 397 886 614 634 668 385 732
14 186 288 858 384 568 297 121 574 55 467 738 602 422 506
9 449 140 867 890 14 227 667 821 384
13 588 352 184 500 515 463 749 679 751 718 746 587 654
12 217 76 104 393 102 595 576 279 668 433 337 240
12 472 96 536 159 683 235 374 767 244 586 62 34
13 857 453 208 369 755 499 576 798 770 709 94 467 118
11 252 182 649 745 856 97 100 759 346 320 655
8 619 323 728 220 330 112 380 836
11 819 370 599 784 766 310 122 524 369 745 205
12 685 260 547 732 496 615 224 218 774 814 113 888
11 886 617 809 565 436 74 782 394 242 485 858
10 880 817 142 753 741 466 404 369 849 477
11 83 325 194 878 17 879 609 561 198 514 623
13 616 60 602 688 746 451 151 400 57 461 538 873 210
11 386 689 896 356 193 216 251 150 660 629 184
11 748 226 369 295 10 532 512 801 667 575 561
13 259 23 620 64 751 769 385 197 517 754 87 314 576
14 227 863 423 490 651 387 484 306 577 264 27 743 777 260
10 821 677 576 64 386 254 611 484 573 480
10 790 559 516 430 250 687 809 223 461 702
10 174 270 337 774 649 819 741 690 209 722
8 74 105 186 99 361 813 313 855
10 524 628 148 760 10 758 853 131 214 464
14 817 617 541 426 445 164 860 472 297 130 121 471 391 563
13 534 329 824 809 869 164 484 882 92 560 290 423 284
10 559 187 628 121 693 261 464 416 752 692
12 438 442 704 252 565 49 519 722 16 154 23 34
9 126 883 227 35 100 735 878 308 632
8 575 623 294 584 514 139 661 840
10 361 828 464 24 45 136 810 755 447 317
13 601 860 590 863 888 315 504 385 236 71 680 619 358
12 549 713 861 771 345 277 285 733 646 506 340 726
8 100 17 577 407 470 354 714 846
12 282 424 763 325 706 428 659 176 385 272 218 844
12 720 557 498 336 59 620 803 8 883 184 648 54
11 674 799 424 715 701 313 10 891 525 821 390
12 287 344 361 177 480 234 163 749 299 115 528 350
10 447 98 173 557 26 841 733 636 251 573
10 261 669 598 622 286 102 242 468 62 266
11 449 503 568 414 646 588 446 793 186 47 244
12 211 163 286 616 433 793 505 225 774 130 713 371
14 280 64 92 29 132 324 121 175 257 251 99 323 806 717
9 791 194 21 106 434 347 551 30 466
13 351 515 464 637 172 706 839 726 362 527 44 899 620
12 497 698 641 372 194 66 858 62 609 99 316 188
13 652 407 560 728 754 583 246 23 347 328 281 320 687
8 825 546 198 472 331 408 833 588
10 827 23 596 347 317 769 733 260 1 479
13 866 214 363 825 859 806 230 372 538 259 328 456 879
8 709 86 406 60 389 47 76 455
10 759 494 776 534 197 156 700 263 472 829
13 799 885 794 875 623 730 310 77 95 705 574 606 71
12 420 641 232 796 861 209 657 126 528 666 530 521
11 608 798 692 481 612 496 52 657 108 677 249
11 123 739 780 803 231 622 418 617 479 379 561
11 148 495 153 320 291 214 829 569 594 591 416
7 736 801 405 148 27 759 304
14 644 782 254 140 858 473 574 313 135 31 59 477 549 357
12 528 757 64 140 449 847 250 827 852 195 770 647
12 466 574 873 690 655 838 853 256 132 548 163 117
11 670 87 58 400 797 226 251 75 813 123 356
15 432 421 207 371 618 194 19 884 117 38 787 52 616 597 643
13 173 835 7 793 150 599 47 891 637 833 261 225 373
10 276 712 417 395 46 28 375 504 507 851
10 377 459 78 43 347 41 292 365 151 568
10 666 145 339 603 137 849 765 33 161 600
11 641 285 579 720 498 286 838 574 885 563 204
10 474 270 717 753 265 274 490 586 117 139
12 742 240 470 431 441 157 606 17 260 535 629 550
14 275 44 201 253 504 257 277 326 8 791 552 214 259 690
10 325 131 346 693 374 331 845 1 459 541
11 898 206 455 88 120 697 173 423 145 887 518
11 515 551 818 343 687 123 126 628 686 155 65
12 618 341 356 71 54 329 345 791 602 4 310 653
11 248 745 521 683 230 145 495 332 894 29 86
10 854 798 650 849 544 245 729 665 143 299
9 2 161 400 820 51 573 608 610 763
9 209 137 667 422 778 249 695 500 217
8 550 66 166 314 98 29 201 352
8 697 865 56 621 674 701 149 581
12 172 645 419 461 219 643 83 491 16 783 58 165
10 821 511 311 639 738 374 461 273 323 123
13 798 388 817 561 302 684 531 540 880 49 201 864 524
11 498 458 40 503 346 74 231 364 699 442 390
13 836 235 25 155 424 493 522 715 448 537 193 205 597
12 864 164 171 389 155 710 721 221 310 829 486 659
14 302 335 840 807 89 12 646 238 484 736 180 710 277 418
15 541 485 141 717 780 897 258 496 885 663 52 856 171 724 286
12 373 41 685 735 895 448 655 220 284 339 8 482
8 347 575 451 91 499 55 761 660
10 205 235 576 141 457 158 142 29 849 632
8 313 122 492 607 94 820 278 478
10 23 337 699 425 400 504 494 534 562 247
7 276 471 554 719 6 858 459
12 356 835 826 296 30 760 736 381 299 637 358 230
13 551 879 70 154 221 378 644 30 559 532 682 803 621
10 72 752 521 115 413 232 548 26 656 791
12 743 451 109 856 605 668 127 20 177 14 403 48
8 752 666 173 161 576 38 143 623
13 306 626 743 558 107 744 246 419 22 897 369 569 54
15 22 468 252 758 223 333 82 234 641 773 237 204 738 16 530
11 204 58 266 530 744 829 854 849 759 714 485
10 504 239 70 139 791 162 419 136 658 163
9 367 117 382 234 786 619 853 667 218
10 340 365 657 266 395 627 578 311 244 17
13 381 816 136 708 93 870 714 329 826 143 502 270 99
10 10 550 180 29 302 308 578 823 283 455
11 288 881 94 342 214 797 327 743 692 484 709
13 386 441 307 666 896 34 875 6 195 501 439 444 755
10 696 709 70 574 828 73 284 375 297 738
10 156 131 253 354 843 574 260 201 590 860
11 81 599 92 879 862 877 42 115 874 892 595
12 85 200 892 39 726 367 233 232 555 290 705 353
11 498 722 852 760 758 368 375 600 117 590 540
12 538 829 84 384 321 828 765 788 785 25 870 833
10 345 693 662 824 305 454 495 811 708 753
13 881 302 348 327 34 390 202 636 446 171 680 532 254
12 272 836 556 675 395 550 711 521 208 833 281 189
12 746 407 454 270 339 774 32 627 88 364 577 763
11 23 160 169 161 191 15 732 682 515 48 691
10 488 20 26 92 640 83 43 292 31 436
12 136 262 83 863 616 523 791 367 91 795 783 856
12 810 611 425 72 217 356 166 853 68 13 457 375
14 3 425 94 888 804 227 867 492 680 893 225 554 97 17
10 847 137 172 213 821 343 766 598 123 385
9 705 29 729 608 591 203 362 218 737
8 88 149 604 529 566 835 294 386
11 590 828 681 57 459 671 454 78 170 693 500
13 885 289 837 420 826 462 357 7 260 481 422 205 811
8 618 52 331 375 493 50 117 265
8 90 397 107 401 45 129 244 111
12 583 365 297 393 48 898 556 705 900 797 367 291
9 652 19 186 300 858 356 187 213 56
14 19 712 508 863 399 229 716 164 352 711 100 630 248 99
8 649 858 460 23 13 867 18 147
11 230 642 871 599 787 739 851 583 470 431 789
13 571 454 799 529 504 339 780 471 112 852 815 607 330
10 441 532 301 209 240 366 320 569 189 349
12 518 450 226 750 637 404 12 381 874 686 163 683
11 172 133 520 124 573 739 746 6 348 478 360
12 850 496 735 862 74 245 130 663 702 161 830 307
10 169 876 366 338 629 649 292 407 252 532
13 755 794 847 343 29 754 421 288 321 38 125 638 358
12 736 318 679 508 309 693 77 389 112 689 65 489
10 433 147 157 555 652 456 794 576 714 802
13 524 822 102 183 480 411 410 437 506 275 491 221 608
13 152 261 449 747 646 54 62 895 477 315 647 368 698
12 616 608 323 447 203 747 699 42 112 357 355 850
12 708 137 2 528 746 638 524 823 743 560 211 818
12 82 174 9 378 814 475 116 449 747 187 175 312
11 121 387 572 172 52 41 75 512 33 696 656
9 448 662 410 439 195 80 582 850 48
8 849 254 464 764 130 373 25 598
13 701 679 804 242 97 184 345 662 698 641 336 537 63
8 199 54 107 491 68 728 851 523
13 122 587 807 446 437 46 543 798 558 42 200 392 695
9 854 57 473 58 152 285 633 826 276
8 430 754 32 163 816 682 58 347
14 71 767 591 675 517 644 169 633 206 829 766 874 753 621
11 243 129 894 379 270 268 652 219 618 393 890
14 350 794 272 485 474 74 682 164 160 124 402 148 379 287
10 147 532 821 726 216 232 565 820 251 55
11 10 760 65 49 146 74 507 713 397 411 735
11 193 182 702 855 56 777 249 509 659 762 419
12 318 824 333 813 178 844 650 661 578 517 561 138
12 172 521 188 897 836 425 716 52 160 867 374 627
13 762 544 331 651 798 756 692 158 872 212 78 866 87
9 72 785 827 348 844 236 866 744 717
12 843 17 761 431 561 300 669 543 84 123 509 158
9 625 143 41 737 184 180 549 232 693
10 784 103 432 547 296 246 578 514 256 585
10 207 618 213 150 182 441 375 84 16 712
13 11 1 543 69 80 356 684 405 182 383 412 728 702
10 106 885 369 660 51 443 275 259 714 439
10 112 799 31 579 214 753 623 480 244 337
11 873 778 67 353 673 845 228 159 735 187 464
11 787 45 247 395 660 24 740 877 209 516 885
11 214 627 572 11 410 5 286 194 885 743 638
13 151 344 722 564 11 118 715 795 611 843 144 443 705
11 30 191 469 145 607 365 428 50 756 560 111
12 530 139 75 587 604 312 390 48 680 165 277 730
11 894 778 67 22 232 309 229 325 597 530 639
13 618 258 800 557 137 266 43 445 722 435 633 374 761
13 870 683 289 559 471 875 674 646 548 802 290 619 642
10 769 3 547 280 14 358 68 726 691 56
12 512 78 619 650 788 298 484 259 402 779 192 852
13 343 575 661 521 365 724 137 847 578 346 535 600 10
10 797 190 514 25 629 674 85 562 117 819
10 55 606 853 784 363 443 18 251 685 751
13 256 325 743 657 551 28 500 228 122 50 12 601 526
12 357 546 516 83 231 649 332 26 291 654 859 695
11 651 688 849 337 691 832 229 390 455 522 386
12 149 306 155 94 553 480 557 111 261 292 649 805
10 862 542 328 629 160 278 295 133 128 500
9 223 504 217 767 733 853 558 573 681
13 581 88 90 28 244 150 575 245 408 509 456 724 108
13 820 636 285 452 863 314 734 47 475 129 394 897 715
10 538 345 551 465 238 545 255 816 745 797
10 191 379 473 580 149 555 208 722 480 759
9 468 212 504 644 248 527 191 235 140
9 540 302 293 214 437 527 639 8 187
11 499 681 378 604 258 868 870 168 706 184 783
14 208 689 165 822 707 117 749 895 355 135 392 506 649 694
9 519 493 709 355 689 46 683 59 740
11 20 428 64 514 756 320 794 877 603 117 187
13 677 427 645 130 869 585 664 62 26 278 845 353 324
15 737 58 325 890 320 813 838 43 426 136 863 392 39 532 82
11 334 804 332 300 599 360 121 739 259 347 602
12 361 313 271 147 363 60 720 34 43 360 781 876
10 843 649 443 349 768 509 266 758 470 196
11 752 699 147 850 898 199 386 209 71 462 381
12 677 111 337 430 122 42 521 459 663 485 92 12
11 526 315 675 259 530 898 285 853 595 347 577
8 411 436 90 806 124 771 379 576
12 442 607 391 616 169 435 468 728 436 511 290 26
12 70 175 710 218 433 469 824 613 729 578 529 460
9 204 412 544 698 379 354 484 69 219
10 111 711 595 683 308 96 437 596 294 171
9 441 892 99 830 114 303 166 897 154
11 189 271 492 38 614 626 204 832 871 868 390
11 549 241 581 863 493 592 164 794 805 428 67
12 421 182 572 732 795 427 208 473 482 477 813 658
12 261 206 300 8 571 366 751 480 221 303 653 768
11 572 249 41 50 771 117 92 186 40 123 169
11 867 524 183 292 195 47 710 337 22 841 96
12 145 564 263 888 723 120 159 841 140 407 827 761
11 214 886 210 775 88 329 375 372 646 446 712
8 786 20 403 861 826 610 469 542
10 745 695 54 84 598 214 232 772 171 146
11 300 403 374 616 898 558 470 726 723 217 244
11 275 817 150 506 843 579 335 367 574 396 459
9 768 30 16 597 229 464 69 792 238
12 617 656 621 246 762 132 853 742 183 89 832 670
11 751 198 738 889 575 468 522 788 729 310 55
9 738 392 520 30 406 751 868 307 583
14 773 138 491 709 493 258 874 311 719 708 387 39 589 45
10 233 24 602 501 889 807 849 831 154 37
11 448 389 188 871 366 622 874 117 499 866 132
10 57 735 400 264 248 887 810 499 664 622
14 372 179 813 198 197 796 288 272 172 526 304 819 305 397
11 201 429 792 51 112 36 829 384 324 48 471
10 453 135 664 478 770 14 212 684 799 483
9 203 97 196 783 555 639 614 494 484
11 429 196 472 785 105 4 783 710 194 96 298
9 820 476 640 52 379 112 550 478 339
9 306 615 264 27 729 406 785 231 866
8 864 16 134 419 108 728 763 170
12 845 767 864 43 595 360 869 560 663 197 190 715
13 73 530 261 622 177 610 788 176 859 309 469 513 55
11 294 14 353 180 572 195 653 641 38 881 302
13 555 486 244 675 421 578 135 693 347 20 17 291 241
11 57 710 417 158 66 849 389 279 307 269 530
14 477 155 559 441 577 227 866 616 99 277 816 875 143 98
13 812 469 654 485 576 715 618 401 638 166 580 748 414
9 333 338 446 816 813 136 369 694 26
9 162 428 458 828 730 568 700 609 435
9 215 397 287 258 402 526 646 685 784
11 151 468 315 854 565 436 705 783 134 514 353
10 7 450 28 172 826 367 498 421 557 452
12 395 311 62 74 154 774 814 544 719 745 387 644
11 209 134 132 746 344 454 80 679 225 69 497
8 478 607 515 154 140 302 776 637
9 494 591 59 120 366 269 689 672 822
10 253 255 822 675 347 808 851 793 585 76
9 684 101 890 704 481 476 136 792 83
11 7 870 53 648 178 378 388 139 507 828 863
11 446 118 21 756 570 46 830 32 105 480 367
9 7 63 583 189 77 761 555 128 535
15 730 612 317 658 815 368 665 348 432 143 714 102 28 515 333
10 184 636 450 59 723 290 643 534 845 823
9 47 829 790 867 280 688 167 702 855
12 168 361 202 583 55 76 759 359 720 98 153 258
8 478 32 103 80 182 660 704 748
10 391 750 499 747 578 236 218 842 177 21
14 489 442 333 516 860 109 544 22 375 293 81 807 257 871
9 615 145 407 316 339 810 224 333 481
9 340 416 742 455 180 482 604 610 737
11 577 55 345 795 398 108 803 229 399 723 47
11 188 555 772 696 857 303 447 351 593 362 821
12 509 860 743 391 694 356 192 57 637 139 258 121
10 190 780 489 593 85 383 453 759 590 481
11 736 280 539 120 872 59 745 855 704 531 153
8 269 534 696 455 418 752 439 59
10 91 312 868 207 657 98 842 470 430 238
8 475 656 223 249 156 822 115 155
14 433 764 317 772 184 115 818 693 700 743 676 537 466 307
13 781 667 854 400 276 306 777 516 237 586 657 526 406
14 778 338 328 806 827 173 573 88 584 387 675 552 766 753
12 598 282 8 865 305 575 564 570 397 315 11 18
7 293 372 374 394 877 558 618
11 213 412 365 78 680 808 697 112 77 627 883
11 714 343 465 182 302 108 78 857 567 511 577
12 17 5 758 447 861 591 109 622 640 627 699 96
10 245 198 787 770 38 190 412 355 319 241
9 235 574 679 821 423 48 846 52 548
10 802 107 568 681 66 41 577 735 506 662
13 674 663 80 828 121 94 615 796 546 25 184 269 137
8 577 9 139 466 818 32 457 165
8 141 445 426 79 605 850 270 717
11 420 878 207 410 729 364 502 678 29 398 159
7 858 403 388 267 280 561 767
7 610 677 683 472 136 40 435
14 657 193 307 705 623 516 343 385 794 79 876 735 132 206
14 404 501 323 758 545 546 143 6 178 41 774 862 153 346
13 416 489 653 612 784 659 738 35 10 107 761 315 415
11 238 205 463 320 567 210 372 1 145 244 99
11 426 49 308 464 774 845 582 48 585 102 750
14 466 115 728 106 513 26 407 731 404 481 342 821 375 9
8 893 266 403 372 474 460 175 514
12 254 543 224 693 223 590 534 658 73 833 462 632
13 41 599 46 126 363 710 292 70 429 108 690 351 836
11 705 464 817 80 43 315 293 701 616 127 825
13 855 280 412 473 377 66 490 788 639 470 13 354 310
8 373 598 380 681 149 732 550 696
11 36 69 581 523 672 405 411 134 229 427 4
12 17 486 441 100 740 771 815 268 171 290 669 628
10 707 445 712 629 384 658 888 467 845 769
10 882 439 69 763 58 593 417 435 881 778
14 20 416 645 686 353 841 693 887 679 795 570 309 520 56
13 535 491 407 411 817 812 433 612 815 766 844 522 297
12 807 731 843 623 857 716 436 238 708 775 577 452
15 198 255 213 865 501 714 304 282 48 93 802 160 771 357 179
12 488 100 92 700 745 54 508 86 844 505 897 198
12 314 518 129 374 615 65 133 353 422 761 860 655
11 59 151 624 449 76 542 605 474 48 409 198
14 472 139 23 235 132 164 518 822 638 117 455 122 424 29
13 248 346 738 593 576 668 735 360 145 42 314 428 134
10 310 563 222 762 756 428 493 874 10 96
10 660 772 476 471 192 492 853 413 380 71
12 896 424 241 236 38 874 718 853 87 406 65 136
12 876 460 401 642 615 6 380 64 452 16 296 714
12 803 266 726 385 114 272 691 302 853 840 14 804
9 451 25 778 796 15 511 777 105 357
10 515 306 419 752 716 709 287 708 149 799
9 461 650 277 162 125 257 318 516 502
15 437 722 481 357 66 233 512 244 744 491 69 349 646 849 738
13 193 722 403 82 49 352 36 267 147 749 900 74 678
10 670 272 210 612 443 428 125 777 20 475
12 242 580 584 537 419 73 367 499 729 545 730 861
8 99 306 246 883 262 401 736 608
11 269 872 237 417 675 191 824 546 676 378 765
13 146 590 283 530 27 862 361 313 403 242 93 596 606
12 311 628 335 67 546 202 25 692 196 118 877 350
10 870 154 156 362 193 778 531 40 206 875
13 773 621 34 766 339 612 418 703 556 116 102 714 656
12 181 479 51 676 546 718 570 697 515 30 735 107
10 487 620 239 386 324 221 702 550 288 633
10 134 774 712 442 196 535 295 624 830 893
10 803 138 70 294 104 124 592 800 659 86
13 557 120 810 753 69 329 249 709 635 634 246 142 553
13 470 520 653 432 204 103 250 43 130 879 515 400 875
13 594 468 665 419 20 872 724 430 589 130 549 896 659
7 72 245 617 680 419 752 407
8 524 703 576 543 454 511 657 625
11 475 614 291 634 467 876 270 227 573 793 343
13 479 69 614 483 223 840 58 808 280 397 90 476 278
14 136 318 658 616 677 544 603 567 432 607 72 212 101 37
11 549 284 666 486 301 25 209 383 770 56 599
7 6 662 10 531 467 593 474
13 216 659 546 762 775 705 797 622 425 497 602 533 415
12 439 6 354 438 525 413 294 795 18 252 565 68
10 442 599 574 26 629 153 24 169 89 78
11 161 167 641 553 592 496 835 401 758 796 461
10 332 403 356 131 28 514 364 680 522 124
11 274 109 284 273 187 545 807 78 685 510 605
7 448 884 674 226 166 298 261
9 799 11 142 290 24 798 271 476 430
10 568 253 259 715 745 315 720 34 838 179
15 811 394 161 487 426 703 493 575 794 600 190 810 726 129 28
9 626 182 220 831 841 720 90 340 303
12 279 891 405 536 864 677 528 104 746 122 108 222
12 898 193 765 106 80 111 88 325 20 288 630 502
8 599 671 701 193 594 641 488 158
13 189 839 123 52 147 720 521 121 726 352 701 258 301
14 325 400 282 703 834 135 773 880 762 549 662 819 838 406
9 137 703 689 592 444 713 123 815 544
12 677 523 15 535 743 319 256 818 888 693 281 837
10 572 892 257 651 163 645 249 350 560 306
11 565 676 37 649 21 45 78 616 606 26 448
11 371 845 625 165 288 140 691 633 304 342 157
14 228 11 198 232 489 472 180 443 655 813 392 486 417 545
12 368 845 521 200 564 158 540 648 467 421 664 15
11 242 482 739 854 374 48 667 611 686 758 40
9 10 798 498 189 826 35 224 336 248
13 854 688 530 14 369 837 766 865 16 321 139 643 412
10 661 723 703 457 759 601 5 45 695 733
9 480 4 866 809 490 641 245 662 503
9 850 348 293 176 612 292 100 734 728
12 440 761 181 586 577 30 422 1 277 701 438 559
13 312 390 624 218 591 100 873 635 108 66 753 814 145
9 594 860 6 269 739 58 834 632 187
7 357 533 818 336 323 11 566
12 759 369 754 167 691 528 335 280 77 359 679 207
11 139 708 681 7 496 788 797 857 759 866 442
8 461 323 6 832 277 257 399 792
10 520 57 471 408 638 841 6 178 202 254
13 742 630 676 447 176 778 228 665 646 613 669 456 527
10 414 155 310 536 432 350 576 313 889 621
12 747 212 484 196 844 173 851 307 417 469 351 751
12 843 627 651 38 426 51 30 9 613 849 552 898
12 400 434 395 546 708 521 675 609 220 111 199 6
12 883 895 461 845 617 774 691 603 390 55 683 595
11 12 798 25 101 231 148 754 718 710 454 334
14 455 214 25 75 149 253 630 33 763 355 825 488 822 35
12 444 808 830 736 889 599 732 304 856 315 522 66
14 186 609 810 433 14 717 462 30 569 133 500 211 525 128
11 846 205 357 522 872 661 323 793 655 890 481
12 576 737 386 280 719 572 116 358 507 382 256 490
10 172 690 506 572 610 341 298 581 380 348
11 224 349 739 511 336 624 513 280 816 252 417
11 635 78 830 677 19 621 860 627 393 286 345
15 371 301 14 742 384 665 743 676 284 107 202 349 866 594 847
9 189 104 197 733 437 29 58 819 770
11 19 658 509 622 822 666 590 287 766 574 442
14 800 159 214 667 826 658 217 570 94 78 117 495 195 830
9 715 172 818 86 186 76 695 226 304
8 489 405 27 592 742 793 727 279
13 827 601 768 828 725 237 119 819 633 465 191 822 140
13 179 183 816 264 328 709 791 515 631 840 479 341 598
11 226 348 769 807 48 265 283 127 272 476 433
11 185 583 482 676 26 73 95 607 656 437 104
9 559 455 839 56 878 235 58 2 702
11 461 896 763 870 786 150 769 159 140 52 12
10 671 520 614 896 148 11 648 691 465 439
11 163 195 705 446 250 715 110 687 531 693 500
15 791 556 376 444 841 417 777 731 666 755 763 732 705 821 463
10 280 522 657 119 669 857 605 83 388 402
11 547 451 846 880 735 173 639 843 305 815 303
10 287 699 366 855 853 682 665 793 576 254
11 702 205 345 203 73 720 518 226 756 825 409
12 734 612 748 760 532 534 431 794 641 788 113 125
11 789 472 138 254 49 497 249 309 133 340 328
11 508 363 762 556 798 789 147 754 787 611 180
11 865 285 743 308 555 467 10 71 381 525 719
12 779 42 422 233 299 748 1 776 732 643 577 802
8 716 292 33 729 257 477 651 566
11 41 485 223 53 576 642 404 394 842 424 81
10 860 898 791 265 465 203 335 754 631 104
8 448 864 315 299 740 311 882 218
13 672 852 696 281 691 53 453 295 566 253 460 554 118
14 121 152 877 375 891 275 480 51 80 103 600 553 222 529
11 291 209 333 88 479 819 693 788 47 299 425
10 438 661 29 611 431 669 478 405 884 150
10 69 402 382 263 230 866 441 302 367 277
11 324 779 169 611 539 197 5 504 63 392 231
12 423 770 862 149 883 275 666 90 421 826 434 828
8 367 250 577 488 279 785 721 632
15 528 574 400 461 824 827 568 353 74 63 378 318 131 900 683
11 290 893 8 135 88 623 279 575 640 133 619
13 803 212 183 390 825 675 827 425 800 174 424 321 730
13 633 326 280 861 756 133 22 499 359 783 489 10 151
10 862 571 3 708 129 199 595 549 267 858
12 53 672 244 781 212 629 22 516 372 722 628 542
7 699 573 503 719 190 248 317
11 553 344 6 313 227 114 818 764 691 349 587
7 649 352 597 230 281 353 302
14 415 759 730 200 870 708 825 398 593 751 859 778 744 406
11 455 363 806 422 72 895 4 143 46 295 357
13 800 466 15 198 313 58 178 235 745 460 387 176 676
12 819 790 305 446 831 870 147 192 342 767 78 662
11 358 347 639 78 13 253 690 810 226 480 136
15 863 231 877 681 660 215 569 257 464 624 400 373 699 864 437
11 740 250 293 16 315 567 593 419 238 490 756
14 565 155 47 568 477 766 354 811 186 269 451 781 266 808
8 615 320 724 813 532 412 888 212
11 65 817 27 656 548 534 213 823 365 387 168
10 722 883 528 43 52 230 806 479 506 723
10 693 388 686 327 52 162 585 108 778 586
8 41 169 190 299 523 246 507 885
11 35 276 239 81 609 230 419 826 464 332 801
10 571 354 145 675 20 756 8 347 206 104
10 77 191 712 550 694 68 30 172 465 449
11 427 57 55 74 387 673 765 152 291 124 274
14 510 875 148 533 760 672 886 563 558 709 737 455 332 413
8 648 253 161 567 197 143 556 493
12 61 358 349 769 825 301 762 476 432 146 309 606
12 108 293 28 60 854 633 291 282 297 214 558 725
10 740 339 544 598 502 794 259 478 318 534
9 173 91 65 197 256 254 272 376 137
8 390 559 881 734 307 133 664 387
10 434 471 339 498 440 622 233 140 439 278
9 138 804 823 98 26 848 619 540 92
10 282 310 344 843 338 571 555 250 885 168
11 838 323 254 636 228 537 352 857 462 808 492
13 666 825 156 821 714 638 437 581 563 496 342 75 405
14 357 490 196 697 99 85 339 712 356 287 201 55 2 845
11 177 710 488 309 235 455 622 101 489 785 172
10 432 116 99 613 507 488 84 609 717 37
9 643 255 476 797 80 537 726 512 466
13 465 405 736 112 742 273 498 889 697 751 58 561 318
12 502 288 688 193 262 885 537 758 383 381 86 380
12 241 233 475 553 464 94 653 275 801 597 37 361
10 301 252 180 837 782 101 634 731 233 372
9 290 258 800 248 785 192 257 89 18
11 245 155 80 679 444 48 234 322 455 525 465
9 663 318 546 291 295 628 199 756 817
9 529 561 7 17 288 72 78 778 42
10 71 241 693 602 428 39 250 347 74 290
11 704 40 205 212 417 549 792 504 249 771 360
11 580 282 564 525 98 895 157 433 353 325 372
11 473 624 569 890 799 476 606 351 172 114 14
10 888 844 319 135 161 344 502 15 54 484
11 213 533 761 784 376 679 299 193 209 68 197
11 522 454 614 748 740 631 697 32 23 471 666
13 478 399 379 702 678 553 214 387 594 100 263 36 711
11 767 186 779 434 580 455 175 39 591 873 146
14 290 798 779 772 773 105 217 623 833 594 142 484 328 822
11 444 420 254 635 543 731 166 691 648 619 186
14 894 389 462 326 653 425 242 142 153 154 473 274 505 90
12 460 844 698 542 797 188 384 119 744 315 462 745
13 15 187 168 222 401 174 35 292 198 444 876 617 367
7 826 271 536 114 9 500 624
12 56 202 487 32 313 884 176 193 616 725 26 142
9 258 808 872 562 749 85 111 893 289
12 318 314 130 297 807 159 603 613 229 796 612 458
11 413 491 34 702 579 763 703 98 340 360 879
12 367 399 282 35 450 267 40 860 78 224 680 169
12 407 881 765 228 640 51 650 17 647 864 298 806
12 412 640 749 653 62 532 325 371 53 180 215 764
12 191 327 898 384 792 765 68 145 398 504 303 753
14 742 370 470 446 321 153 261 380 12 458 379 109 583 773
10 735 649 101 320 168 730 686 463 752 582
11 316 123 504 78 279 270 103 125 394 134 173
10 591 200 774 501 407 188 582 406 88 761
10 829 531 716 392 8 596 255 135 827 168
7 111 720 38 288 166 625 900
12 497 449 786 455 401 315 258 830 329 415 569 691
10 420 227 67 547 618 170 502 661 590 863
10 424 569 864 446 282 127 82 327 268 737
10 394 597 738 806 84 422 50 157 455 165
10 774 704 473 185 872 537 72 555 350 460
9 674 529 137 459 453 573 651 395 377
13 335 536 170 639 56 673 671 221 582 560 229 152 441
13 153 514 618 285 59 723 696 841 557 172 660 550 601
11 285 108 32 467 624 98 685 662 40 182 885
10 363 865 314 142 445 519 305 548 203 516
7 46 498 426 770 469 491 654
11 343 470 292 864 591 449 502 333 862 150 552
12 672 875 102 82 198 176 747 84 72 547 524 491
12 656 55 397 679 58 50 294 333 296 81 895 330
12 375 122 667 554 197 693 55 816 466 547 164 152
13 36 762 767 780 836 419 388 785 207 504 116 520 605
8 29 732 123 413 207 498 632 776
12 132 867 602 514 724 261 637 150 330 378 66 897
14 754 228 466 236 174 221 629 502 692 797 347 404 705 550
10 845 500 307 687 840 756 271 345 91 662
10 813 14 532 327 581 252 647 100 754 115
11 888 450 717 80 54 43 252 110 563 352 591
8 413 564 433 591 704 303 227 169
12 413 187 575 767 91 114 117 87 574 520 197 65
10 156 768 725 308 30 757 101 282 264 370
10 709 881 637 160 799 505 66 180 437 728
14 336 385 861 883 480 478 823 334 365 261 490 720 39 234
11 328 770 411 174 159 688 325 850 736 578 482
14 657 167 310 877 88 804 227 572 393 411 863 816 767 541
8 509 709 553 458 311 824 776 832
11 693 734 891 481 669 499 150 324 882 347 540
11 191 198 398 836 294 7 725 810 589 105 110
11 172 75 756 561 277 13 392 31 298 541 592
10 558 40 860 400 35 625 605 606 378 727
12 350 757 322 494 338 13 866 264 651 405 224 86
9 835 324 303 873 394 236 312 251 806
13 696 841 616 253 493 764 604 547 588 887 197 862 138
7 762 142 290 373 707 683 460
9 814 32 753 193 664 832 699 27 379
11 247 204 70 280 373 36 326 774 245 509 45
10 130 472 5 354 66 580 424 404 215 171
12 10 103 536 501 448 827 124 642 693 259 330 622
9 882 105 690 9 254 638 385 602 251
9 446 721 192 345 245 123 307 344 644
7 162 280 62 776 267 374 248
13 671 455 697 701 123 226 808 539 617 7 405 799 597
9 145 66 522 63 552 381 99 326 368
8 612 344 137 455 287 768 183 651
8 130 3 253 812 701 282 460 884
13 591 451 758 891 558 60 825 377 514 310 265 386 123
11 46 508 152 297 650 631 787 207 319 621 625
8 782 371 14 88 259 50 4 89
7 715 849 481 376 186 815 364
10 442 532 544 517 29 608 810 457 388 417
8 55 352 61 564 88 793 325 649
9 222 554 39 303 213 768 381 651 204
14 579 569 263 673 441 79 501 419 174 270 669 580 385 199
10 793 898 265 47 388 710 451 734 76 749
8 127 476 646 590 204 338 265 832
9 529 110 635 812 449 668 744 70 523
12 572 619 4 838 460 860 109 719 885 300 855 604
14 845 890 181 173 194 521 292 522 174 585 634 277 70 750
8 291 871 500 746 216 66 627 298
10 628 518 282 360 242 868 531 326 361 227
14 750 50 109 12 887 419 801 488 741 295 95 747 111 522
11 214 804 335 35 435 188 78 135 326 279 12
9 228 714 385 500 236 484 777 640 614
12 828 112 396 102 288 194 409 445 338 190 129 803
13 191 544 116 533 718 200 413 261 508 877 255 382 258
8 829 149 617 128 187 536 459 593
13 557 86 507 563 138 439 434 354 267 450 625 382 421
10 662 160 763 878 403 716 326 176 357 898
10 32 331 328 352 541 438 141 694 874 356
11 869 199 495 541 182 502 889 213 546 847 745
13 338 235 846 461 843 674 808 397 232 467 384 399 889
12 480 115 667 588 605 646 572 683 217 337 367 288
12 631 695 525 353 855 27 686 332 36 868 246 630
12 185 556 598 759 441 249 812 392 847 855 224 405
11 49 877 450 775 891 449 649 622 440 754 332
9 371 293 243 543 214 2 207 310 601
10 162 823 827 92 448 327 298 390 231 143
9 8 27 226 207 11 436 286 484 414
12 606 764 347 199 132 403 3 93 162 47 305 115
12 786 792 862 509 404 726 610 503 808 172 74 175
11 837 624 816 688 592 125 311 17 157 733 750
10 857 456 192 68 566 499 525 876 437 152
10 532 515 114 507 418 486 280 570 604 658
13 786 45 182 437 835 709 160 445 332 789 40 863 865
11 504 621 507 717 356 651 414 741 836 703 729
11 347 715 266 783 301 250 70 678 822 436 462
12 114 10 443 396 281 265 435 308 462 889 169 324
8 121 37 78 152 784 27 506 550
11 125 547 548 617 689 111 58 668 819 862 14
13 706 567 519 88 297 66 422 63 683 293 270 212 257
10 363 615 765 81 714 1 244 286 871 249
12 111 120 363 155 585 743 769 689 298 57 894 117
10 385 390 616 339 715 783 289 70 894 158
10 798 163 813 653 684 190 804 115 523 298
14 709 271 376 750 88 104 494 553 625 730 689 744 387 766
13 322 612 76 554 293 15 231 600 876 198 26 669 395
11 532 10 583 512 688 548 115 423 374 694 139
10 678 707 253 54 44 789 23 110 182 779
12 19 551 816 470 404 486 763 378 308 885 449 429
14 531 183 75 152 347 733 817 604 828 81 300 486 54 753
11 673 237 559 572 539 221 226 267 647 159 86
11 689 4 609 664 613 620 691 629 453 169 53
10 190 516 657 314 136 871 410 139 630 697
9 160 768 124 442 545 227 777 633 805
11 180 669 545 604 615 536 560 481 96 94 675
9 252 581 141 783 64 58 387 633 725
14 499 837 790 278 209 522 73 111 97 33 379 441 508 134
10 682 594 106 146 651 249 466 286 489 595
12 792 48 688 149 37 264 602 365 567 578 78 76
11 404 217 52 238 446 269 627 493 730 495 354
10 738 613 392 412 572 73 98 429 689 839
8 596 31 363 587 793 728 653 754
9 651 227 505 283 466 803 95 354 270
10 131 47 328 472 347 162 191 273 365 432
15 109 601 900 761 352 640 810 554 384 161 217 558 708 785 768
10 517 726 482 678 74 640 205 606 429 851
9 338 625 305 566 821 444 788 609 185
10 528 747 123 630 855 7 139 230 330 726
10 507 177 22 1 460 304 726 646 662 768
12 234 631 392 352 388 130 243 773 494 793 603 8
11 564 517 48 642 7 865 481 54 807 893 129
9 545 325 459 303 448 530 437 197 286
11 808 290 502 278 377 107 699 321 832 134 316
14 676 19 650 607 561 149 617 563 187 727 604 784 243 857
9 383 251 539 132 850 880 201 861 779
13 662 707 823 9 515 724 391 38 333 652 546 276 529
13 53 623 708 703 698 884 545 234 898 558 271 164 196
9 552 869 18 15 716 789 274 292 556
11 418 746 711 511 48 763 789 414 53 271 348
9 75 823 511 26 299 743 16 337 623
12 623 777 805 253 868 241 83 290 17 373 547 554
8 573 259 596 55 560 289 262 49
9 673 185 681 433 666 633 713 500 865
11 151 28 443 714 342 549 756 8 763 575 50
9 183 824 364 821 130 439 634 81 601
11 852 477 650 614 848 479 83 49 798 208 285
9 752 460 541 534 690 498 490 521 331
13 428 580 32 322 27 896 447 77 128 600 388 62 689
9 266 712 121 889 225 343 876 132 779
9 646 211 682 238 174 247 824 316 222
12 179 787 793 755 406 829 364 846 155 746 757 820
13 200 641 138 393 826 105 678 239 657 144 359 643 204
12 815 834 432 495 794 863 519 683 363 616 56 595
9 159 117 41 806 473 762 745 870 190
8 875 312 32 179 440 351 594 278
12 300 355 548 562 658 844 390 134 499 824 688 693
10 247 669 186 806 699 194 33 467 530 486
10 122 28 483 796 551 153 165 544 357 561
10 462 224 663 557 852 862 282 238 9 154
9 397 877 777 689 473 589 797 532 664
10 599 878 47 630 70 535 244 598 198 477
11 434 5 627 496 404 591 191 192 194 328 426
12 792 602 771 304 263 499 414 335 761 317 740 781
7 840 138 805 245 396 155 427
12 383 45 814 887 660 534 73 299 633 652 328 304
11 389 232 641 589 625 18 264 788 599 649 636
10 564 505 516 143 170 848 405 215 154 43
11 254 366 742 320 342 719 63 278 560 437 55
8 146 552 810 62 109 380 844 721
15 562 311 682 718 852 12 408 205 738 378 602 789 345 554 184
11 823 612 551 666 503 886 349 798 854 534 762
12 9 798 535 412 547 738 512 737 294 890 112 764
12 655 118 565 290 278 365 740 260 695 300 522 338
10 707 739 415 33 201 745 49 647 626 579
15 768 417 893 806 47 623 290 755 128 556 532 526 756 710 395
12 584 747 272 100 484 173 116 130 214 79 215 811
11 764 568 50 268 122 206 626 879 223 151 747
13 379 357 663 847 833 533 175 422 52 731 545 110 600
11 189 436 528 353 196 55 349 373 760 342 158
14 822 810 900 597 165 231 487 823 592 770 572 310 893 300
9 884 127 656 877 483 714 201 895 172
13 574 239 327 627 320 752 554 357 351 410 634 662 243
12 737 607 608 108 186 79 498 272 274 711 799 589
12 395 215 792 337 789 619 110 866 579 675 892 80
13 382 376 227 112 40 841 834 388 263 526 812 283 132
9 788 846 310 425 157 826 261 476 650
11 201 267 888 2 686 367 691 592 773 82 718
11 889 646 721 765 133 19 621 397 803 182 805
13 74 240 242 667 778 585 848 254 143 691 809 663 690
11 341 105 634 661 573 842 450 463 740 322 734
12 533 184 482 10 781 743 654 208 177 668 709 387
8 387 44 370 812 116 462 502 75
10 400 875 897 300 776 396 66 859 19 113
12 319 75 30 413 91 160 402 270 797 179 441 89
12 19 780 611 594 583 729 341 222 863 82 437 33
9 748 271 479 310 724 1 256 117 642
12 342 661 414 92 151 261 363 627 110 174 623 252
12 198 811 592 146 334 818 421 537 604 234 28 791
14 556 618 130 11 310 894 577 777 658 744 622 817 562 746
11 478 303 213 793 314 664 335 833 24 486 766
8 554 255 800 132 129 870 412 210
8 525 576 182 97 710 748 780 546
11 105 822 452 646 4 310 459 721 220 12 805
8 191 772 598 684 626 17 820 842
14 482 571 520 692 465 479 160 316 560 8 324 717 260 526
11 351 769 262 332 167 836 689 326 397 833 286
11 423 323 711 704 870 185 663 618 184 105 103
10 545 802 297 223 104 495 324 831 526 537
11 312 314 489 716 407 742 258 292 749 894 647
12 548 405 389 398 442 738 223 841 221 660 890 870
10 571 574 850 213 321 639 660 699 884 622
13 883 485 640 57 801 247 593 173 697 9 472 239 880
10 567 382 565 592 738 161 38 628 68 534
14 758 242 211 685 604 688 347 673 708 488 204 520 789 197
12 511 289 884 869 594 214 58 872 258 727 105 707
10 307 10 750 456 100 228 487 501 70 402
13 580 689 282 195 336 763 188 268 857 208 364 86 459
11 331 769 736 432 684 723 845 436 109 308 540
9 63 39 582 306 8 204 311 320 669
8 773 119 167 219 418 438 256 294
7 416 438 500 710 583 179 812
12 164 39 680 816 225 549 71 804 303 489 345 535
12 609 777 244 214 747 650 709 625 355 834 11 685
12 388 676 573 777 82 325 68 399 559 514 151 536
11 319 277 127 456 386 249 188 134 426 57 771
9 432 41 739 312 798 765 820 588 83
10 409 725 835 885 303 422 538 555 691 491
14 852 284 581 125 134 469 818 569 433 349 26 549 296 507
11 314 206 96 480 498 297 708 398 787 150 643
8 268 625 570 654 552 124 818 220
11 632 228 652 700 370 657 770 4 472 694 490
10 477 430 822 307 129 271 344 687 50 896
14 164 509 612 10 651 456 689 523 250 867 95 586 841 836
15 429 385 725 102 299 583 714 373 412 395 501 424 823 21 391
11 251 413 83 647 277 850 115 635 60 788 65
12 621 844 194 433 281 340 258 333 589 149 821 67
7 645 50 425 820 434 743 520
8 696 310 294 215 185 730 834 172
10 768 401 657 733 738 388 207 284 852 763
10 693 118 271 427 282 623 566 862 808 735
14 207 766 528 669 214 403 679 805 142 846 318 4 870 664
11 450 142 422 650 757 751 242 742 203 194 706
9 178 884 7 180 306 890 65 92 204
9 437 697 80 629 192 48 262 755 245
7 711 132 467 692 441 896 241
9 522 684 297 298 899 659 299 529 883
14 318 609 217 323 331 856 512 10 308 149 295 174 482 603
11 753 239 30 680 81 157 898 637 152 557 129
9 390 270 340 465 140 262 701 212 250
13 370 393 838 532 16 207 887 671 635 766 720 466 584
8 897 70 367 611 651 234 349 855
11 597 763 798 698 229 335 260 780 785 108 846
8 1 352 154 259 162 377 18 644
10 353 854 806 365 583 49 822 476 867 747
10 270 643 736 605 688 640 538 479 856 656
12 634 732 633 500 160 410 510 849 353 29 245 707
9 400 737 515 223 576 447 100 726 149
11 320 456 308 561 772 10 457 660 510 94 328
12 575 463 13 197 685 579 523 189 262 737 780 577
12 290 889 818 355 33 671 229 654 265 797 883 761
10 190 193 476 588 891 879 580 266 435 183
11 457 575 442 342 891 15 1 400 799 541 409
14 271 206 438 111 277 613 67 52 177 756 622 392 75 364
13 77 124 782 259 763 391 628 336 432 774 286 605 143
9 623 49 336 6 858 37 225 615 492
8 379 97 767 284 890 488 487 172
11 70 883 168 20 562 602 47 573 570 876 439
9 195 589 359 299 641 137 226 648 697
9 263 708 285 287 701 301 322 601 334
11 715 682 653 27 739 778 170 253 155 811 462
11 752 515 198 620 454 754 541 528 504 762 870
12 698 714 241 868 803 170 104 282 521 866 116 618
9 271 601 506 388 711 535 439 400 304
11 468 505 646 770 378 836 278 829 2 729 162
9 275 193 121 539 492 869 724 151 249
8 462 15 463 470 337 194 444 277
12 367 692 871 343 249 524 318 250 184 122 101 853
10 696 850 675 149 503 262 51 227 536 96
13 161 159 695 233 484 164 68 173 892 297 265 75 365
8 158 173 883 140 729 653 163 856
9 241 731 390 468 334 59 245 262 552
12 642 710 769 568 321 668 828 259 526 777 320 862
8 271 135 479 861 261 602 365 646
9 831 212 640 722 502 79 255 133 336
11 7 605 132 453 585 20 34 790 855 95 886
11 241 167 651 339 811 494 129 432 776 801 656
11 238 847 367 456 328 468 406 727 479 466 507
11 515 547 692 746 304 104 241 198 717 70 493
10 421 26 790 1 123 159 638 646 552 76
12 157 149 772 268 674 135 633 892 882 275 249 176
8 473 379 462 846 731 662 768 677
9 91 425 561 128 452 269 185 34 703
11 600 280 885 544 805 406 514 567 399 329 858
7 761 249 541 86 34 295 443
10 708 542 893 639 132 166 718 658 430 864
13 243 660 699 384 877 440 542 74 529 390 97 822 788
10 66 826 724 458 337 848 371 500 872 686
11 820 422 748 394 660 692 609 662 593 199 146
12 171 362 784 368 613 12 93 84 764 445 543 251
10 503 613 846 156 574 637 475 304 685 413
11 695 768 410 510 560 346 877 170 409 506 323
9 301 687 703 710 343 826 24 516 596
11 470 697 767 126 675 529 545 510 783 228 109
11 806 332 558 455 360 128 268 297 829 856 668
10 531 18 76 651 321 695 327 703 496 765
14 814 94 716 104 737 780 761 861 844 111 43 410 122 113
13 215 7 497 502 167 362 679 516 858 117 255 288 843
10 68 859 495 218 37 461 716 553 591 655
9 401 438 11 866 837 853 584 664 738
14 417 228 767 519 485 684 796 492 12 274 352 307 134 26
9 57 367 170 319 187 166 127 9 337
11 519 219 147 671 398 256 92 797 877 835 432
9 275 700 455 865 270 852 199 459 884
8 577 597 858 47 445 760 529 13
10 30 593 408 317 590 835 571 750 402 270
11 865 74 343 559 92 316 636 382 412 500 887
12 689 629 342 370 111 495 178 113 204 64 209 249
11 484 861 302 235 75 109 238 92 112 179 635
14 731 534 503 547 93 797 122 763 124 571 137 15 312 807
13 116 828 293 345 452 560 208 86 579 23 789 878 481
15 437 291 659 720 317 519 113 76 436 835 776 771 760 353 391
13 139 870 387 830 639 741 177 814 691 708 581 888 622
11 877 220 282 681 650 694 811 552 775 712 39
8 897 879 571 190 80 401 871 58
12 900 166 457 392 227 202 785 54 519 429 399 204
12 270 220 548 393 486 699 522 312 539 754 316 814
12 339 658 115 757 214 262 477 692 28 812 631 500
7 673 205 699 29 736 768 575
11 596 360 869 227 139 237 799 195 290 533 463
14 795 741 304 407 280 305 657 683 442 347 570 831 361 389
12 690 746 743 328 879 475 488 351 786 313 479 405
10 723 369 361 833 686 810 817 820 459 291
10 168 197 415 322 895 632 203 716 783 188
11 899 522 191 707 628 807 741 274 186 408 651
13 611 193 471 426 649 510 266 59 592 627 16 155 661
13 8 730 740 239 21 436 884 59 559 725 539 152 531
10 80 851 90 642 432 743 100 170 541 78
13 410 473 477 149 415 14 412 839 546 667 526 670 507
9 868 678 702 759 209 576 723 265 736
10 410 605 167 312 462 872 191 299 856 523
8 362 5 761 538 670 242 407 273
11 62 41 231 40 705 731 592 73 424 643 156
9 191 148 848 565 800 819 290 470 828
9 439 322 521 173 810 441 249 107 22
10 147 201 238 778 375 441 52 99 326 232
12 271 893 186 154 177 586 195 337 608 315 885 357
10 295 354 869 515 545 372 328 158 294 135
14 654 583 166 143 515 607 439 807 128 461 861 495 787 614
13 95 175 397 100 40 145 474 473 444 510 720 171 54
10 145 8 248 875 849 193 760 719 75 391
7 559 691 834 631 872 774 625
11 763 612 783 898 419 471 705 498 638 539 463
12 109 43 553 864 540 404 710 12 214 611 706 849
11 613 538 753 752 149 731 178 634 663 863 163
11 297 591 692 360 635 861 164 679 536 422 867
12 280 248 591 611 323 574 630 173 368 564 226 325
10 24 362 208 334 882 395 268 896 546 617
14 846 471 26 379 525 228 660 265 350 97 578 251 14 101
9 271 192 28 195 229 381 764 481 866
13 392 583 542 840 332 253 514 415 858 144 199 4 692
11 849 312 570 84 670 353 392 71 259 459 540
8 348 816 556 345 319 206 887 96
10 341 455 489 357 568 831 797 462 763 430
10 692 811 215 49 487 384 508 305 786 722
13 357 633 340 425 674 382 745 588 809 214 413 422 464
13 693 856 424 126 816 305 219 713 885 596 9 657 704
10 653 806 884 318 178 739 780 824 768 559
14 816 724 266 522 351 13 730 156 377 355 527 29 699 749
13 439 795 558 235 514 798 106 315 664 212 858 544 431
9 268 276 502 67 107 302 96 456 540
11 683 71 563 63 494 121 95 55 578 333 615
11 836 265 99 14 165 421 377 56 392 62 653
12 246 80 667 91 350 556 724 714 408 107 318 433
14 206 896 686 424 753 175 216 165 798 620 34 376 872 92
8 869 327 259 877 25 603 791 513
9 235 535 340 7 404 80 248 202 93
9 717 164 206 822 231 272 634 246 75
11 121 433 893 515 570 511 484 298 137 168 402
10 39 67 452 200 622 593 177 418 805 93
11 386 142 764 824 703 139 451 802 463 452 713
12 102 65 130 521 406 812 598 251 330 352 656 558
11 800 58 167 441 280 293 521 717 560 222 629
13 252 431 652 543 597 854 837 537 826 714 497 344 512
12 528 873 660 329 419 877 843 710 665 639 575 341
9 394 374 35 407 185 3 827 50 387
8 668 801 439 560 706 610 823 777
13 862 612 250 61 249 715 643 793 139 860 486 38 883
10 335 136 619 570 507 167 705 373 477 546
11 813 568 862 880 213 839 453 452 361 810 797
12 826 809 248 410 49 476 72 728 235 69 769 808
12 531 459 285 875 57 661 319 537 533 788 351 116
9 798 351 890 389 451 588 748 487 839
7 805 307 661 334 835 341 898
10 328 2 516 22 275 112 58 582 748 101
9 372 701 674 836 533 365 291 380 583
11 178 812 333 454 301 369 579 413 839 741 506
11 510 208 339 188 574 242 523 286 893 629 78
14 346 431 625 297 700 210 34 79 153 36 383 602 526 208
9 289 537 658 291 411 608 734 594 511
15 124 794 650 886 831 797 454 4 736 755 254 833 778 764 407
11 737 324 434 179 184 93 39 865 432 828 173
13 384 762 76 755 271 190 840 706 474 632 623 222 887
8 152 615 421 325 580 228 279 189
11 274 101 306 714 773 466 846 684 839 411 445
12 738 871 524 848 566 496 18 676 352 171 174 410
9 694 688 466 857 291 40 487 76 619
9 499 429 775 185 610 401 655 568 338
13 750 436 850 339 383 782 125 808 740 600 620 652 678
9 357 158 894 88 337 135 205 368 11
12 822 53 602 286 413 294 792 879 710 802 735 210
10 873 262 284 230 114 178 493 399 647 523
9 147 289 356 851 880 613 301 278 548
8 336 348 285 493 128 390 54 211
12 74 328 764 551 331 527 255 393 683 171 607 701
13 565 842 570 853 863 897 321 562 381 512 378 776 726
9 890 33 634 437 193 54 661 22 891
12 171 215 226 757 32 627 623 874 616 867 795 719
11 48 147 539 507 619 682 217 655 251 492 294
11 54 358 82 412 639 677 632 532 623 230 641
11 290 60 454 600 737 66 579 781 686 450 110
12 81 79 66 108 253 639 41 857 531 695 232 738
13 25 9 644 811 867 59 859 408 47 232 149 426 739
8 571 692 647 134 526 885 234 873
11 209 213 152 714 793 899 662 420 54 261 397
10 49 413 815 734 274 149 732 711 198 40
12 338 689 448 329 694 626 624 420 690 163 782 117
12 725 219 757 499 295 246 389 95 609 285 825 705
13 115 52 761 711 437 267 239 762 694 615 198 638 274
8 809 803 163 39 633 391 856 152
12 5 232 172 627 427 288 356 788 615 776 532 662
12 357 670 799 548 760 813 800 730 473 34 709 399
12 842 280 609 201 752 344 595 531 198 515 339 477
15 867 845 811 509 833 615 283 455 329 687 490 166 392 445 399
10 528 272 474 49 836 841 883 645 407 847
12 536 634 789 525 420 742 879 455 398 501 453 862
10 735 520 521 353 343 270 593 324 631 446
8 369 877 532 304 214 841 782 451
9 114 320 436 131 607 391 836 225 8
14 351 679 270 72 84 237 432 562 217 595 416 88 245 634
10 713 575 732 570 321 235 49 46 139 466
9 497 154 544 5 537 290 899 484 633
10 704 560 50 71 103 485 822 348 800 568
11 445 589 624 324 227 835 628 98 81 738 644
12 552 574 403 509 855 369 745 181 688 259 610 853
12 753 395 652 51 13 606 260 252 379 24 426 242
13 529 804 75 288 67 548 331 522 748 598 270 313 49
9 388 307 571 558 465 111 333 899 555
10 614 405 877 379 786 286 232 55 330 781
8 108 776 513 44 76 833 797 37
9 413 714 286 180 743 431 491 91 326
11 568 129 438 614 701 525 520 495 248 739 383
11 492 9 646 637 745 375 149 750 746 414 317
9 208 595 80 645 837 262 231 49 817
10 782 396 186 757 21 501 605 178 530 733
11 253 215 85 872 132 423 502 10 176 231 53
12 223 664 557 683 492 616 184 148 548 145 4 166
8 607 777 430 359 366 771 851 864
11 461 14 875 554 472 80 433 376 310 357 93
11 211 583 318 141 868 655 849 97 823 58 518
10 227 121 412 131 301 806 569 225 644 413
10 875 222 850 125 705 400 92 41 397 495
12 617 368 732 302 453 378 581 879 457 61 424 153
11 501 313 280 202 725 262 164 197 65 823 702
10 862 623 782 455 96 807 607 718 543 679
11 534 833 75 447 736 280 838 322 542 591 548
13 101 732 57 159 26 549 193 174 220 777 484 59 375
12 773 518 691 332 569 406 316 136 367 353 459 483
9 405 230 305 413 70 101 634 81 813
12 100 783 305 500 409 658 2 17 653 64 624 440
12 675 759 707 104 421 554 117 485 121 109 339 735
10 233 351 254 436 551 585 554 65 75 429
15 750 185 547 876 658 616 555 824 363 730 357 574 887 862 731
9 59 816 84 659 132 28 671 881 633
15 197 314 811 213 49 483 491 440 377 827 145 790 103 642 337
10 844 153 90 16 887 685 651 724 222 388
12 556 121 162 460 385 665 869 237 390 761 431 315
12 223 25 288 184 569 545 106 627 642 324 417 854
8 42 390 542 125 494 853 885 749
12 437 889 210 372 27 307 357 286 398 21 66 765
7 252 610 152 278 62 224 379
10 887 519 183 62 363 487 72 196 423 228
11 467 369 274 869 139 34 66 359 77 138 540
14 243 696 223 571 705 502 617 509 650 150 428 27 803 170
11 747 542 182 703 489 45 276 814 791 396 784
10 391 631 13 610 411 197 429 278 261 89
9 830 695 116 661 14 2 729 439 91
13 690 608 559 392 505 239 739 365 274 135 514 527 652
12 836 341 446 512 891 690 150 384 304 337 38 10
14 755 774 146 260 409 745 699 302 175 171 440 556 509 314
13 172 268 743 636 867 861 280 265 738 281 276 422 688
9 341 879 79 2 372 577 55 848 778
12 848 53 778 238 145 437 797 113 311 800 85 720
9 700 60 304 675 168 3 48 421 749
12 324 548 707 402 516 759 439 179 359 462 616 142
11 464 421 261 238 631 103 823 188 726 550 761
12 382 372 197 646 773 421 585 42 402 669 324 615
10 747 43 538 732 703 219 726 859 601 523
11 88 280 507 754 81 413 203 82 195 395 744
8 735 390 657 606 506 323 360 580
13 593 759 463 699 66 515 395 590 198 418 611 35 31
11 376 809 872 767 582 268 388 395 9 392 27
9 375 749 846 485 194 701 133 756 435
12 545 432 278 411 540 25 849 166 376 42 671 744
12 258 14 899 825 409 529 558 18 153 313 407 442
13 83 637 30 840 696 184 93 823 455 541 583 582 385
9 880 580 500 75 1 816 258 341 344
11 381 356 566 32 311 496 28 681 404 491 896
15 63 49 718 498 727 417 372 103 485 637 418 576 650 76 78
8 440 770 291 619 375 613 857 6
11 63 495 511 239 310 166 55 680 463 91 312
13 121 376 378 122 55 178 375 104 159 789 440 136 691
13 444 797 720 884 236 240 430 393 500 190 72 45 311
11 426 7 460 64 230 67 73 152 333 400 35
12 831 640 396 838 482 231 287 473 897 697 155 536
11 824 868 445 745 477 98 330 343 810 557 795
10 872 593 436 538 175 689 49 658 626 5
10 662 152 576 512 164 759 801 126 372 559
12 511 356 143 398 126 689 123 48 828 401 329 722
12 45 466 74 20 799 624 767 369 337 542 438 597
10 833 573 757 488 270 703 806 463 548 125
13 48 763 349 435 659 94 262 169 57 201 675 110 660
13 263 313 318 850 83 588 31 23 649 424 651 867 203
11 794 667 829 272 273 645 449 609 621 426 189
13 664 560 35 501 58 375 616 808 789 292 107 590 792
12 558 898 647 347 10 565 233 468 446 502 734 648
10 189 315 397 644 23 514 60 326 728 88
13 301 369 289 690 192 812 217 821 562 221 311 403 792
11 22 606 787 473 542 256 515 333 229 169 629
12 99 781 605 204 671 784 498 515 143 445 135 80
11 521 533 218 805 327 583 113 645 89 791 125
13 819 131 243 581 6 392 657 467 264 104 887 680 73
10 152 31 337 313 581 827 472 856 566 274
10 787 438 519 104 210 612 486 419 231 84
11 417 120 464 174 783 438 726 751 76 658 48
11 200 331 523 727 170 63 439 393 718 844 641
10 357 758 223 507 698 761 827 536 379 623
13 341 555 124 563 819 566 760 440 822 222 349 214 100
9 189 803 693 471 718 526 473 119 481
11 601 737 694 128 541 608 620 262 568 419 476
13 498 130 122 517 823 77 297 745 291 809 339 259 586
10 132 314 383 230 717 666 376 840 681 732
13 473 565 270 560 230 366 775 886 668 139 857 822 115
11 709 245 249 592 686 79 89 203 108 66 715
13 392 311 745 405 631 762 200 213 377 713 265 439 666
10 366 237 368 126 25 350 114 371 640 106
13 635 654 629 238 861 58 663 449 168 402 680 781 812
13 9 629 610 631 380 292 183 721 428 730 203 375 270
13 485 278 728 718 248 478 300 566 847 123 666 207 341
10 868 227 322 576 734 195 746 723 181 896
11 405 809 709 429 669 345 719 720 333 859 245
10 144 20 690 53 752 155 744 179 583 66
13 753 6 646 159 497 510 784 536 777 837 595 170 107
8 452 285 830 138 642 560 781 287
12 257 251 445 639 509 146 94 520 571 223 551 300
15 504 222 266 361 496 61 532 403 729 177 575 21 82 733 673
9 323 329 633 645 853 168 352 116 616
10 539 756 30 146 39 397 896 313 828 408
10 310 759 832 157 520 622 181 243 738 30
10 717 766 829 312 630 669 189 356 863 802
12 117 678 140 288 24 184 662 557 304 733 148 362
10 462 527 885 378 764 684 728 467 592 316
12 367 644 608 470 61 32 621 425 415 658 674 348
9 859 499 377 287 156 295 283 854 645
12 458 6 847 860 223 86 302 250 452 62 252 834
12 886 427 464 844 871 509 658 106 815 772 803 299
9 330 113 860 172 641 577 163 413 109
11 628 269 358 887 677 552 637 93 449 452 282
8 832 817 525 94 613 539 487 668
12 615 515 849 301 422 27 432 107 192 867 454 351
9 319 849 577 365 749 443 893 110 121
12 305 835 27 609 798 65 47 199 290 239 419 758
8 742 111 665 777 307 325 48 178
9 55 494 510 153 524 225 375 125 283
8 68 889 509 352 805 553 66 563
11 49 554 724 763 142 185 822 177 136 192 158
9 126 174 480 393 600 876 596 133 655
10 436 253 794 696 874 574 741 378 701 175
11 478 435 645 816 827 89 766 639 20 96 393
11 779 112 198 675 99 785 202 280 879 367 682
11 1 756 529 535 691 7 237 367 161 60 675
11 802 538 439 749 646 64 230 5 380 551 255
12 370 125 832 641 397 877 152 719 382 308 49 212
10 207 554 201 804 558 350 192 515 427 356
8 307 625 165 653 758 620 211 778
8 834 852 448 326 401 284 438 418
12 101 414 161 235 207 712 155 564 526 788 379 553
10 1 73 814 7 482 750 116 633 810 694
10 225 866 587 233 274 804 702 244 882 711
10 183 717 640 718 213 303 369 59 191 232
11 84 253 899 634 405 11 543 732 703 762 95
11 18 509 338 476 171 166 413 718 363 364 487
13 762 640 309 551 880 574 40 113 471 424 370 716 798
11 303 182 411 778 742 684 498 207 829 197 65
8 351 430 544 291 6 731 273 197
9 761 442 795 649 831 9 730 791 848
7 805 349 610 350 525 343 889
12 164 319 263 742 596 206 781 566 469 577 327 378
12 496 588 96 106 686 405 351 321 730 624 104 477
11 844 540 403 650 547 51 898 776 438 249 771
13 416 133 280 887 118 484 171 633 173 219 261 222 60
11 244 576 810 73 165 179 315 841 407 785 494
10 26 54 44 10 286 23 265 510 473 740
13 770 367 125 439 351 642 735 727 384 255 782 205 41
11 612 866 633 515 400 97 843 352 425 869 445
10 203 794 144 273 451 412 192 634 817 707
10 226 257 358 264 120 323 819 592 159 599
11 800 130 175 237 220 747 55 403 581 683 121
12 457 262 777 732 594 95 48 119 233 675 255 310
14 677 189 465 177 716 672 552 579 874 147 785 565 19 188
10 407 411 21 549 714 829 132 242 694 387
12 476 50 899 542 425 847 713 579 688 625 670 550
9 418 342 497 492 888 23 818 722 564
9 477 203 72 735 725 150 825 266 689
11 145 545 261 854 491 419 383 316 224 712 257
11 42 32 518 856 283 73 632 721 334 671 731
13 336 220 683 15 367 154 695 411 435 703 527 809 361
12 268 615 527 750 359 55 27 477 785 719 682 500
11 443 28 697 404 461 277 375 644 291 453 299
10 700 240 251 727 639 889 134 460 665 202
13 683 394 275 229 226 506 528 720 644 769 665 864 725
13 861 149 376 550 700 427 468 262 327 509 407 38 790
10 169 443 248 778 413 166 300 605 88 665
11 685 818 573 790 311 323 254 417 16 368 656
12 12 489 297 580 559 249 554 273 651 671 209 498
14 372 863 28 108 105 550 860 131 149 404 461 523 855 433
15 303 202 116 736 199 306 791 595 210 363 578 147 539 508 329
14 55 483 767 857 352 692 752 249 153 561 88 623 199 175
11 589 868 568 601 424 512 235 452 270 631 289
14 679 864 812 678 834 170 639 397 232 189 833 469 530 358
11 217 121 2 685 193 150 381 23 539 612 477
13 149 793 28 639 43 132 738 429 399 199 849 884 296
8 786 466 504 583 311 769 701 122
13 286 190 868 668 1 844 649 711 708 352 258 319 544
12 621 588 292 256 869 336 495 544 480 412 305 448
10 594 681 241 333 741 381 787 642 152 306
14 208 312 25 400 437 151 20 789 410 739 39 411 450 73
9 238 1 499 463 557 658 424 875 84
12 505 820 3 779 553 750 549 802 839 894 108 323
12 479 243 155 371 648 57 111 892 763 185 826 311
14 94 291 718 341 288 474 258 190 283 51 734 527 725 744
8 831 230 220 173 87 14 26 322
10 591 269 54 364 286 624 855 533 326 329
11 840 22 789 664 719 729 267 823 485 31 622
10 76 365 142 766 713 417 425 793 156 875
10 732 94 585 301 130 820 575 231 147 557
11 235 81 12 612 892 792 554 651 446 150 33
14 443 317 355 148 8 503 775 715 880 856 501 506 815 112
13 15 101 737 385 155 344 23 859 367 659 169 2 247
10 291 499 198 70 611 450 657 735 895 29
11 412 164 445 217 843 504 109 866 717 519 823
12 239 522 672 663 785 315 631 116 156 214 872 508
12 27 695 199 567 122 483 120 811 148 837 460 720
13 707 267 322 797 899 158 493 547 686 687 71 271 500
11 859 481 123 483 382 671 828 761 2 687 807
10 650 669 376 56 555 162 799 434 851 422
13 716 244 536 139 545 223 373 74 372 695 461 581 317
11 474 480 836 19 569 180 160 318 108 314 687
9 569 650 740 723 715 370 454 185 203
15 248 177 468 158 418 137 337 345 152 346 234 797 86 355 716
12 841 699 505 465 415 245 449 366 23 184 291 252
11 213 68 879 804 780 472 657 892 177 358 644
11 523 512 789 572 500 616 680 196 356 718 143
11 169 74 70 509 861 693 748 514 248 187 415
13 121 28 378 476 418 404 570 66 105 695 791 882 233
12 125 1 600 752 521 169 491 352 376 746 382 2
12 880 507 448 646 762 581 887 170 645 745 258 281
12 658 590 599 497 503 581 833 379 249 378 95 292
10 363 257 183 139 861 793 30 743 436 246
13 568 531 176 752 608 470 29 202 766 161 790 388 672
9 741 17 429 615 81 877 583 304 395
10 270 793 276 603 329 295 459 46 236 805
14 62 469 670 173 124 665 808 868 626 671 322 655 878 125
8 610 280 69 82 118 392 492 49
8 357 755 383 300 869 297 72 35
12 529 466 605 650 511 312 361 810 120 9 270 783
8 584 298 587 449 447 564 475 481
12 789 827 494 232 315 92 328 199 694 461 646 305
13 21 354 3 587 813 858 861 838 299 310 297 385 461
11 805 850 215 205 874 795 780 9 58 42 832
12 735 779 391 580 574 358 801 864 837 343 588 590
13 226 244 849 436 339 258 833 749 551 675 667 267 368
13 700 118 170 545 869 417 821 616 464 21 73 494 797
13 888 211 664 711 347 867 551 13 187 828 325 274 407
13 311 668 770 404 489 533 500 230 172 663 696 37 494
9 69 132 654 741 292 138 298 162 150
8 221 77 682 72 87 73 408 3
11 3 322 516 40 68 533 185 99 794 769 861
11 198 281 416 637 525 342 888 72 625 716 724
9 627 17 678 52 564 70 532 189 821
8 55 812 655 710 142 37 161 889
10 652 10 462 354 526 268 689 633 885 162
13 29 295 152 405 480 892 320 73 730 282 50 256 795
11 87 382 50 874 121 28 171 647 35 489 73
12 175 521 675 152 238 230 898 683 219 324 77 163
9 237 213 400 871 38 588 273 528 18
13 482 423 722 168 263 175 42 530 274 891 148 845 690
10 394 388 300 261 325 871 383 732 698 603
12 820 774 510 374 331 127 11 492 482 111 40 876
11 602 138 157 305 425 647 116 158 26 745 6
10 281 49 445 742 543 864 480 78 620 878
10 129 624 528 852 16 589 463 882 232 279
12 13 765 145 220 885 577 788 240 346 859 327 34
14 544 211 306 779 416 162 626 404 636 613 200 865 720 701
9 472 467 390 315 342 267 586 46 416
12 37 42 707 811 157 61 818 192 266 694 896 350
10 349 471 200 285 772 673 780 459 81 165
11 136 323 632 264 457 611 627 189 276 725 670
7 199 405 578 209 598 618 394
8 18 412 556 312 674 545 493 580
10 181 628 796 74 545 525 838 143 597 800
7 473 244 86 837 865 273 535
11 568 100 8 752 209 238 550 355 148 855 484
10 238 340 176 402 769 587 377 375 584 38
11 695 343 787 835 499 760 706 647 874 704 879
13 765 514 716 718 569 809 170 577 634 768 313 819 47
11 257 843 365 814 596 585 321 422 159 471 790
10 36 591 575 870 688 643 16 197 582 540
10 200 775 411 857 794 589 96 837 604 662
15 250 566 195 120 853 484 681 538 805 257 683 806 94 504 271
9 840 164 680 854 173 283 726 20 101
9 82 215 754 46 72 320 114 656 884
10 208 813 750 57 408 232 857 44 265 468
10 109 226 91 771 304 406 168 494 252 379
10 415 224 349 713 521 874 43 630 387 146
9 432 634 259 193 47 236 628 199 300
12 662 35 245 824 800 834 104 366 514 294 828 845
9 753 428 45 771 406 806 289 566 118
12 255 355 872 680 818 659 774 482 881 509 198 802
11 300 888 231 690 426 15 715 112 14 719 51
9 310 241 468 485 292 10 349 444 738
12 559 467 149 226 728 736 615 235 390 755 344 564
12 847 498 18 453 111 188 692 446 30 701 609 585
10 333 581 480 744 273 739 463 725 431 763
10 695 646 636 120 456 325 778 22 656 588
7 869 729 126 453 28 610 139
13 138 643 472 369 890 288 857 892 241 30 324 562 543
12 176 471 530 356 693 456 372 287 240 172 297 331
8 311 581 298 786 75 628 379 610
8 101 184 660 540 608 557 743 286
7 475 746 875 643 697 44 619
11 182 292 895 855 879 254 886 357 106 878 768
8 762 63 530 206 709 371 609 658
11 147 84 35 6 465 263 237 626 572 138 23
11 98 383 674 590 86 139 43 486 414 162 525
9 63 519 366 769 636 860 218 97 204
10 143 497 423 654 734 724 344 10 879 376
13 451 561 489 34 498 424 427 97 719 200 60 818 95
9 579 167 782 236 474 174 488 847 292
9 638 13 763 643 661 348 12 1 835
11 556 594 56 853 232 327 399 606 899 305 215
14 176 822 305 715 769 541 137 669 18 11 638 62 173 243
9 743 399 37 50 584 101 47 351 764
9 305 365 667 572 267 724 348 567 525
11 142 739 677 362 717 687 532 132 865 604 667
14 708 892 381 812 585 170 867 524 878 665 221 222 588 717
10 11 111 806 155 478 106 459 760 71 267
12 834 258 239 362 74 772 151 817 671 23 202 830
15 158 500 387 304 291 421 659 793 67 536 864 670 739 735 270
10 852 891 450 179 404 82 835 539 48 243
8 520 314 336 713 492 389 67 412
13 393 732 647 365 405 251 33 644 107 566 792 309 475
9 364 346 412 223 731 116 370 187 16
9 772 185 219 278 247 728 245 369 817
11 278 163 861 430 424 790 436 77 575 391 803
11 704 570 203 455 438 470 34 43 591 661 107
13 772 771 687 708 610 113 670 375 294 542 339 746 282
10 382 767 178 605 424 208 541 522 253 53
11 206 32 539 126 459 810 860 545 57 182 230
13 156 10 692 835 322 341 167 477 817 773 900 620 152
8 504 736 876 155 623 4 584 220
11 718 436 423 845 551 430 501 72 10 807 308
11 782 149 353 795 93 561 176 798 689 595 562
13 749 575 874 638 776 685 770 248 496 534 396 402 376
9 2 359 883 746 334 216 304 680 618
9 396 885 825 637 190 490 680 785 398
9 63 377 276 295 604 536 779 631 691
11 525 444 203 268 837 835 368 465 388 73 744
10 597 106 76 848 322 291 314 443 427 876
11 569 395 573 516 7 77 108 750 32 103 746
11 646 104 40 198 397 822 818 740 473 417 425
11 641 631 578 788 86 896 377 798 550 7 894
12 310 782 848 808 215 691 29 350 745 408 315 863
9 669 216 401 251 850 241 719 857 68
11 277 837 483 605 357 682 559 200 34 721 54
12 709 253 672 531 512 297 643 342 98 432 248 128
7 749 167 395 218 330 38 515
11 178 745 879 492 892 426 601 702 522 19 350
10 285 737 185 451 213 153 291 851 408 313
9 534 216 859 612 377 435 12 420 240
11 864 572 410 323 489 241 734 448 5 143 329
8 399 188 15 133 338 247 243 804
12 773 370 66 824 448 532 493 558 373 167 272 226
7 146 709 7 226 246 829 290
13 633 787 246 525 162 658 101 728 845 465 562 607 111
9 402 734 341 741 759 394 212 875 327
13 218 110 712 312 135 254 424 82 514 465 427 450 762
7 97 385 706 842 20 495 406
13 10 434 675 478 854 683 437 71 345 791 212 67 827
11 376 225 705 603 73 515 497 464 19 219 133
12 676 597 15 153 521 126 68 146 748 669 87 782
11 554 237 313 501 107 471 560 292 814 54 422
11 430 807 519 183 354 113 886 768 810 604 328
11 150 141 552 690 873 673 718 385 200 745 522
11 508 554 634 652 192 344 368 219 92 825 289
13 593 162 737 396 540 275 496 405 123 234 239 891 697
12 856 312 491 59 276 638 299 899 135 835 348 809
9 159 124 208 509 190 98 868 215 662
12 737 241 175 482 156 501 513 511 229 209 832 497
12 604 99 90 831 885 412 253 282 679 435 4 296
12 420 479 689 115 19 93 725 750 62 574 563 535
11 766 656 43 18 129 460 457 113 70 334 779
11 126 258 459 167 97 687 144 36 441 320 142
11 67 664 740 538 793 255 868 837 41 75 591
13 856 61 457 692 128 571 42 419 677 685 176 589 287
12 138 636 30 291 889 44 117 465 516 445 315 55
8 213 125 64 25 141 409 46 77
8 679 101 576 396 7 137 811 742
11 636 278 198 621 127 210 757 166 782 764 484
9 442 167 17 845 593 72 824 460 609
10 844 60 565 284 585 65 897 166 255 814
13 342 460 854 544 264 426 244 27 53 758 341 288 822
13 701 190 620 445 31 492 363 697 351 304 587 541 717
10 175 624 495 26 332 109 658 148 801 203
11 253 463 220 182 7 358 745 586 310 293 287
11 376 346 555 82 765 74 673 131 375 527 276
12 108 500 267 544 329 442 512 313 49 758 349 139
10 477 599 288 451 803 464 170 406 87 556
11 224 490 737 135 234 386 650 304 742 40 508
12 448 852 714 416 40 686 823 510 892 725 860 603
12 229 786 82 820 754 517 21 273 788 530 217 813
12 22 105 824 442 366 656 587 330 463 55 275 582
11 81 862 603 655 487 794 93 465 784 213 899
12 78 234 324 601 418 302 471 191 535 119 468 319
13 371 432 513 869 607 139 743 641 689 878 28 898 172
11 452 684 138 320 809 692 101 456 39 1 163
11 814 569 868 793 413 485 384 435 871 510 193
9 656 54 584 790 105 447 587 540 55
7 240 84 707 102 601 793 659
10 396 495 630 316 544 810 701 405 574 408
11 219 827 26 505 553 734 350 515 365 500 413
12 339 859 356 314 155 191 583 197 399 39 263 86
9 810 506 135 290 323 897 497 15 312
15 609 578 476 845 247 858 572 574 376 662 634 65 264 133 815
11 439 783 34 773 209 707 282 394 846 287 723
9 863 124 475 35 711 72 45 97 221
8 825 719 416 704 14 459 562 47
11 526 157 888 678 603 661 93 798 557 755 734
10 391 453 134 524 622 615 637 17 236 452
9 730 443 702 235 86 637 85 526 489
11 232 160 786 61 362 536 726 388 718 749 175
11 168 763 673 130 739 536 523 894 213 54 498
14 884 882 745 324 892 271 505 477 294 376 158 168 361 143
14 897 533 624 858 375 830 623 404 895 563 454 798 888 733
11 84 746 459 496 614 278 658 72 719 480 871
14 465 677 272 31 872 743 831 420 873 547 618 289 88 121
10 193 228 831 61 607 619 227 726 474 393
8 850 133 386 729 206 618 326 262
12 55 46 108 773 877 456 191 273 152 70 399 445
15 893 455 7 394 64 450 563 880 886 105 498 844 276 79 148
12 629 29 616 770 849 74 431 825 534 589 143 213
12 886 284 462 55 512 522 196 103 743 900 170 389
13 703 128 672 468 171 707 319 23 753 80 89 519 598
11 707 448 696 187 737 69 92 493 366 236 697
7 72 384 532 450 643 490 443
13 49 321 336 144 779 382 833 350 497 19 398 687 828
15 171 137 572 462 134 675 384 821 379 580 79 230 852 135 743
12 427 488 11 503 732 122 819 341 429 801 72 330
11 647 455 72 891 346 401 358 300 857 664 335
12 125 479 151 456 868 672 258 361 239 822 252 642
11 310 855 846 523 269 724 823 851 723 85 768
14 339 786 409 74 325 714 37 476 672 348 425 520 20 676
13 579 93 759 135 253 381 411 838 883 127 72 728 145
12 187 326 587 313 738 440 551 297 102 358 696 450
13 888 624 478 262 670 399 366 669 740 584 112 631 251
11 717 677 767 409 402 350 498 179 268 73 45
13 544 899 845 490 26 129 660 722 325 743 623 245 817
13 537 212 24 64 497 251 9 39 56 95 290 576 518
10 648 645 417 14 39 218 246 731 856 789
11 410 360 681 286 119 249 713 383 738 497 338
10 663 858 735 782 658 780 622 34 653 860
11 789 603 565 527 472 22 246 570 853 703 363
12 205 134 347 187 589 801 255 582 541 666 516 763
14 507 662 801 855 309 879 4 382 405 255 654 558 702 344
11 428 328 848 843 595 381 615 453 553 416 500
11 893 898 791 518 896 790 271 417 541 780 658
9 411 255 108 665 239 59 233 375 899
12 471 774 306 332 639 750 319 678 15 515 360 627
11 215 532 37 9 430 575 149 897 60 282 465
9 511 331 327 454 146 739 782 647 133
9 792 487 859 365 744 867 206 525 31
12 373 651 73 437 853 13 644 292 672 293 333 90
12 347 153 606 337 108 672 346 858 472 721 383 857
7 704 887 883 639 319 740 742
12 592 480 596 290 246 890 634 118 224 813 432 202
9 833 782 689 304 698 262 721 687 289
12 892 668 7 178 140 616 772 336 816 424 2 4
7 374 622 270 404 395 95 592
12 41 97 118 715 387 1 360 501 183 574 690 123
7 427 778 7 494 351 142 15
11 242 690 579 829 160 566 191 723 430 328 25
10 52 410 323 646 743 732 881 712 784 835
10 549 567 340 141 827 275 677 260 845 255
14 465 173 830 511 846 81 99 3 873 388 227 839 684 278
12 404 558 567 762 12 234 449 559 269 64 284 682
10 330 549 478 131 752 301 550 71 461 238
11 131 322 61 858 160 474 232 527 350 795 454
12 585 201 815 64 149 813 474 238 393 256 382 522
9 771 28 690 577 568 106 149 480 346
13 900 663 643 614 308 526 254 113 455 487 784 176 695
14 256 622 515 734 361 677 362 767 415 207 517 339 629 891
13 709 153 414 208 353 108 583 816 867 296 474 350 144
12 731 807 876 438 308 481 363 353 454 426 87 65
10 490 875 663 216 514 638 757 813 187 147
11 824 262 26 406 851 712 898 578 758 75 439
9 832 588 647 187 340 521 616 478 342
11 34 296 430 324 687 229 355 843 522 886 609
13 790 51 351 413 418 20 649 498 363 529 148 287 334
8 79 734 457 458 391 415 155 862
11 24 747 892 363 357 94 513 641 590 574 261
7 343 271 526 11 298 468 264
12 428 22 151 461 793 577 404 155 652 68 315 794
14 291 112 527 428 130 56 621 491 757 859 897 31 516 343
10 808 244 881 315 111 425 145 204 511 45
13 731 114 798 463 411 648 162 31 34 330 497 460 526
10 39 584 469 325 284 13 115 252 321 467
13 640 781 598 178 10 75 479 874 733 136 799 189 865
11 57 760 613 824 851 794 220 710 244 380 701
13 228 597 884 547 670 840 34 176 471 340 145 404 542
13 295 435 897 438 376 492 377 85 283 330 604 805 70
12 694 578 126 117 834 18 213 74 849 861 107 405
12 512 883 668 611 730 289 529 881 879 500 825 861
12 90 602 14 189 819 289 786 37 148 644 677 199
12 769 318 117 629 254 734 738 710 616 197 276 115
14 236 285 129 101 390 888 637 286 282 156 723 113 387 478
10 24 799 500 562 836 277 257 288 173 128
11 513 606 104 105 30 71 624 24 655 136 10
13 685 860 39 630 464 758 837 32 364 54 562 545 348
12 496 412 214 763 74 516 499 203 862 126 78 202
12 656 732 320 898 230 563 662 371 833 494 699 530
11 176 177 418 305 480 141 22 700 245 432 753
9 16 599 676 851 68 755 823 121 709
11 272 756 464 136 556 10 247 672 304 729 859
13 437 773 551 95 291 211 316 339 455 6 869 868 460
11 559 300 827 178 51 175 12 826 681 135 856
