1000 100 5
9 88 48 75 61 42 32 83 12 90
12 10 22 74 52 32 100 45 61 46 55 90 13
14 14 35 92 36 1 12 71 3 29 7 40 63 41 37
12 53 87 57 29 1 92 65 86 7 21 100 85
11 49 25 99 60 55 16 26 87 89 88 28
12 71 68 72 52 70 93 4 18 24 51 21 36
12 35 83 31 39 89 23 3 46 6 25 98 20
12 33 83 25 60 2 62 91 75 93 58 89 36
12 43 33 28 87 29 31 99 88 65 24 5 95
10 87 6 67 68 78 72 1 71 37 13
13 56 83 14 97 79 3 43 34 41 99 51 100 10
11 52 50 96 97 9 59 85 40 49 48 100
10 26 22 18 7 87 69 23 97 39 81
11 49 19 76 90 17 96 89 92 84 87 30
11 40 26 28 45 79 85 8 89 71 68 81
10 17 71 86 11 75 90 15 70 37 82
10 46 15 56 59 41 53 55 8 97 61
12 7 60 13 97 79 91 35 45 43 31 11 64
10 90 94 99 82 57 41 69 28 79 76
9 57 36 67 22 4 39 13 73 78
10 27 100 55 49 74 58 94 43 69 15
9 22 24 87 12 10 63 69 16 4
10 19 54 31 100 92 13 24 29 40 91
10 15 28 4 13 10 54 83 58 22 56
14 39 30 10 34 49 61 53 93 42 32 4 2 56 89
9 91 24 40 4 63 61 33 44 75
9 88 89 20 78 14 67 5 83 19
11 30 65 55 41 67 77 69 36 46 43 100
12 82 18 28 67 38 37 32 44 73 47 80 31
11 35 76 61 30 65 33 27 28 94 15 29
9 43 15 67 68 73 42 9 33 87
12 91 53 93 68 80 55 75 85 69 71 87 18
11 18 58 1 83 38 28 76 74 93 43 53
12 55 6 29 75 90 18 70 58 68 67 63 72
10 27 89 15 25 91 36 38 46 10 33
12 27 51 42 4 96 5 8 64 63 9 14 56
11 19 37 46 62 95 18 66 84 31 47 64
11 100 37 42 74 81 79 75 90 98 65 5
13 70 80 18 81 37 29 41 15 90 66 88 45 8
11 79 91 7 89 3 78 21 27 33 26 57
12 82 39 70 7 62 2 69 52 99 9 41 18
13 24 37 42 98 21 20 61 89 90 62 28 59 64
13 18 2 42 46 17 75 89 56 3 30 29 60 97
11 68 52 36 69 53 20 89 29 21 50 66
13 43 51 40 64 38 11 86 63 41 13 54 59 33
11 5 49 68 23 93 60 4 12 9 40 2
12 79 85 29 17 4 91 43 13 58 62 61 44
12 93 85 61 72 35 6 58 80 33 52 53 88
11 89 67 31 12 90 91 56 75 70 41 88
11 59 67 60 45 3 43 89 27 79 69 77
10 1 48 100 2 30 86 54 37 98 7
12 14 12 48 28 100 10 78 75 26 45 27 32
11 69 33 64 85 6 40 59 4 71 51 58
12 49 39 93 38 52 46 12 78 24 83 9 50
11 96 23 3 76 77 75 48 70 37 60 80
12 28 76 26 49 87 62 29 19 37 77 30 75
9 73 70 33 6 84 23 13 91 27
13 95 73 82 74 54 92 97 18 69 14 47 11 90
11 13 34 48 73 86 53 49 61 67 60 50
11 77 60 32 39 8 67 72 74 80 51 22
11 58 79 65 7 21 35 41 78 54 87 38
11 37 3 82 64 20 46 67 95 52 28 23
13 64 70 11 39 36 12 40 93 37 31 81 91 79
10 56 25 11 34 1 64 28 55 77 99
13 95 57 35 56 84 42 87 17 51 25 43 6 99
12 17 86 73 95 93 64 19 42 36 31 5 23
15 60 93 82 84 49 39 99 29 50 15 55 54 88 74 38
14 80 75 85 56 16 33 38 60 19 62 47 32 66 14
11 28 47 59 76 2 34 22 29 35 88 71
13 44 69 60 89 73 97 78 72 3 93 100 19 82
12 45 1 29 76 36 94 92 26 89 37 34 88
11 63 74 69 41 45 28 17 31 33 52 79
11 27 57 33 87 36 91 17 54 80 66 98
10 7 86 25 36 65 97 63 23 81 71
10 25 82 50 38 99 42 23 63 59 47
9 8 98 44 85 27 17 96 65 90
10 44 27 78 63 28 80 3 89 52 12
11 55 30 92 61 26 23 33 47 27 60 9
10 49 18 26 90 55 87 40 53 34 7
12 14 16 17 43 22 30 87 69 54 6 91 36
11 23 26 88 78 45 42 84 93 68 31 58
11 58 71 8 21 55 3 1 83 76 79 64
13 30 81 28 80 15 66 13 83 20 87 73 40 7
12 98 49 32 67 66 21 18 27 63 11 44 19
12 1 12 43 46 32 7 54 90 91 15 26 14
11 54 41 91 83 38 33 96 32 17 2 76
14 35 60 44 11 51 26 49 2 96 37 3 70 21 25
11 54 95 86 3 78 67 53 8 17 56 47
12 41 57 84 10 69 74 68 88 34 54 92 58
9 92 22 93 55 74 24 96 54 86
10 53 37 78 4 12 76 52 86 16 57
9 15 38 6 28 58 22 93 100 7
12 64 41 45 88 15 48 29 82 13 97 87 4
9 63 5 18 37 70 75 82 12 93
12 97 94 40 65 57 12 99 16 100 71 45 18
10 9 74 99 14 12 41 75 5 16 34
9 24 73 65 4 98 68 19 69 7
10 45 90 88 35 9 63 43 29 77 85
10 46 94 91 89 41 54 72 90 12 98
9 37 53 88 3 22 81 32 58 92
13 48 39 15 80 100 66 35 16 58 50 52 60 12
11 13 5 86 98 36 34 70 84 18 31 10
12 54 29 46 52 64 98 61 7 55 22 73 20
13 31 33 81 89 45 35 62 66 51 3 29 27 65
11 62 5 85 30 58 31 15 92 65 43 81
11 18 74 4 17 94 95 50 89 59 85 35
9 18 44 84 94 43 22 49 54 26
10 39 41 54 86 4 7 87 3 55 73
10 54 81 94 96 71 43 6 39 33 31
12 40 50 100 22 9 77 32 2 55 94 93 5
12 41 59 91 72 82 32 22 56 35 16 84 55
12 71 29 15 1 39 79 73 95 3 25 47 14
13 85 19 15 78 42 6 88 1 96 22 62 97 79
11 99 27 30 2 71 3 90 78 100 82 92
10 51 75 88 6 5 71 89 21 27 45
11 14 11 43 94 40 9 41 68 56 12 71
12 77 38 49 32 86 16 85 94 17 52 92 21
10 23 21 55 99 46 11 45 32 100 82
11 38 85 3 84 46 18 69 28 57 98 90
11 5 82 75 29 98 21 10 12 92 35 42
10 51 19 26 30 83 44 2 61 13 86
11 49 44 90 37 75 82 28 54 31 10 81
10 7 20 43 6 40 18 56 83 80 60
9 31 21 22 52 33 14 23 48 20
10 80 71 79 76 7 15 3 30 10 99
12 100 59 10 64 99 31 44 3 41 47 75 34
11 94 62 46 96 31 40 21 15 39 22 95
12 17 42 76 89 87 67 43 25 65 88 70 50
12 64 68 41 11 93 90 19 29 47 24 58 26
12 47 72 33 4 7 28 20 46 81 60 90 49
14 6 96 27 3 63 86 73 45 50 46 95 17 22 34
11 10 55 47 54 83 38 44 79 52 94 49
10 84 31 22 14 68 95 49 42 85 65
9 80 6 3 90 73 45 69 33 16
9 10 17 61 49 50 51 22 34 12
10 63 97 96 92 13 100 64 7 26 55
12 99 93 59 41 17 77 32 28 3 62 96 57
12 17 15 54 87 91 22 3 14 86 41 4 53
11 52 97 30 84 51 14 65 39 69 80 100
12 67 24 28 63 65 12 79 87 16 49 41 96
9 83 46 54 24 55 91 53 2 44
10 6 98 52 32 86 45 36 18 1 73
10 63 48 25 4 21 35 7 11 52 88
11 13 64 45 67 39 40 49 46 2 33 14
10 60 78 95 5 23 16 52 64 37 89
13 5 12 1 7 34 57 69 8 60 6 66 50 14
8 88 64 22 4 40 95 92 58
11 40 94 27 79 74 82 84 12 29 59 88
10 57 58 9 56 40 49 29 55 98 95
12 42 58 69 21 34 37 65 7 87 31 33 88
12 69 64 72 5 88 31 45 37 16 67 55 53
13 7 31 98 86 64 92 74 84 32 94 99 25 56
12 22 45 55 69 92 14 93 51 5 59 6 80
12 66 11 18 23 68 53 100 33 56 64 94 57
12 19 93 39 26 58 66 21 62 14 27 40 75
12 56 10 69 64 25 83 51 65 14 100 40 20
11 28 5 13 37 36 62 94 1 44 92 63
11 62 39 20 52 44 67 89 66 48 78 14
9 14 75 68 33 9 54 92 94 29
8 20 71 68 3 62 32 97 82
11 64 93 62 95 10 63 36 22 6 3 50
10 56 14 11 34 57 83 88 15 30 17
10 72 1 94 75 66 68 54 47 34 38
13 48 67 56 24 98 97 18 84 23 35 82 38 34
9 98 65 48 88 28 7 69 59 68
11 42 47 23 94 26 91 66 5 98 55 59
12 48 36 41 93 35 23 71 1 67 56 90 3
11 47 16 59 97 45 69 33 11 75 99 72
12 94 51 5 91 85 62 36 10 34 98 77 57
9 68 7 8 54 89 53 50 43 90
11 71 10 26 14 6 63 99 93 39 84 92
11 1 16 71 25 90 22 76 28 95 93 54
12 28 66 60 100 88 82 81 3 20 43 78 10
10 88 41 31 13 2 97 49 93 71 28
12 31 48 6 51 94 5 50 25 71 19 70 95
13 85 80 46 31 57 32 52 11 62 34 97 94 72
13 29 37 2 27 24 69 100 67 47 5 25 65 15
12 6 11 49 25 8 69 2 88 52 61 73 92
10 37 41 87 98 17 40 63 66 36 81
11 23 92 50 78 52 45 51 89 95 99 93
11 19 17 66 75 78 51 26 41 87 7 49
12 37 46 68 97 44 59 72 27 2 49 21 80
13 8 73 72 71 53 40 10 2 54 57 79 28 20
12 37 50 35 65 61 15 71 33 67 87 90 100
15 15 74 99 71 8 47 87 92 18 86 70 95 37 67 83
11 70 41 100 62 55 57 40 16 54 22 79
12 54 40 30 2 43 33 13 17 47 68 69 60
12 4 46 54 57 17 58 31 15 97 2 100 68
13 85 44 41 25 11 75 40 89 23 84 48 34 43
11 42 50 71 10 65 75 11 54 26 43 34
11 50 10 79 29 48 13 90 28 1 46 74
11 21 77 34 70 44 8 94 25 86 17 41
11 39 14 60 69 75 90 94 84 79 80 46
10 67 50 53 86 37 65 29 36 52 93
12 7 3 2 96 6 37 42 29 19 8 4 43
11 73 16 100 76 34 97 52 75 51 87 27
11 68 75 72 8 35 21 20 82 2 63 80
13 31 34 30 13 92 75 22 20 94 72 46 62 82
11 16 29 6 15 25 39 47 66 8 69 5
9 93 43 22 55 68 19 47 39 84
10 11 5 1 47 59 8 48 46 20 28
13 31 28 94 3 54 20 96 23 18 81 13 61 48
10 83 6 28 57 92 27 75 73 17 91
10 73 55 21 82 36 51 53 99 63 24
13 1 36 90 95 81 69 60 21 12 98 24 43 2
10 10 55 41 35 32 9 45 97 53 50
13 30 83 36 17 94 44 47 18 91 41 97 33 24
10 61 78 77 38 1 18 66 41 89 81
11 88 62 8 59 14 63 46 42 44 67 98
13 15 24 12 11 69 81 16 98 55 5 78 13 52
15 22 65 3 53 81 24 2 57 49 27 91 36 61 35 99
13 54 8 65 69 55 88 72 36 73 50 94 77 70
10 8 56 33 61 34 22 28 30 99 35
8 6 81 1 15 62 35 70 18
11 47 85 29 22 7 44 40 23 45 51 76
12 45 61 95 57 85 62 47 14 77 78 8 71
14 94 73 85 74 86 93 100 44 53 43 6 68 67 63
11 49 87 9 64 26 35 81 34 45 58 18
11 100 2 66 48 90 29 34 75 85 63 6
11 35 7 66 97 55 85 54 74 93 32 25
13 61 35 33 63 84 76 47 66 2 26 24 53 27
14 60 56 78 77 64 87 18 44 67 21 27 31 47 51
11 69 29 10 21 3 36 15 72 87 84 13
12 82 46 64 96 77 92 30 49 94 58 73 37
10 36 32 46 16 76 38 82 58 69 85
9 56 41 38 52 28 77 81 91 16
11 39 9 12 8 48 31 41 10 23 94 85
9 48 33 60 91 20 82 70 25 17
12 95 21 38 59 97 7 9 85 78 26 68 75
13 3 8 47 14 54 13 88 66 97 44 77 39 93
11 57 41 17 42 67 77 46 56 31 83 74
12 74 58 57 18 41 44 12 10 8 94 69 19
10 100 70 94 55 36 62 48 37 77 28
12 89 48 87 75 56 6 2 86 88 83 94 77
12 81 42 21 10 32 94 91 31 9 90 28 88
11 68 63 99 61 59 4 28 5 72 88 58
12 88 98 6 86 73 96 46 72 28 77 47 92
10 75 98 6 25 38 39 68 60 32 88
10 81 88 6 28 69 76 87 54 98 67
11 76 68 60 54 21 16 73 36 24 63 3
13 24 81 48 23 84 59 14 67 30 41 45 26 42
9 22 76 59 48 63 70 53 100 61
11 42 2 8 34 75 38 80 72 81 37 33
10 52 73 82 14 32 13 34 31 28 61
14 36 30 5 59 82 34 52 54 22 83 88 51 29 20
13 10 50 55 45 96 48 20 81 70 73 43 46 58
12 37 90 85 63 88 78 60 21 13 17 73 20
12 85 70 63 14 47 34 86 88 15 18 4 56
11 63 18 24 41 55 84 99 67 64 80 74
10 32 42 35 89 26 24 19 21 92 80
12 10 31 49 57 54 42 12 6 88 16 87 96
11 66 95 27 24 74 58 97 25 6 48 43
12 66 58 8 32 87 100 44 42 76 27 5 61
14 11 74 30 27 96 71 45 98 16 1 6 90 52 2
12 35 13 84 28 49 94 80 23 26 51 31 97
11 79 19 58 1 18 10 28 43 98 35 88
9 52 34 35 90 72 16 94 40 79
11 45 28 72 89 47 90 6 18 49 59 88
12 7 90 85 9 65 35 47 93 17 59 58 37
12 87 55 30 74 72 18 67 80 44 20 29 99
8 49 58 25 29 99 73 55 53
12 85 11 32 42 36 78 44 95 94 81 6 9
9 28 44 100 21 70 76 73 2 85
10 59 3 15 58 22 7 38 10 37 84
10 73 31 17 100 96 12 24 50 8 51
8 8 50 55 73 75 31 99 34
9 73 63 20 49 14 65 74 2 12
12 77 84 48 87 68 29 49 96 70 47 57 2
12 51 84 81 85 77 100 57 35 22 3 13 45
12 53 35 21 82 13 93 87 66 84 78 89 92
9 45 66 49 69 10 91 12 77 92
9 79 91 37 69 52 23 50 49 31
14 59 10 33 15 37 30 35 68 52 72 27 70 69 2
9 29 39 16 82 30 70 57 43 84
10 91 49 8 10 20 88 48 45 24 3
8 40 68 27 88 5 90 22 51
11 5 45 3 46 78 86 1 4 41 20 13
8 20 48 34 60 75 99 22 15
9 68 55 40 80 96 38 39 64 87
12 95 54 40 46 63 51 14 58 9 42 23 41
11 54 45 4 32 84 87 43 90 79 61 10
10 37 77 67 8 11 38 7 44 53 42
10 52 84 54 8 63 89 82 14 68 72
10 38 73 17 50 40 98 34 6 52 69
9 48 33 64 5 39 53 69 13 80
9 84 71 4 90 89 30 80 7 31
10 63 18 33 31 59 70 24 13 100 32
9 29 18 60 8 55 97 51 52 86
11 11 42 43 99 47 94 23 34 36 96 71
8 10 51 64 4 67 47 91 68
12 54 70 31 96 10 26 61 2 71 66 76 74
10 63 12 29 73 14 84 68 18 92 89
12 64 8 94 17 32 90 84 15 40 52 55 83
10 59 55 81 15 85 7 94 65 74 21
9 48 100 45 85 24 21 98 8 28
9 10 38 93 83 43 85 28 4 92
12 18 69 37 71 4 47 66 65 95 21 9 74
10 32 58 10 14 8 85 38 69 92 96
11 42 54 96 13 63 19 1 70 6 92 36
11 72 3 31 84 13 61 78 67 33 51 12
11 90 84 13 44 93 2 45 55 20 10 88
10 79 47 40 15 4 91 59 11 87 27
9 9 32 74 33 10 54 92 71 8
11 57 61 15 93 79 63 23 91 36 49 21
13 58 72 45 67 52 96 35 50 21 38 2 61 34
12 75 73 5 65 83 69 14 31 62 63 46 32
10 59 2 6 15 44 1 86 4 51 78
10 5 72 75 91 22 10 79 17 31 68
12 7 86 19 78 31 62 4 14 29 27 10 99
13 35 11 10 58 45 61 1 81 67 16 15 34 2
14 84 65 6 16 86 58 60 98 96 5 88 13 53 78
11 8 26 17 15 82 3 68 80 20 31 88
11 23 51 93 42 9 7 81 13 48 86 24
12 34 47 17 100 96 37 46 55 94 16 14 33
11 81 77 30 40 88 27 78 29 14 42 36
11 58 98 42 64 93 99 85 62 24 35 87
11 68 55 57 85 24 20 16 31 69 18 67
13 38 20 11 19 17 18 7 64 70 9 59 10 13
11 69 97 75 4 48 100 94 99 63 2 83
9 42 80 98 92 39 54 59 100 94
9 11 10 31 66 58 44 81 64 6
12 75 10 19 15 47 49 44 77 50 69 62 6
8 46 78 16 48 23 84 55 5
11 32 73 88 79 68 48 17 36 66 11 19
9 7 72 92 85 68 75 11 4 58
11 81 7 41 66 17 96 32 6 20 57 72
9 76 25 52 79 49 40 14 58 51
12 12 70 28 42 18 50 79 5 97 88 77 56
9 14 5 57 91 64 86 59 53 15
10 94 85 45 13 28 61 74 67 8 56
13 87 59 98 63 54 26 33 78 57 99 96 100 91
14 77 46 70 3 6 33 31 29 17 48 45 10 61 28
9 31 76 27 41 40 57 67 30 62
13 23 49 75 17 8 59 25 5 94 29 39 6 89
13 86 57 85 19 6 98 47 24 5 12 32 61 29
10 87 94 10 93 49 97 36 38 78 62
11 73 70 8 1 88 57 19 95 29 17 79
10 97 82 88 81 1 94 4 58 36 24
11 20 64 65 9 72 43 15 91 48 80 86
12 35 80 59 53 21 30 73 50 60 27 48 34
12 100 99 59 86 37 82 78 6 13 26 52 69
11 26 11 39 69 45 7 9 74 98 2 17
11 68 1 4 20 61 44 32 77 53 86 49
14 68 15 70 14 62 18 25 3 50 6 87 56 58 20
11 57 58 47 54 55 75 40 64 35 52 46
10 72 25 60 62 10 51 31 87 28 55
12 32 91 38 85 6 79 71 93 89 82 78 19
12 30 14 58 91 71 77 35 89 92 22 97 93
13 24 71 65 78 11 31 69 93 3 2 13 88 4
10 12 18 48 27 20 16 54 81 17 40
12 2 25 80 53 47 87 81 91 29 49 88 13
11 11 84 36 30 28 98 75 71 29 68 47
9 9 90 31 49 20 86 15 3 44
11 89 70 18 25 48 50 97 26 94 4 46
11 62 12 54 43 21 75 25 45 66 60 3
13 4 97 65 84 8 90 42 3 59 63 12 15 34
10 21 76 10 68 23 64 91 80 95 37
10 90 21 80 2 3 93 79 18 66 20
14 97 59 11 13 69 100 1 35 5 10 56 51 49 93
13 5 90 72 87 6 70 98 91 81 23 74 63 45
11 42 57 88 10 62 59 36 52 56 41 47
12 65 46 22 80 25 76 17 50 11 27 52 98
12 60 30 53 34 100 56 16 27 71 29 25 9
10 8 33 53 22 56 28 26 54 20 14
9 11 67 58 27 23 89 16 12 100
13 79 41 74 65 23 46 56 32 72 77 61 53 69
13 1 62 77 15 42 32 52 31 48 86 53 73 80
11 23 20 53 46 30 38 87 40 75 22 65
11 27 48 3 65 56 83 39 71 64 37 76
9 53 26 96 79 62 90 1 17 89
10 67 11 10 72 90 32 86 23 15 100
10 11 66 58 29 89 26 81 86 9 35
9 100 66 72 36 53 48 46 93 39
11 65 98 40 95 1 97 17 30 58 59 51
12 51 89 53 1 28 43 93 29 68 94 67 11
10 46 78 49 87 86 5 20 56 91 82
11 61 21 56 97 31 48 38 73 82 70 65
11 66 79 1 40 21 2 92 89 22 83 18
9 60 56 79 41 26 22 13 80 82
12 30 48 82 43 4 11 10 41 7 17 64 42
10 68 92 42 32 8 25 74 29 41 51
9 8 52 54 20 64 67 7 86 72
13 33 87 34 90 85 94 14 51 53 79 36 25 91
11 46 74 77 89 60 37 54 61 95 29 91
11 76 34 27 78 40 26 68 57 80 74 52
11 62 19 17 34 90 91 55 63 1 21 87
12 98 32 72 53 96 89 22 60 79 27 10 48
13 80 35 90 19 24 76 77 42 27 70 92 1 26
10 68 30 75 83 22 92 94 13 56 40
10 1 37 11 20 28 6 42 26 48 45
12 51 99 84 97 89 74 78 1 75 13 35 90
12 86 66 81 45 47 67 14 50 52 27 95 35
13 54 50 88 31 21 15 4 86 35 53 51 63 68
9 31 68 75 52 83 8 87 46 3
11 64 27 6 79 89 57 35 96 24 59 46
11 96 46 14 15 48 23 63 8 45 87 29
11 25 83 66 9 97 57 24 85 64 22 82
12 92 43 41 40 47 21 61 23 59 93 80 35
12 88 94 61 83 11 22 78 23 76 53 62 52
12 25 92 65 63 17 2 96 23 36 10 93 14
11 99 16 98 62 37 90 7 31 24 28 11
13 22 75 84 94 89 57 67 72 81 9 54 61 25
12 86 2 83 42 48 70 94 8 4 64 67 33
11 28 86 77 22 69 13 95 24 67 64 15
13 99 43 29 50 70 22 96 71 5 52 54 32 46
13 34 76 2 51 42 65 72 38 61 53 19 70 82
12 58 76 28 20 70 62 100 8 92 95 81 36
10 65 19 50 69 96 23 97 31 5 26
10 64 65 49 67 72 24 10 23 69 78
10 100 36 17 26 7 50 53 55 87 86
9 12 38 6 18 41 50 16 23 28
11 92 96 21 69 78 94 24 34 4 46 12
14 19 91 26 39 11 58 28 48 65 13 9 50 46 54
9 99 68 77 12 1 52 84 70 47
11 34 46 4 10 47 65 19 63 99 61 50
10 23 25 71 80 39 15 33 64 81 59
12 44 56 99 20 2 93 14 72 43 25 3 80
10 21 2 53 31 96 93 38 37 8 64
10 58 29 82 88 99 89 70 44 97 45
10 80 13 97 87 36 53 34 55 92 71
9 59 35 29 25 32 64 75 16 28
9 50 25 35 10 61 30 54 70 33
13 83 18 2 13 10 93 96 26 41 42 84 14 57
8 4 26 51 95 81 18 79 53
12 19 12 68 79 26 18 5 45 15 41 67 86
12 94 46 4 5 67 12 84 38 7 47 66 77
11 84 15 2 69 41 83 50 45 32 56 14
10 49 89 67 78 28 99 82 96 23 58
12 56 64 60 85 16 24 39 93 73 31 57 91
13 43 30 36 14 34 78 39 92 98 23 69 21 58
8 30 14 95 58 12 76 56 86
12 11 100 76 21 44 38 89 48 40 80 64 49
14 100 31 36 4 9 76 32 94 39 81 82 99 88 6
11 60 8 98 27 53 85 36 72 76 79 17
11 45 70 68 86 56 80 41 95 93 21 92
11 53 79 97 40 67 50 77 95 93 55 3
10 56 80 67 44 29 35 10 71 94 3
10 65 47 16 13 94 73 42 53 76 60
9 42 6 70 16 33 26 87 12 85
11 78 39 90 13 100 12 80 93 7 61 85
11 69 32 79 33 55 29 97 82 21 23 93
10 51 89 62 64 5 85 1 11 43 2
10 90 35 33 2 21 95 71 7 19 87
12 57 87 88 73 42 9 7 59 53 78 66 71
10 89 97 26 72 21 25 9 75 95 76
9 1 98 54 3 25 81 85 92 97
11 86 30 51 93 17 70 57 88 14 59 47
13 50 17 93 44 22 47 91 87 52 80 73 72 86
12 28 80 27 1 53 49 21 84 17 43 3 9
12 48 97 93 30 88 92 41 8 19 13 80 25
11 1 100 9 29 26 95 65 8 11 13 22
10 70 8 50 63 90 42 80 53 1 17
10 73 32 98 84 17 1 95 76 35 2
9 25 12 37 21 20 45 66 14 72
11 74 35 72 39 44 9 93 27 97 96 52
13 71 45 77 47 38 64 91 62 3 84 7 78 76
12 90 88 86 59 98 61 7 43 49 42 68 96
12 42 33 50 72 65 7 31 4 21 19 8 97
10 12 61 65 95 46 49 4 1 58 62
9 15 30 47 89 40 31 88 1 27
10 14 85 63 45 32 52 12 10 35 23
10 44 24 52 7 48 68 82 29 94 77
11 27 32 59 60 98 24 90 50 93 71 83
11 30 73 77 96 76 86 75 45 61 71 7
11 50 98 74 28 81 56 8 85 96 38 22
13 9 59 98 7 56 55 90 58 17 29 65 66 86
11 83 15 99 6 41 60 68 98 26 77 48
12 67 75 30 83 12 21 5 31 6 54 72 19
13 69 25 14 13 37 22 94 50 57 52 58 30 55
13 19 73 21 8 28 1 94 82 85 67 89 18 46
9 47 14 75 63 46 12 55 56 54
13 99 78 68 85 35 94 61 59 93 57 73 90 23
11 8 77 62 97 63 79 5 40 61 99 9
12 31 44 17 59 49 65 52 5 92 11 60 36
10 8 17 33 26 3 7 38 39 54 95
12 42 83 56 89 57 17 24 98 18 90 88 84
10 76 20 67 44 21 17 93 63 72 87
10 38 5 3 61 25 86 17 78 67 54
10 23 11 54 96 42 76 46 37 60 82
10 8 26 60 10 24 79 41 6 90 96
10 95 32 70 74 82 51 83 27 29 18
13 55 97 49 85 32 99 15 73 34 59 84 35 19
11 72 40 61 18 90 67 97 50 57 89 95
8 21 73 74 23 66 11 2 15
9 39 23 8 80 36 51 98 1 9
12 93 2 10 79 54 100 33 42 27 4 46 45
11 43 86 75 99 41 28 27 63 30 14 11
13 24 2 38 8 22 72 32 5 44 87 97 73 37
11 63 83 86 53 29 87 57 12 70 49 97
14 32 15 28 12 91 85 16 78 30 53 8 11 19 76
12 79 52 74 5 49 86 80 4 82 12 8 9
12 39 32 10 31 6 58 43 19 37 35 76 90
13 23 66 37 8 48 93 90 99 82 43 1 31 3
11 47 69 100 28 79 30 32 56 96 25 82
10 43 70 61 90 38 44 25 42 55 10
10 92 42 33 52 11 62 41 87 70 81
12 19 15 12 71 58 92 36 21 17 83 93 82
12 98 61 48 68 40 77 95 7 9 50 70 12
11 93 38 57 35 45 8 95 43 81 56 18
14 96 47 71 10 18 83 88 55 7 12 65 53 63 97
10 9 12 21 80 62 31 87 51 53 24
11 55 83 28 69 52 10 87 13 61 77 67
8 32 64 100 39 10 23 94 54
10 33 22 69 49 96 79 5 63 55 19
8 51 44 6 60 48 37 88 90
9 98 27 93 97 39 56 59 74 60
8 25 8 37 23 92 75 82 98
12 66 46 17 95 67 75 85 45 69 42 6 60
8 39 95 62 18 82 68 21 56
12 93 42 77 41 80 78 83 89 76 19 3 72
11 64 54 16 93 46 29 90 50 72 45 53
11 20 89 37 98 63 60 54 55 57 52 95
11 96 21 20 9 13 18 61 60 67 72 81
11 4 30 57 84 62 40 37 16 97 31 68
10 28 32 86 40 7 73 80 50 57 17
11 18 9 55 75 37 36 19 16 53 4 14
14 23 85 90 40 1 37 79 20 77 16 99 96 45 22
10 13 19 17 88 64 83 28 61 66 65
9 4 80 49 46 98 86 31 21 72
12 24 92 76 73 5 28 9 86 65 75 83 42
11 84 70 76 17 88 46 58 29 62 38 53
12 14 81 86 56 57 84 76 26 100 63 11 88
9 8 80 28 94 17 87 68 97 35
12 41 92 45 18 27 30 61 21 39 15 23 26
11 85 79 9 98 82 81 42 28 67 36 64
13 75 12 90 87 27 55 99 53 57 74 38 96 32
12 41 52 75 39 70 11 87 43 48 35 53 56
12 96 27 59 8 28 39 4 89 11 48 80 94
9 36 72 47 14 13 40 63 95 3
12 3 60 99 15 20 80 48 91 57 31 5 75
9 34 55 85 44 7 75 58 47 64
13 55 95 79 11 14 99 57 49 62 26 74 24 60
10 68 61 42 5 55 94 31 96 28 8
9 97 79 51 30 9 84 11 76 100
13 30 46 53 37 38 35 91 33 95 81 98 99 55
11 73 40 13 89 26 48 65 64 63 35 85
11 40 80 71 35 65 11 21 12 23 41 51
9 11 32 22 89 6 80 20 100 41
11 46 9 74 47 77 79 20 18 31 2 45
12 55 57 39 66 59 6 2 74 24 90 27 98
13 7 66 88 82 68 55 22 90 3 35 71 67 73
13 6 84 30 54 16 24 66 42 19 79 62 71 83
11 49 46 96 7 51 79 42 85 61 45 72
8 67 27 99 28 82 30 24 57
11 38 42 21 72 70 7 20 43 29 50 95
13 80 91 25 6 54 7 59 74 15 11 96 14 2
11 42 56 30 20 35 64 36 50 28 3 61
10 14 88 57 33 49 62 46 71 81 8
10 95 5 60 30 79 36 57 44 98 92
10 2 42 83 19 22 77 13 91 24 12
10 15 92 78 75 93 38 36 72 28 45
12 27 71 39 14 29 61 7 77 60 66 68 54
14 96 24 33 77 50 87 36 74 82 31 63 40 20 4
11 29 68 62 100 7 77 58 2 27 69 86
10 56 73 41 19 61 6 30 67 75 72
11 6 50 4 46 38 83 73 65 40 12 94
14 90 75 91 48 40 74 57 73 50 20 92 25 76 81
10 36 67 32 90 87 11 69 81 29 73
12 67 72 49 21 50 11 32 100 59 3 71 43
12 49 23 18 16 70 94 71 52 64 76 85 61
13 40 87 55 67 5 14 78 27 84 92 98 39 90
9 61 23 99 60 39 38 77 81 75
10 79 61 48 75 73 58 54 80 19 43
13 97 89 95 1 98 79 75 80 78 3 54 90 44
13 87 68 74 94 16 60 62 58 8 33 83 24 22
11 13 62 19 82 49 94 41 77 99 17 26
11 35 78 56 21 58 99 90 55 81 36 44
12 20 27 86 77 69 59 68 44 8 52 14 96
13 50 35 83 49 86 18 9 90 41 71 78 12 43
12 1 64 19 68 95 78 2 74 41 32 66 76
12 54 23 53 50 71 15 84 48 39 90 3 19
12 59 28 29 53 49 17 100 41 47 38 88 86
9 75 14 69 46 37 50 81 7 27
10 61 32 10 1 75 64 18 49 89 7
13 11 87 82 35 38 28 94 61 97 46 40 36 91
14 79 85 36 86 90 96 28 26 23 35 12 91 52 41
12 90 20 100 16 96 7 22 15 31 8 14 59
8 42 65 39 47 80 62 84 5
12 86 18 55 4 65 74 28 40 7 80 78 69
9 75 100 28 76 8 16 55 52 69
14 67 50 30 38 70 17 1 64 4 80 19 26 76 81
10 34 25 86 53 13 6 4 52 76 48
13 40 26 7 17 95 43 31 34 41 1 32 44 48
15 24 90 14 64 65 99 73 71 87 9 27 5 1 69 18
10 39 22 86 32 43 52 2 58 18 89
11 23 61 30 35 78 45 15 41 62 22 29
12 52 75 64 51 72 33 16 31 59 55 26 29
11 87 23 65 53 35 51 71 36 8 40 13
13 59 16 15 77 75 33 99 50 51 14 60 41 32
10 52 51 11 70 34 58 29 7 41 18
14 77 27 37 9 11 60 12 36 20 18 61 74 38 80
10 63 53 12 90 95 13 67 40 77 68
10 15 56 92 80 67 27 49 24 38 8
13 79 15 92 5 56 99 26 90 94 39 86 52 69
15 70 58 50 7 18 72 39 11 63 46 19 29 34 95 89
12 85 47 53 26 54 100 90 78 38 1 82 27
10 99 81 16 78 91 66 1 65 74 93
12 88 79 48 36 74 53 100 66 54 28 43 26
11 96 59 87 1 99 77 38 57 52 18 64
12 22 68 19 29 36 71 47 60 27 54 38 94
9 8 49 3 92 33 50 28 6 70
12 70 32 11 69 64 36 6 88 40 38 23 29
11 14 62 45 6 93 85 38 80 48 56 22
12 12 61 76 24 45 37 90 35 71 88 60 16
13 77 13 61 100 59 28 42 23 1 33 39 12 19
13 78 100 85 64 80 55 4 75 92 90 96 61 43
11 97 29 35 93 90 63 84 48 100 47 99
12 14 97 7 68 26 15 49 66 81 90 99 56
12 67 21 63 88 10 89 27 58 3 93 23 34
11 31 84 34 65 49 85 25 2 17 26 28
11 98 52 95 13 81 23 39 55 56 89 83
13 21 32 33 98 91 88 26 29 41 3 39 76 89
9 84 21 77 39 92 98 68 97 36
11 88 31 26 44 78 75 57 38 2 94 70
9 25 46 81 91 100 15 17 8 74
10 81 50 58 62 48 79 5 88 15 56
12 2 49 4 99 3 26 80 31 12 6 34 14
9 1 91 67 63 55 85 31 75 60
11 83 62 85 86 47 78 40 70 88 7 23
11 68 16 24 26 95 83 23 56 75 70 57
10 59 45 43 6 44 90 33 98 17 50
12 62 64 56 19 77 24 100 26 88 43 45 44
13 90 37 98 52 99 16 97 30 34 76 25 19 2
12 52 31 61 74 69 64 40 91 41 10 80 27
11 77 24 5 96 75 86 44 91 57 55 16
10 32 29 83 60 90 44 33 97 31 47
13 77 10 12 47 98 97 3 25 62 80 69 92 37
15 93 92 13 57 61 60 34 27 3 56 65 21 41 47 64
10 46 58 79 63 15 50 18 10 20 62
13 20 4 17 92 52 42 9 64 61 74 90 53 48
12 82 80 97 55 91 5 14 83 26 72 58 28
12 5 77 33 49 61 79 100 19 29 42 13 54
8 69 26 3 97 20 66 4 8
10 84 94 26 41 93 47 24 8 6 17
10 42 82 16 11 65 27 2 57 55 38
11 46 18 100 78 71 60 65 26 33 34 38
8 12 55 53 32 23 3 5 65
11 79 77 20 34 98 65 48 85 51 63 6
8 18 56 74 57 25 55 58 89
9 88 25 54 51 91 69 11 59 34
11 66 28 68 67 63 59 70 58 32 53 9
13 37 63 8 78 33 49 82 25 76 47 53 96 9
12 93 86 41 3 17 9 57 89 65 34 90 26
13 77 39 69 34 86 48 65 33 91 25 66 67 3
10 66 90 9 1 81 99 100 80 97 71
10 23 79 41 75 61 43 89 50 15 5
12 26 62 45 76 4 31 21 86 84 66 78 64
9 2 78 21 94 64 84 58 53 46
10 69 49 81 25 62 98 30 55 57 71
9 3 31 65 44 68 87 88 12 25
9 56 14 20 44 30 100 95 77 46
14 44 26 65 33 15 34 22 59 42 20 30 4 16 50
12 13 83 67 37 8 18 49 95 54 15 28 12
10 46 24 19 13 51 26 25 21 9 5
10 43 30 38 100 69 42 89 14 77 1
12 73 55 14 1 17 7 70 89 22 9 87 36
12 91 11 6 63 14 78 87 34 92 94 49 59
10 64 41 2 96 7 94 5 19 27 9
9 27 21 59 79 70 48 96 14 68
12 54 33 32 11 76 6 67 45 48 75 35 77
9 18 7 4 49 95 78 42 38 76
12 72 58 98 22 11 31 26 55 19 62 91 15
11 44 99 28 87 49 100 35 33 56 55 24
10 29 31 6 4 26 59 44 69 8 1
9 47 95 88 42 99 36 15 56 1
13 35 82 31 5 42 43 81 84 55 92 9 41 62
13 26 88 50 47 64 80 72 90 46 40 60 6 41
10 97 6 38 39 11 35 81 24 54 8
11 80 29 28 94 53 41 62 85 42 11 92
14 82 24 41 83 15 4 86 14 95 10 51 98 75 29
11 67 2 81 98 76 89 61 38 58 73 37
9 86 76 40 87 26 93 95 45 18
10 97 93 60 61 44 94 96 5 21 98
11 80 3 12 17 7 49 56 61 10 100 26
10 33 9 26 79 96 44 30 54 85 87
12 81 79 27 94 42 85 73 52 46 11 31 97
10 16 91 99 34 97 24 85 55 94 15
11 56 25 74 12 61 62 100 72 93 94 3
9 30 27 36 58 40 43 82 25 74
12 76 60 75 27 52 53 35 86 57 16 97 32
9 18 45 25 71 24 76 69 75 94
11 19 7 10 50 79 96 34 12 58 53 55
13 64 25 11 33 36 14 84 72 65 1 50 20 82
12 51 64 79 19 50 55 53 24 4 82 3 49
8 82 31 64 49 99 16 100 43
12 60 45 73 48 38 4 24 39 88 86 85 99
13 28 76 95 18 68 84 13 31 60 37 12 42 1
10 54 84 92 70 29 42 57 2 99 47
11 43 18 95 69 78 99 74 80 19 44 29
8 63 29 12 57 17 39 54 19
12 93 85 40 77 3 33 78 21 4 38 18 48
11 58 18 74 97 33 82 98 24 60 88 61
12 11 1 80 2 50 84 42 23 100 69 5 95
12 36 22 97 25 44 19 52 33 18 77 74 88
10 78 88 79 26 44 41 12 18 6 53
10 72 97 55 62 19 8 75 45 34 39
11 37 92 12 76 44 24 34 55 63 43 49
11 57 66 5 84 83 22 50 98 62 24 54
11 15 54 68 65 14 52 2 78 41 89 100
9 74 2 56 39 78 7 87 53 62
9 63 59 86 68 72 20 91 90 39
10 10 58 96 98 16 49 56 43 23 15
10 35 41 73 62 28 14 91 63 77 13
10 89 62 25 87 47 29 44 13 16 7
12 76 8 64 87 62 35 1 60 97 14 100 19
10 15 92 33 64 28 37 41 29 19 78
10 75 94 52 43 14 24 26 89 82 32
10 90 50 16 64 52 42 51 71 34 94
13 66 59 98 24 31 60 30 69 73 40 36 75 32
12 64 30 16 1 74 92 51 29 84 34 54 100
9 59 56 61 45 44 18 64 27 74
10 94 63 48 84 81 82 65 26 99 42
12 4 100 86 6 85 89 96 67 66 70 62 74
14 73 53 60 42 4 34 3 19 29 41 91 58 33 1
10 61 40 97 89 38 21 75 14 20 24
9 65 85 74 29 73 76 16 86 10
8 58 46 42 10 17 13 12 50
11 28 94 30 20 88 21 85 36 100 49 31
10 47 39 54 29 15 36 59 91 18 72
12 49 43 70 16 19 36 98 75 87 33 46 66
10 68 88 31 80 23 1 84 89 28 22
12 89 90 93 74 1 62 77 35 96 27 75 13
11 23 27 74 47 51 2 59 20 55 11 14
12 28 35 74 77 75 32 95 19 67 55 40 27
11 20 69 77 4 5 79 72 50 75 22 36
11 11 71 23 47 85 42 83 29 8 45 68
11 61 99 30 63 16 46 82 77 55 9 13
14 5 96 1 77 33 45 43 92 74 62 27 12 66 95
10 68 36 99 66 54 38 46 84 41 96
11 77 98 79 87 55 29 32 23 17 33 20
12 15 37 63 10 50 38 48 89 59 55 58 93
12 86 57 52 34 9 29 17 83 7 12 30 24
14 21 58 3 57 74 83 37 64 70 24 39 88 10 91
13 64 26 94 39 57 41 21 2 3 76 14 67 84
10 2 73 36 72 80 50 26 40 68 42
11 5 36 46 74 19 79 2 59 85 68 58
11 72 32 46 59 50 73 74 52 17 14 63
8 3 18 93 4 88 41 43 1
11 63 64 82 43 31 96 18 47 50 75 49
12 98 72 32 75 4 68 40 82 27 62 14 99
10 88 95 52 10 59 92 21 87 24 69
13 36 60 63 94 6 87 66 34 47 16 31 48 61
13 15 57 43 58 95 17 100 55 99 31 80 68 90
10 18 69 21 43 100 1 99 61 62 27
14 74 16 69 38 20 80 92 100 47 63 10 73 79 60
10 22 27 54 30 81 14 43 57 19 47
11 67 62 33 94 2 36 24 72 18 23 37
12 57 6 98 36 55 46 29 26 75 97 51 89
11 5 93 6 45 46 44 37 96 91 58 2
12 39 90 79 20 57 52 58 98 15 21 65 67
11 31 78 23 64 76 40 100 2 59 50 69
13 20 62 31 82 36 85 32 3 56 90 37 91 73
13 70 10 23 63 66 93 17 88 89 8 73 48 53
14 4 28 100 38 25 54 66 97 40 76 81 55 23 52
12 28 82 76 50 74 83 93 94 68 92 57 5
12 6 15 77 90 10 38 87 16 28 66 54 53
11 65 47 16 57 41 37 15 17 23 9 100
11 99 9 79 20 47 81 6 3 38 75 58
11 64 80 82 75 90 100 25 40 43 15 81
11 7 22 46 40 96 34 72 51 88 5 15
14 67 34 14 85 22 87 32 1 28 82 29 10 25 100
10 51 71 48 45 40 66 14 36 21 12
9 74 14 42 89 56 73 71 45 36
10 28 55 46 43 6 22 29 63 33 91
12 83 21 26 90 99 77 9 42 6 51 15 75
12 74 36 5 52 41 32 20 84 33 39 68 95
13 62 73 47 29 14 95 98 70 91 99 83 69 3
10 95 91 93 11 59 62 47 84 78 15
12 35 78 75 29 12 20 28 22 90 30 61 97
11 84 37 85 8 98 73 64 52 39 61 74
8 18 100 11 2 47 48 41 7
11 46 61 34 93 16 27 7 63 11 98 71
8 87 54 95 70 26 35 46 3
12 2 41 85 90 98 44 29 19 72 66 32 94
15 77 22 25 31 88 95 65 51 63 46 32 1 96 68 91
11 24 10 69 78 90 77 2 35 93 86 75
12 75 38 95 91 42 3 72 53 92 19 59 28
9 16 31 28 78 11 18 83 44 89
8 42 65 94 55 8 13 22 3
12 86 81 32 59 18 16 38 99 20 45 66 89
11 39 90 57 59 41 93 12 73 18 77 17
12 15 8 89 19 31 12 49 65 50 38 88 69
10 63 8 12 40 20 18 82 2 93 67
13 75 87 8 66 3 19 62 16 53 71 49 57 69
12 11 33 17 46 15 89 77 29 79 1 47 86
10 34 72 21 66 58 95 53 96 67 45
11 59 39 43 13 88 94 8 96 22 17 75
15 46 38 78 39 65 68 57 98 29 43 74 79 32 81 12
9 83 64 10 40 35 51 33 47 61
11 79 45 5 80 93 10 63 13 29 89 70
10 83 65 22 28 15 73 89 27 76 52
11 61 64 89 76 84 32 71 82 78 81 11
13 30 54 67 10 32 81 47 24 93 34 75 85 86
12 14 53 93 11 30 91 17 21 13 92 62 18
9 6 83 17 32 52 3 43 14 60
12 30 99 61 59 93 68 72 90 41 100 13 6
11 56 31 46 67 3 84 61 49 20 16 7
9 56 95 50 52 80 49 65 22 19
11 20 57 26 47 9 60 31 75 3 56 71
11 11 63 31 76 87 16 17 81 9 62 14
11 4 41 99 82 9 75 89 92 55 24 62
12 17 72 82 81 36 78 47 40 30 35 68 8
11 59 7 20 54 45 14 3 6 80 72 9
9 20 35 83 59 7 99 61 49 90
10 97 85 71 30 68 23 14 29 86 52
10 82 40 18 35 95 27 33 24 51 26
11 65 35 54 99 47 23 93 39 63 75 88
10 21 73 94 51 86 42 83 75 70 47
12 73 5 43 48 52 70 97 22 84 82 89 94
11 67 65 72 86 74 69 84 31 89 1 46
13 56 66 77 59 96 35 17 33 75 21 13 54 67
8 92 88 28 40 29 63 39 26
10 41 75 26 79 54 37 100 34 2 11
13 54 91 34 71 19 24 72 64 38 97 39 96 47
10 71 10 91 81 15 83 36 90 21 27
12 80 53 78 22 33 93 36 98 6 14 74 16
13 8 6 91 90 93 26 72 75 27 81 7 13 9
12 51 99 86 46 94 93 79 67 40 75 34 81
11 65 3 86 25 77 37 26 36 8 20 5
9 16 95 53 14 34 4 19 22 25
9 11 31 16 69 75 65 10 82 26
13 1 4 55 26 57 75 37 15 46 99 49 94 39
14 49 81 34 59 76 75 92 27 58 74 99 63 60 15
12 29 68 1 91 10 23 52 99 38 92 46 72
13 57 46 16 25 20 96 38 90 27 34 66 26 32
13 77 30 59 47 3 21 53 68 98 51 99 5 23
11 5 54 3 98 87 71 75 16 39 41 40
11 56 49 24 36 81 26 22 2 66 4 79
11 14 91 71 84 15 92 6 65 54 70 18
13 30 33 54 41 28 96 3 16 23 83 76 35 48
13 13 2 3 40 69 75 79 84 32 9 64 49 90
13 80 27 19 32 81 2 43 21 40 85 24 89 69
12 32 72 80 57 37 46 5 63 17 31 62 59
12 17 14 33 28 51 67 8 3 72 10 77 99
10 61 13 60 83 36 23 37 96 73 80
11 30 14 7 11 21 89 99 20 26 61 83
10 50 70 13 66 82 25 11 42 84 47
9 55 65 44 85 28 15 2 81 38
10 49 34 6 51 68 8 80 84 44 48
11 39 100 11 13 10 59 95 20 65 36 5
12 81 13 63 1 34 49 90 30 77 72 38 62
11 87 47 63 60 65 25 6 44 14 43 86
11 27 12 76 72 82 77 65 59 31 1 15
8 29 2 12 34 48 51 60 77
9 70 6 19 59 62 94 4 27 18
11 50 79 28 93 31 57 64 96 34 16 63
11 23 19 89 100 95 17 42 80 2 98 73
11 2 59 22 33 28 8 25 99 52 38 13
11 47 89 93 91 68 35 96 78 69 31 92
10 64 57 59 51 32 9 67 34 95 18
14 7 69 21 48 94 46 100 76 99 97 15 53 22 38
13 87 99 75 56 31 85 42 8 81 4 26 10 29
12 23 17 27 71 96 6 97 74 55 79 52 63
13 41 1 31 96 3 54 76 49 55 11 16 7 47
10 8 50 9 1 16 41 27 33 45 24
12 60 17 47 15 16 56 23 50 90 53 69 96
12 100 11 32 58 78 90 99 20 70 10 39 51
13 63 26 19 38 41 91 99 98 9 2 76 39 8
11 26 16 33 76 97 68 53 57 49 19 45
11 83 37 30 55 61 63 47 56 41 29 26
12 11 21 34 19 2 36 13 39 78 59 93 83
9 72 21 55 80 49 54 6 65 64
11 3 56 81 97 32 83 20 96 90 25 36
8 10 81 70 12 48 28 14 67
11 56 67 43 66 23 76 5 89 32 34 88
10 56 19 11 12 75 42 58 88 16 98
10 97 1 50 83 20 92 72 2 34 12
12 86 82 97 41 12 79 76 96 13 52 94 53
11 41 45 24 100 80 49 58 27 98 25 54
10 2 20 39 64 92 34 21 66 22 85
11 63 73 86 41 87 48 45 90 61 93 95
13 48 19 45 5 2 36 75 87 4 76 17 84 9
12 72 79 28 83 33 52 42 88 12 75 15 2
12 17 29 98 39 78 82 55 91 73 80 10 8
11 62 76 80 35 97 17 75 49 73 61 85
11 79 71 74 3 42 23 86 38 35 62 90
11 45 64 85 81 86 9 30 37 80 77 24
12 28 8 20 2 33 46 61 24 73 10 100 93
11 35 22 77 99 8 84 15 86 71 88 16
10 59 19 99 54 77 18 26 20 12 6
10 27 86 1 95 90 96 48 21 97 53
11 99 54 19 45 5 93 77 50 91 46 65
12 60 11 68 66 37 71 48 14 59 96 93 87
10 23 98 76 58 19 74 53 1 96 13
12 6 93 29 99 4 71 5 38 50 34 67 85
11 76 30 60 51 97 90 93 85 77 59 21
11 73 97 92 80 9 42 100 16 82 15 34
10 79 88 36 87 12 18 100 22 61 47
13 90 13 9 14 74 40 8 71 89 57 44 38 5
9 10 89 88 17 48 54 9 27 43
10 1 66 58 98 14 54 79 47 37 83
10 80 63 73 1 19 34 17 2 98 69
11 71 45 2 98 97 56 19 63 18 51 12
12 3 46 97 28 53 62 1 98 89 100 21 73
10 98 62 64 47 37 81 85 41 34 57
10 60 7 1 50 6 18 58 39 34 32
13 15 78 10 46 31 44 16 69 79 43 88 73 57
12 88 20 30 75 54 53 93 46 41 52 7 24
14 44 59 6 67 66 63 89 1 95 5 53 71 38 42
9 13 39 37 50 20 36 4 8 17
10 1 91 14 92 57 65 26 56 5 46
12 10 9 73 52 81 26 64 95 98 60 100 6
10 45 11 100 57 36 86 33 18 98 66
11 69 42 88 38 58 97 100 49 47 25 98
13 92 85 40 53 51 60 55 17 8 21 10 7 1
12 40 98 72 47 79 49 42 15 46 13 25 54
11 31 94 49 86 82 98 27 95 25 18 1
11 22 92 100 75 1 67 98 44 97 39 90
12 48 90 16 8 35 70 95 30 87 52 2 32
10 74 81 79 95 78 65 42 52 41 37
9 93 77 68 39 73 99 100 87 24
8 52 14 53 73 74 83 16 23
11 57 62 28 25 78 50 94 48 12 8 3
11 83 11 77 80 43 4 76 6 63 59 7
13 24 65 90 91 13 39 9 25 14 40 54 47 23
12 79 57 7 66 59 25 4 11 5 22 1 28
12 77 23 4 24 46 17 74 12 68 33 59 82
10 80 89 60 63 24 34 88 57 81 3
11 100 75 98 66 69 83 46 28 6 16 32
10 9 36 65 45 31 58 99 56 42 100
10 32 91 59 95 81 45 72 97 28 63
11 75 23 19 98 27 48 25 41 96 73 92
11 62 92 49 58 40 72 5 24 94 36 68
11 17 53 33 58 38 82 5 32 16 61 15
9 59 52 87 7 70 24 4 96 22
9 7 30 23 34 70 73 86 67 10
13 93 27 28 100 91 26 92 34 66 68 79 71 30
10 67 60 21 82 98 16 52 11 47 88
12 28 16 57 42 68 88 48 20 77 14 58 30
10 60 84 66 83 41 38 92 29 98 85
12 53 45 2 71 62 3 41 90 100 99 95 16
13 99 80 31 9 64 61 45 40 14 82 2 26 36
12 90 7 39 29 2 80 25 9 11 43 53 42
9 71 46 48 59 47 42 33 35 26
11 78 96 7 82 28 47 35 81 9 1 57
12 37 23 4 71 97 49 67 56 77 82 70 33
12 84 66 52 43 48 3 92 77 94 47 55 64
10 2 20 47 43 94 69 90 73 17 44
12 31 73 15 49 92 62 94 51 72 55 58 45
13 86 36 50 52 55 6 88 95 47 62 93 73 94
12 54 53 65 31 63 66 7 34 49 85 94 5
11 82 32 36 4 88 98 30 85 37 31 73
10 20 16 88 29 92 100 31 38 46 21
13 55 79 31 87 11 56 73 37 36 77 57 44 14
12 78 82 60 17 46 99 12 44 80 40 72 15
13 100 94 25 89 35 45 76 69 49 11 9 47 78
12 18 83 65 78 68 76 27 69 52 20 60 94
9 83 5 76 45 97 63 58 9 16
12 40 60 64 61 65 82 30 20 8 54 59 85
10 30 73 20 25 18 51 15 93 81 74
11 82 53 67 91 94 15 51 29 13 100 83
10 64 89 30 74 50 9 32 13 7 81
10 23 48 41 33 44 74 32 37 73 69
10 7 67 58 18 57 26 17 23 88 89
11 36 88 6 20 37 5 3 51 1 100 90
12 40 21 12 7 78 72 93 91 16 14 81 32
11 78 94 86 17 83 10 22 31 15 91 28
11 48 83 68 95 75 96 74 49 77 81 61
9 65 51 36 22 34 79 92 91 50
12 76 30 94 24 98 19 23 81 91 89 35 20
9 59 38 18 51 37 83 10 77 31
11 91 11 73 90 8 18 69 13 3 66 63
11 36 83 100 68 98 46 26 58 96 19 78
13 72 44 73 77 97 81 48 31 85 88 6 42 68
10 49 21 27 53 16 47 3 78 5 10
10 2 19 53 38 93 59 34 76 88 20
9 10 45 5 89 78 66 28 97 15
13 63 8 52 1 96 7 41 75 12 79 38 25 87
10 59 88 66 23 76 38 2 28 9 21
12 77 30 95 4 68 17 50 5 55 75 32 15
13 10 54 3 98 90 5 52 80 74 64 71 13 91
12 64 85 53 78 33 56 34 75 89 47 21 100
12 92 54 68 100 47 9 4 70 11 23 12 55
11 29 4 18 74 45 84 43 12 73 7 94
12 46 61 67 24 1 32 37 52 40 45 18 42
9 13 20 44 99 2 27 24 16 7
11 26 55 19 59 60 52 63 61 94 83 72
11 91 15 36 92 55 34 98 32 56 21 40
10 55 78 16 39 84 71 86 99 67 40
15 69 59 81 4 29 74 23 50 57 7 31 46 39 88 79
10 55 22 82 59 17 40 62 3 74 1
10 7 29 19 13 37 93 67 54 39 91
10 34 68 75 73 37 4 22 92 28 36
8 94 55 89 79 73 24 38 48
12 31 70 25 63 100 13 10 24 30 56 49 23
8 83 85 35 71 30 17 66 5
10 19 62 78 92 69 29 41 27 32 58
14 40 35 60 73 88 86 94 95 19 36 80 43 44 100
12 57 17 68 39 73 53 13 7 64 58 66 93
12 20 54 11 89 27 7 48 34 46 37 18 82
10 39 88 21 47 42 73 46 11 1 83
13 71 99 81 53 63 29 64 32 74 23 88 77 38
11 77 58 100 17 90 97 31 6 35 19 78
11 1 11 66 34 90 50 80 58 96 3 14
11 71 38 47 53 23 85 45 37 2 49 51
12 20 12 57 100 92 25 59 53 82 85 22 63
11 1 31 3 33 55 26 89 78 92 14 80
11 13 88 89 31 92 98 22 27 17 2 93
11 13 4 24 57 96 75 49 31 100 23 21
12 76 98 23 50 44 41 48 9 96 31 22 64
