800 500 5
8 194 358 95 442 399 461 1 57
8 251 166 268 146 311 160 197 438
12 417 432 416 183 405 343 492 415 263 418 270 379
10 275 113 361 117 4 456 19 324 181 170
13 50 452 205 337 12 71 474 185 260 286 295 113 214
12 480 354 342 373 231 130 47 388 96 53 107 140
8 497 414 88 111 251 172 480 436
8 69 135 327 25 89 198 31 16
10 426 46 403 153 205 151 266 427 323 392
13 459 462 417 401 361 339 458 263 219 395 471 422 34
9 131 199 333 108 242 330 145 191 76
8 14 224 169 159 52 389 250 255
8 36 345 387 156 450 489 364 114
8 257 252 13 488 373 438 428 237
12 499 400 455 409 335 118 34 482 267 154 391 42
14 345 44 368 473 411 144 230 92 446 66 493 253 142 176
12 205 361 150 486 265 141 500 499 375 481 201 218
8 461 409 485 212 177 479 305 62
12 128 219 499 401 381 27 105 117 113 145 322 20
9 37 69 213 195 335 233 202 14 176
11 5 49 48 24 320 371 374 30 405 39 456
10 347 163 321 244 7 162 93 152 68 243
11 171 131 424 309 473 102 115 98 355 452 277
12 406 60 428 345 50 315 281 167 25 79 461 423
11 458 367 270 238 37 473 492 234 90 402 403
11 462 276 304 301 29 125 357 468 331 337 15
11 232 455 317 160 447 331 456 211 289 233 486
12 21 176 252 223 240 208 149 38 421 200 414 493
13 473 383 318 298 386 76 5 360 2 127 474 89 411
10 382 496 260 355 300 279 97 105 282 462
9 322 191 287 431 238 204 140 253 98
9 324 18 496 354 118 102 72 305 76
8 14 249 53 91 94 406 119 331
11 472 400 438 153 412 299 77 92 97 453 339
11 295 101 67 482 475 349 335 142 300 317 276
13 44 68 175 375 274 198 249 149 3 115 64 430 362
13 282 328 99 431 212 180 14 344 41 108 433 202 250
10 70 469 224 315 118 299 378 495 87 305
13 383 182 242 345 385 493 402 124 176 179 19 365 85
11 267 410 434 419 176 337 314 398 231 181 202
13 11 286 35 475 85 441 138 413 265 164 81 59 51
12 450 316 179 6 79 216 240 111 108 30 375 154
13 417 57 306 206 471 203 250 251 454 294 45 339 59
11 257 426 415 113 138 65 12 336 277 300 231
9 274 278 60 155 38 431 499 217 270
7 353 20 447 102 61 169 52
10 133 275 115 75 100 479 154 318 205 45
13 361 168 174 364 200 292 95 184 306 405 406 60 465
12 340 265 114 438 386 178 212 361 258 19 155 208
13 270 74 29 89 81 111 189 404 127 73 68 442 251
12 390 296 479 51 13 359 85 251 303 95 32 426
7 94 344 248 184 110 253 298
11 294 237 92 401 335 54 450 156 395 116 398
12 197 351 491 408 207 51 10 314 55 146 428 381
9 253 241 404 233 7 149 114 373 17
11 115 284 82 93 361 350 326 97 104 195 147
10 87 106 448 130 339 284 414 449 33 334
13 140 304 158 310 254 319 441 191 187 270 91 363 281
12 144 328 192 96 381 370 71 53 351 433 140 18
14 464 238 266 156 157 25 212 375 309 246 290 80 84 209
12 482 151 449 70 332 348 263 300 118 196 115 199
11 362 387 108 264 278 28 191 17 55 3 391
9 37 46 261 459 446 376 116 473 107
13 71 96 269 82 452 92 378 321 48 201 148 313 237
11 193 137 449 5 393 250 433 333 337 391 302
12 233 256 105 397 258 381 418 122 109 500 34 314
15 143 203 163 267 467 74 410 479 458 55 220 358 422 281 44
12 427 100 404 334 66 62 317 82 49 31 143 472
10 450 166 248 290 21 280 179 101 496 102
9 221 327 388 213 355 127 59 323 235
11 330 259 222 286 212 33 210 214 374 290 481
9 465 377 488 41 247 172 64 108 205
11 102 11 246 460 209 304 419 479 18 115 223
11 258 438 15 17 33 186 160 49 371 215 500
11 279 208 404 24 445 171 248 30 314 414 296
13 426 300 231 119 29 83 315 123 441 363 288 415 51
12 296 335 284 112 243 51 199 120 304 353 425 295
12 243 390 31 477 378 383 376 141 215 402 293 295
9 252 293 28 400 220 435 439 395 55
12 378 351 197 296 3 9 445 312 495 28 27 242
12 124 440 489 239 317 324 132 400 141 481 338 287
10 305 18 120 337 302 57 429 488 464 244
12 205 124 434 227 2 305 34 456 265 135 29 377
11 462 499 58 86 227 119 214 358 383 25 425
14 454 193 145 338 394 47 422 208 308 119 366 355 364 278
13 109 239 500 476 143 466 128 317 218 264 217 243 175
11 409 188 359 274 342 91 76 194 451 365 271
9 224 440 471 95 14 386 269 63 64
9 363 262 91 383 183 101 277 128 259
8 334 301 217 13 256 124 78 417
9 304 76 441 7 302 4 337 157 25
11 35 485 409 492 16 155 51 20 54 87 58
10 199 152 469 145 82 58 413 494 239 325
10 425 196 443 22 107 165 68 466 143 306
10 163 161 179 445 99 446 349 249 216 239
9 438 407 493 432 422 454 490 94 237
11 266 335 30 446 299 96 366 278 393 228 12
12 235 194 248 291 168 351 383 438 373 370 29 244
9 470 123 113 169 111 32 201 492 157
13 299 350 390 362 351 235 108 181 319 69 200 420 208
13 214 121 470 28 495 164 81 339 360 304 400 45 406
12 389 139 23 4 360 151 102 39 491 136 60 1
11 478 453 51 484 202 418 330 431 416 472 282
10 153 343 349 178 275 356 164 65 244 84
12 479 308 213 384 140 58 470 339 279 154 487 13
12 325 246 13 6 436 51 363 85 318 416 428 269
13 401 473 228 126 305 327 131 62 146 224 492 364 122
13 356 120 448 282 247 314 188 354 103 100 365 459 5
11 451 227 381 185 497 215 348 367 485 175 285
12 149 359 44 6 455 120 121 435 343 355 70 228
11 352 194 142 150 177 179 206 175 324 407 35
9 101 85 280 31 200 7 212 447 166
12 155 274 179 480 3 56 178 453 350 199 349 246
11 254 335 415 234 44 34 57 156 143 54 342
14 156 261 316 268 173 376 42 150 74 216 412 300 86 11
14 358 460 352 423 146 38 311 132 128 328 50 442 242 370
10 342 294 467 409 400 496 232 14 205 358
7 311 290 475 65 243 176 117
12 13 287 131 76 266 332 206 357 470 59 54 259
12 363 404 152 258 335 304 34 406 285 469 495 402
11 37 52 444 18 95 232 351 33 378 93 139
12 157 263 419 148 176 338 33 358 73 430 350 241
9 105 373 428 165 492 115 78 148 55
11 353 203 482 154 236 184 23 81 435 391 408
12 285 177 95 378 415 24 200 154 176 43 129 148
12 271 358 145 310 427 493 39 371 451 325 328 270
11 452 339 446 281 36 219 190 354 180 418 408
8 490 252 234 480 230 290 342 397
13 431 212 276 178 457 92 448 6 322 188 256 349 499
11 308 370 419 195 80 78 77 427 481 138 277
9 72 341 337 127 4 220 181 195 393
11 370 220 472 185 461 144 205 464 391 481 191
9 23 372 119 151 113 82 29 106 246
14 82 37 179 261 198 154 235 148 77 211 369 335 214 411
11 401 154 38 443 436 70 319 440 435 437 216
14 467 255 175 198 458 465 366 178 217 411 67 424 113 360
9 418 160 342 124 456 315 288 447 62
11 97 378 261 356 103 382 226 366 337 200 455
13 248 96 332 166 342 31 433 397 275 370 449 485 289
11 108 20 124 234 369 360 329 361 215 179 71
13 435 422 390 60 271 214 109 486 417 4 328 491 59
13 57 254 429 17 27 494 93 349 226 56 156 266 439
11 390 256 36 431 15 473 120 59 359 94 271
11 260 395 456 228 434 358 288 445 67 235 399
9 52 175 249 214 186 271 307 189 255
10 328 40 156 345 202 319 348 349 84 487
11 323 478 131 135 153 152 167 45 291 403 62
10 253 300 324 94 58 18 11 237 254 201
11 129 177 56 477 412 67 273 302 27 210 374
12 54 356 44 269 340 249 3 24 342 370 436 154
11 3 4 481 435 362 14 45 47 17 134 328
7 387 142 213 96 236 13 380
11 60 293 72 494 477 131 241 431 365 455 368
10 216 241 54 302 438 429 301 195 6 405
12 121 476 407 374 253 225 303 440 320 416 290 315
13 237 440 305 119 73 147 164 445 50 3 29 116 85
15 235 194 434 236 487 465 288 30 345 66 4 65 445 362 265
9 294 269 427 151 474 134 359 456 408
12 264 361 439 495 84 132 469 116 190 467 203 205
10 13 472 356 48 63 16 351 67 107 250
13 443 143 380 158 135 187 55 342 379 230 136 300 361
15 305 190 275 250 44 130 359 489 234 141 274 52 277 436 119
13 413 210 147 279 30 435 98 151 489 401 268 52 402
10 227 450 116 420 79 190 106 346 91 418
9 115 210 12 193 454 20 29 134 422
11 227 4 451 436 222 141 208 316 500 140 41
11 247 483 424 268 376 51 22 462 248 153 481
10 296 459 490 58 113 376 110 387 283 270
9 498 491 79 184 6 18 143 120 266
11 12 138 195 180 42 353 23 452 404 342 252
14 149 160 446 194 17 448 284 218 1 405 78 392 269 439
11 258 260 458 30 88 256 411 209 301 77 416
11 159 358 181 348 190 133 346 395 462 328 246
12 386 26 457 58 20 46 48 234 10 75 159 283
10 7 149 340 20 181 305 474 206 283 380
11 435 79 428 86 349 369 197 366 28 44 357
11 473 278 271 215 141 457 270 289 125 246 206
12 204 249 78 462 181 12 180 482 442 132 297 342
11 398 435 383 153 300 440 200 333 389 198 60
12 482 79 34 138 103 241 283 495 350 276 303 304
10 52 356 102 98 24 475 59 247 352 397
15 261 479 457 16 59 405 482 18 96 446 234 342 454 6 488
10 373 154 353 72 490 355 391 151 108 229
10 77 330 391 351 144 10 260 332 296 261
10 464 425 28 467 249 194 175 400 320 6
11 90 71 311 177 186 238 143 413 463 319 18
9 193 374 303 403 331 80 208 394 170
11 222 497 49 20 113 260 288 54 306 124 319
11 351 87 140 66 75 134 68 353 497 236 196
10 195 431 19 232 223 420 444 379 179 182
15 188 115 298 185 433 194 241 220 56 200 3 251 465 238 91
12 11 55 137 114 429 297 178 214 41 176 63 430
11 462 176 60 167 396 272 256 406 26 243 416
11 382 230 233 122 74 7 446 171 194 447 120
13 450 214 1 181 11 386 97 221 194 24 350 282 497
10 344 28 264 200 231 441 145 90 12 136
12 475 492 258 444 262 433 427 33 217 489 420 14
11 37 479 362 259 112 63 392 21 65 458 178
9 280 203 436 164 372 394 355 332 469
13 19 220 464 254 120 276 325 197 297 133 246 28 180
12 212 303 329 379 89 408 9 346 259 463 309 470
12 51 378 415 319 63 85 27 245 66 162 449 466
8 391 151 78 11 392 17 467 280
7 347 57 260 406 147 72 228
12 61 77 15 148 140 191 179 69 493 133 135 35
14 335 151 245 72 209 280 13 165 168 482 317 208 470 125
9 58 421 265 228 93 6 127 178 327
11 433 380 79 316 283 200 83 98 1 435 143
9 329 234 34 363 452 115 181 109 90
9 165 134 303 418 274 195 242 111 363
13 247 212 250 160 20 464 292 91 220 435 98 347 349
13 95 301 286 90 215 11 260 407 80 318 22 385 320
11 88 451 155 373 286 235 452 339 481 222 370
13 203 297 356 475 231 453 57 246 32 327 363 316 331
12 71 304 364 42 33 419 355 239 439 3 204 167
12 238 342 476 110 307 337 120 483 283 184 227 69
9 89 120 307 143 482 488 171 29 368
10 459 191 457 354 388 291 60 156 240 80
14 343 481 242 354 436 395 348 92 224 165 393 127 33 132
11 161 73 90 74 495 82 24 246 310 93 371
11 368 324 345 355 126 81 493 151 103 263 311
7 185 336 497 307 401 26 425
11 272 152 195 36 265 19 422 317 258 278 437
12 17 105 353 405 295 99 319 418 151 27 480 433
11 231 352 8 448 227 444 42 83 13 401 258
9 116 427 414 70 449 64 380 51 395
14 380 431 329 74 191 18 277 411 303 103 437 226 118 20
11 131 55 292 203 19 299 268 446 84 8 326
11 397 57 38 360 477 208 228 381 352 126 192
11 465 425 377 429 92 197 258 464 238 53 403
10 437 115 42 307 187 33 496 17 329 317
9 309 483 268 446 37 32 130 225 102
8 47 66 103 152 477 271 378 493
11 397 142 365 429 209 425 307 422 377 20 224
12 12 414 424 86 441 95 265 397 500 56 449 60
8 293 295 400 338 271 479 441 371
13 83 358 402 140 455 261 443 141 240 439 218 20 99
9 446 107 366 394 399 415 352 126 384
12 403 273 191 224 384 109 209 141 394 328 276 385
7 370 230 18 153 286 91 126
10 391 265 170 305 474 338 370 111 195 484
8 267 356 247 380 125 301 495 101
12 219 82 83 103 463 284 139 242 32 340 79 341
9 300 246 223 75 214 152 271 437 315
13 359 449 112 87 89 125 50 362 328 138 481 475 120
10 188 459 500 437 124 399 387 454 346 264
8 41 473 264 65 196 399 44 484
8 130 322 198 498 332 285 328 60
15 96 143 298 10 127 384 447 42 272 16 496 3 83 99 240
13 78 350 131 98 152 418 304 415 416 33 154 429 320
12 5 134 170 427 300 356 185 364 151 346 224 428
9 464 10 483 353 98 477 344 65 378
9 82 457 412 5 496 142 37 287 390
13 100 334 248 223 453 286 242 255 17 468 191 116 490
8 234 122 318 62 342 335 352 283
14 321 184 259 140 423 162 185 169 381 243 21 288 383 327
14 21 81 128 61 198 215 216 364 468 175 487 389 92 112
10 84 60 323 422 94 141 391 160 14 174
13 404 10 267 482 218 76 359 203 297 219 322 23 299
13 453 231 39 257 50 47 260 357 92 255 245 498 448
14 464 232 154 327 7 17 336 392 171 14 349 186 123 322
12 433 465 44 282 220 496 335 5 17 30 85 374
10 170 421 1 160 121 70 326 292 21 279
10 100 436 353 30 317 281 499 59 8 254
13 161 192 254 243 428 209 51 184 137 388 98 298 259
9 367 8 498 195 209 97 242 34 19
13 15 359 365 121 243 259 357 108 424 225 146 470 71
11 333 99 424 323 214 360 357 283 250 175 410
12 95 489 323 286 101 417 54 320 232 451 438 445
11 368 315 387 53 175 286 15 399 316 83 314
14 456 489 366 272 166 134 153 69 31 325 225 249 416 295
14 435 109 112 330 436 477 489 198 140 273 42 191 41 159
11 71 360 405 415 349 197 469 313 77 293 402
9 407 365 383 208 331 294 174 389 327
12 481 217 487 297 285 180 418 168 192 227 79 406
15 258 71 394 260 361 196 153 294 388 284 458 380 142 392 453
11 406 132 482 448 163 414 212 327 409 37 121
8 136 266 192 109 329 107 171 325
11 341 264 204 305 4 270 350 129 73 432 218
11 111 83 406 184 386 489 174 77 78 252 211
9 66 464 422 176 5 147 59 411 291
8 333 148 188 416 180 447 248 435
14 374 428 453 472 436 34 162 356 84 145 97 409 17 98
11 184 378 179 197 417 316 170 138 321 382 157
10 271 47 401 213 150 412 488 6 353 13
10 240 130 256 251 250 119 64 277 386 238
11 292 43 447 159 94 130 232 329 152 3 175
15 421 446 438 58 105 129 32 93 53 319 132 244 227 65 104
11 273 305 381 213 148 290 58 319 365 363 126
15 444 213 60 407 177 334 185 336 439 214 196 295 11 244 298
8 457 176 62 216 126 497 192 381
14 312 395 124 396 82 203 179 259 445 146 461 405 55 202
12 414 92 300 66 453 410 409 220 168 244 196 75
11 94 97 246 234 150 299 356 64 366 409 255
10 209 58 456 386 479 265 453 55 122 143
12 403 40 106 69 184 342 197 448 122 243 222 490
10 345 258 398 228 378 87 30 249 280 433
11 130 487 79 112 217 45 87 456 427 24 68
10 373 54 209 235 71 323 231 362 232 213
11 57 283 108 489 439 480 269 400 267 53 327
8 56 43 215 136 341 25 189 45
8 16 201 313 190 471 142 44 192
10 33 387 25 380 293 334 117 453 276 116
14 388 310 179 85 9 134 202 24 303 4 104 269 228 449
11 3 387 177 420 78 268 137 419 332 426 210
10 74 129 374 256 480 370 222 34 219 91
11 463 156 150 500 352 346 374 225 72 356 96
11 273 454 164 293 165 406 325 37 402 90 108
14 300 360 192 481 310 236 329 339 326 212 233 163 131 440
12 338 317 472 166 197 211 207 20 457 47 366 118
10 93 170 158 132 326 57 347 8 18 401
11 302 274 330 372 395 311 296 100 140 439 238
15 187 435 1 411 258 292 369 238 269 385 373 124 42 306 479
9 71 266 330 32 29 408 127 124 232
12 237 431 480 2 25 73 210 49 37 103 285 344
11 43 217 459 314 473 365 134 450 329 320 485
10 306 114 23 481 159 495 283 473 224 118
11 471 52 384 88 276 443 123 13 139 196 154
11 477 46 154 60 317 39 184 13 450 368 217
15 191 65 475 16 24 81 470 284 53 176 179 459 330 173 332
10 212 92 13 38 35 253 109 417 373 205
8 265 124 428 319 149 91 94 89
13 312 161 80 148 251 366 459 333 308 275 79 328 452
14 7 322 324 56 430 445 192 290 157 474 402 300 82 452
9 208 315 240 266 84 157 213 4 110
12 277 118 187 126 415 355 367 176 57 56 202 78
13 471 484 29 236 367 2 331 464 45 273 147 211 300
13 146 164 403 14 193 366 288 32 468 309 39 129 483
10 317 153 6 58 207 128 273 463 307 426
11 130 251 425 193 408 421 242 447 99 249 237
13 180 60 453 91 48 466 381 49 266 488 213 319 327
7 416 227 327 302 447 50 428
10 477 493 55 98 202 463 294 197 436 162
7 441 413 405 169 270 2 60
9 289 483 169 326 450 369 6 495 465
12 336 22 419 488 291 127 93 163 270 150 329 434
12 478 25 432 32 91 389 290 252 403 399 269 447
11 313 117 19 133 132 439 11 208 325 457 417
8 460 496 177 160 358 362 361 124
12 69 370 65 173 249 342 232 470 358 315 142 205
8 266 497 470 189 286 437 200 491
11 395 348 144 57 314 218 275 320 381 369 98
15 419 378 367 165 32 312 310 496 136 112 380 406 340 368 485
12 280 124 239 307 155 483 463 317 206 82 267 474
13 379 303 70 391 166 176 367 283 377 408 247 244 214
11 236 23 286 295 292 478 309 412 443 439 34
10 202 57 193 221 23 107 68 499 328 286
10 173 88 153 433 469 407 332 139 230 488
10 255 93 356 187 393 141 320 405 241 170
8 258 253 341 426 480 144 30 296
10 370 224 127 200 280 81 390 125 7 297
12 418 105 297 357 300 20 441 385 232 224 479 129
10 11 478 329 465 241 165 281 360 440 376
8 392 70 266 381 82 476 291 389
13 296 351 39 107 349 448 482 405 450 203 404 439 239
13 396 128 456 6 272 17 107 406 32 285 221 281 84
11 151 152 237 242 282 360 215 383 60 414 492
10 475 470 76 337 82 137 392 341 358 419
10 173 469 420 304 423 440 194 375 399 239
8 141 206 241 401 200 422 460 339
11 244 166 233 227 120 109 277 330 431 426 234
12 27 275 180 353 461 365 60 384 294 440 406 69
12 36 287 63 363 267 61 237 241 28 434 301 396
12 78 123 301 182 56 481 388 126 405 193 235 493
8 280 140 271 345 384 165 398 375
11 132 292 247 478 485 360 459 172 193 434 14
12 471 379 113 310 140 384 453 255 20 247 240 46
14 262 4 365 377 176 295 331 12 146 460 424 115 483 273
11 218 294 59 439 156 279 136 154 347 197 273
11 293 489 202 398 93 76 124 90 313 467 92
9 57 44 359 483 350 500 203 233 498
11 5 10 147 32 209 236 55 443 474 331 171
7 90 329 428 370 306 70 9
15 482 420 193 170 11 367 175 159 161 370 215 78 235 198 204
12 2 296 357 327 203 274 372 138 192 454 183 433
12 209 302 383 17 421 106 381 177 102 27 331 125
11 22 415 225 476 498 382 92 105 195 69 21
11 307 211 449 479 410 137 191 385 378 343 105
13 294 137 69 198 256 343 499 428 347 303 236 432 19
12 499 355 387 65 297 449 474 134 17 199 316 280
11 290 278 4 382 191 42 262 139 251 95 46
12 56 362 18 356 386 240 407 234 94 365 246 458
11 50 202 37 313 487 437 210 90 363 308 25
11 46 318 349 437 390 208 220 496 480 425 244
8 140 72 104 217 131 482 143 215
8 217 390 475 420 428 361 477 301
8 411 462 220 317 287 152 472 198
13 280 313 266 317 84 472 178 213 234 457 305 61 8
13 164 224 459 60 432 78 28 43 283 434 280 411 141
11 313 81 52 4 113 256 429 288 267 185 140
13 483 93 129 31 109 151 181 84 397 41 58 328 70
11 175 112 84 269 285 386 459 125 182 117 274
7 457 209 328 296 300 198 289
9 101 7 10 222 352 160 288 370 424
8 403 201 256 96 289 498 233 398
11 266 268 48 365 292 5 180 318 389 320 17
11 74 73 338 162 414 109 182 236 353 291 67
7 240 76 495 480 214 157 402
10 219 396 86 162 431 199 369 193 42 15
13 421 239 178 337 56 202 310 459 404 372 451 247 219
11 479 69 28 211 23 270 192 107 488 80 349
10 367 337 369 362 78 338 216 74 137 321
14 232 487 161 99 209 106 335 279 427 10 20 416 378 9
10 300 312 469 117 122 181 32 353 374 484
8 50 169 41 70 367 19 172 458
10 66 347 442 86 272 102 85 215 466 455
7 170 36 214 269 308 390 94
15 150 487 243 235 325 95 268 37 384 343 260 352 467 297 222
9 403 469 432 146 212 100 47 164 216
13 148 189 426 405 29 481 52 138 77 431 119 362 203
12 471 152 304 8 147 208 438 379 308 490 146 459
12 321 163 298 292 11 290 481 246 46 204 248 444
8 60 188 444 382 271 469 140 133
7 182 66 404 103 392 17 289
9 424 67 279 432 243 240 35 32 169
8 42 8 119 476 305 19 61 68
7 155 83 387 139 476 282 196
14 240 449 486 178 343 277 456 116 149 205 46 401 390 375
9 493 398 358 191 305 335 89 411 282
15 399 410 184 398 331 158 99 203 311 215 201 430 321 44 357
9 465 28 439 346 12 475 446 1 401
15 21 339 303 183 405 389 45 47 174 18 291 426 194 452 59
10 354 281 21 480 240 9 209 379 284 360
14 402 494 433 412 475 142 201 426 151 213 170 174 140 163
10 482 286 483 5 111 118 89 401 284 372
15 338 276 266 28 385 190 236 397 213 388 131 198 17 307 285
11 475 394 140 64 74 161 160 215 349 85 113
12 202 468 471 394 33 322 305 405 65 134 263 53
15 406 160 304 73 271 454 94 216 445 118 188 109 257 113 455
13 405 403 135 450 136 128 495 137 195 224 127 448 320
11 306 156 483 334 474 228 20 285 203 418 39
10 211 327 246 158 269 499 96 385 52 375
8 410 193 57 350 252 481 181 136
9 420 470 175 364 323 409 66 86 414
9 38 378 226 143 302 173 216 25 68
8 81 378 66 109 292 232 309 278
12 294 191 481 348 11 362 436 477 63 391 148 313
11 97 170 19 102 472 39 3 375 491 140 231
12 60 389 326 320 255 475 370 373 228 208 52 366
11 226 23 279 44 276 317 144 2 292 166 198
11 260 350 312 335 116 126 211 485 477 359 448
13 64 109 96 71 231 326 403 85 6 183 57 422 334
11 240 139 290 435 107 493 15 65 165 369 161
12 123 312 182 118 6 268 237 470 347 140 252 125
9 254 482 371 134 476 478 339 261 2
9 197 358 367 37 76 243 226 201 419
11 465 264 256 248 63 221 78 75 305 156 130
12 349 276 459 93 401 45 132 254 29 72 36 231
10 474 388 495 265 361 320 103 163 182 379
10 301 487 90 240 429 414 340 39 200 19
10 364 275 180 204 3 262 439 366 329 231
9 159 326 169 241 378 148 38 500 133
13 140 298 88 456 322 263 125 335 92 170 220 460 84
11 252 251 269 118 339 354 289 14 432 173 265
12 64 498 230 32 107 126 88 486 378 156 142 381
10 273 408 246 414 36 357 140 218 345 470
14 469 13 328 393 423 14 116 253 406 330 131 126 181 73
13 92 296 291 218 382 38 313 154 258 378 408 177 50
11 197 125 343 99 237 169 414 439 269 73 6
12 435 489 429 484 48 322 80 403 78 317 4 232
12 56 11 373 394 65 161 425 318 338 300 267 305
15 375 279 110 304 66 379 489 500 96 158 27 162 73 174 282
10 44 400 495 148 420 305 221 290 457 296
11 26 70 48 436 359 165 60 178 392 138 58
9 486 89 101 228 232 83 390 133 241
13 269 318 277 221 489 270 429 300 472 372 48 258 296
7 429 121 10 18 162 303 292
12 318 50 315 450 19 61 386 187 294 238 12 230
13 495 431 240 313 47 204 479 8 443 205 50 222 462
12 188 194 350 186 63 134 143 28 68 231 348 39
10 277 268 115 262 390 25 482 195 426 458
12 247 363 4 325 296 420 34 259 460 16 202 297
9 300 344 339 388 359 53 383 460 196
9 12 92 113 302 346 142 20 468 301
15 377 46 220 41 351 103 297 48 125 267 114 355 417 100 364
10 179 96 193 480 71 328 135 402 470 243
8 183 187 487 163 259 239 360 237
9 293 127 56 208 86 413 447 155 279
12 193 172 429 447 278 44 275 233 439 48 177 37
7 223 492 321 73 49 232 376
10 9 100 124 323 42 14 185 147 194 168
12 470 196 293 305 240 410 223 430 460 142 202 87
11 267 67 186 190 401 404 136 38 90 151 466
11 384 345 372 160 39 338 303 223 70 373 328
10 170 183 211 190 245 13 3 196 280 491
11 468 365 98 359 122 493 480 85 277 272 131
11 164 291 478 179 56 279 31 488 385 311 323
10 304 372 100 248 417 435 133 139 244 390
7 208 487 2 8 274 282 46
9 12 61 329 84 167 468 45 292 202
7 158 117 45 297 276 178 135
12 81 341 116 352 23 472 61 309 449 239 169 276
8 270 54 341 491 266 368 75 223
11 227 386 100 428 243 247 429 309 242 354 388
10 76 385 19 73 177 386 319 35 316 434
10 136 6 322 472 33 433 1 51 87 292
13 377 422 141 279 136 198 432 30 16 343 454 210 105
11 425 316 69 482 234 55 278 382 10 496 346
9 390 278 94 155 193 188 217 64 352
11 257 277 324 422 312 440 328 487 339 470 176
12 461 489 472 244 157 456 252 85 127 181 298 114
13 47 429 330 405 139 471 338 214 262 435 28 177 325
11 350 489 285 472 396 386 456 4 103 475 11
9 397 206 11 130 63 259 497 117 70
11 249 328 483 453 425 143 360 397 279 110 25
12 180 374 204 493 421 56 274 499 355 363 468 354
9 198 471 388 277 51 276 318 229 56
15 88 237 344 289 106 326 491 140 181 142 464 474 33 285 458
11 215 211 388 220 105 97 497 219 332 288 458
10 277 308 178 227 268 113 220 174 380 75
12 13 195 361 117 199 33 207 216 84 201 289 247
12 328 137 356 395 431 273 215 447 197 415 398 483
12 26 133 101 491 60 58 252 356 379 185 236 335
9 437 384 270 486 84 373 489 333 31
12 328 130 121 410 344 173 233 201 486 433 261 302
10 206 8 331 65 471 401 167 347 95 402
13 79 282 99 363 291 403 171 4 384 482 154 150 309
10 10 422 288 194 221 102 224 420 120 131
10 48 469 292 86 92 122 338 198 9 55
10 453 106 293 340 95 46 111 260 66 71
11 422 73 393 463 165 266 203 260 185 306 321
9 249 53 375 278 293 120 143 320 483
8 216 299 78 187 99 351 312 74
10 141 433 333 480 194 34 75 463 235 89
7 190 478 241 235 64 202 92
12 117 75 320 352 200 136 266 112 293 433 322 82
11 222 13 89 181 282 310 180 390 357 329 475
14 193 434 365 96 113 171 283 395 407 208 483 70 300 18
12 122 487 107 485 256 247 67 398 245 83 478 282
8 320 253 59 373 82 289 32 179
8 81 338 274 80 209 444 73 243
10 451 381 331 404 453 434 476 296 18 49
7 59 104 172 163 336 48 364
15 255 183 439 7 257 301 417 254 400 274 231 305 392 493 216
13 196 391 481 224 281 230 39 44 476 192 133 136 374
12 182 450 195 208 291 178 286 482 397 354 448 20
9 441 88 97 290 378 57 255 420 298
14 113 183 22 342 403 335 255 3 429 87 237 394 426 221
9 190 16 320 119 71 163 449 296 263
14 259 490 40 355 421 211 491 223 480 248 80 409 288 402
12 373 407 250 476 121 274 258 75 175 320 370 214
14 134 262 197 222 184 457 429 264 124 140 418 460 27 424
11 238 196 164 241 129 28 31 81 10 347 220
13 69 15 225 52 457 204 211 421 434 335 405 459 401
11 39 318 33 276 35 335 315 56 179 486 36
12 345 83 452 157 437 165 241 248 52 115 362 381
13 9 190 229 466 299 470 52 51 23 135 242 241 40
12 200 393 76 391 335 456 241 22 279 449 444 259
11 11 421 288 449 188 118 53 154 60 360 19
12 492 145 381 226 379 264 78 418 312 56 356 472
9 279 257 182 242 71 134 413 469 450
10 51 72 272 188 22 412 84 180 306 150
11 497 1 43 217 180 249 340 423 107 85 2
9 272 242 72 53 30 216 15 412 188
9 470 81 469 23 431 459 199 91 147
11 225 10 288 419 237 267 122 193 175 336 280
10 61 144 223 407 79 413 444 348 310 334
9 347 338 234 373 381 385 43 459 79
10 66 361 200 95 108 362 428 424 225 466
9 137 284 37 259 369 195 465 88 216
9 46 448 207 86 225 1 376 497 117
15 28 450 298 322 496 30 354 301 2 485 190 12 103 370 297
12 269 209 440 95 376 35 222 39 122 188 362 353
11 178 71 152 2 433 261 409 65 397 243 157
11 397 334 46 197 419 370 125 319 43 316 98
10 137 399 319 267 240 27 314 476 57 485
9 240 120 171 425 148 287 383 497 145
15 449 356 268 269 484 86 155 33 139 274 298 436 469 71 209
13 146 453 8 473 282 231 68 205 455 12 262 34 253
10 345 186 105 131 424 400 32 74 95 407
9 315 122 131 74 300 390 206 145 258
13 92 3 246 250 285 384 111 317 265 204 342 258 126
13 114 383 384 185 487 178 279 437 43 59 324 450 290
13 374 67 7 398 156 150 207 389 104 108 47 446 273
10 48 406 82 87 144 218 297 174 155 4
11 353 179 103 349 178 472 314 239 476 321 259
10 322 226 46 452 216 327 93 270 284 43
8 354 448 140 275 500 285 432 265
13 75 264 414 139 357 48 463 54 254 74 448 306 298
9 22 477 420 173 291 59 416 330 357
10 467 205 248 490 204 354 190 220 36 215
9 363 19 348 444 164 125 134 404 53
10 363 28 74 84 94 489 130 405 393 340
10 7 360 94 300 473 65 303 144 180 215
13 216 483 129 204 301 211 371 83 278 114 391 164 356
9 356 52 279 473 296 122 487 327 300
9 13 477 69 326 379 492 301 431 230
8 361 295 385 327 63 394 447 247
14 81 471 125 381 371 35 216 209 219 444 48 40 484 284
9 107 264 376 62 190 128 93 340 161
9 178 337 334 489 263 499 297 432 385
8 331 242 62 114 378 353 328 346
14 345 476 297 155 252 146 391 295 143 399 284 353 90 28
8 151 213 275 401 381 207 465 446
11 450 131 68 9 352 173 345 33 414 427 21
10 297 382 332 440 63 79 417 498 459 173
11 343 14 164 22 405 369 276 231 356 113 70
10 196 482 275 474 287 325 265 55 49 219
13 286 18 133 474 167 433 313 423 31 122 495 13 451
11 477 363 173 465 295 133 154 280 390 203 100
10 420 322 275 110 301 208 123 1 30 121
12 405 263 492 115 315 39 151 89 323 207 441 427
10 367 438 195 248 335 382 469 189 132 7
10 88 81 223 173 23 229 292 166 258 351
10 421 255 115 66 248 102 89 324 2 82
10 120 435 190 104 421 446 13 398 197 250
9 22 207 326 431 434 417 42 498 144
11 29 480 49 200 366 453 313 460 164 431 309
9 450 110 143 226 46 106 333 303 381
10 486 498 264 238 295 168 359 63 179 480
13 411 391 468 452 342 198 54 478 395 310 272 170 120
13 7 403 217 8 260 255 435 343 200 276 271 426 411
11 383 59 301 261 441 200 475 280 285 146 354
9 397 500 209 216 389 169 436 73 94
10 145 394 481 279 438 204 17 398 490 196
12 3 121 127 96 272 219 132 364 369 387 266 472
12 201 347 252 207 45 308 280 326 424 266 293 466
11 194 353 341 438 24 265 288 170 323 395 14
12 232 399 284 280 114 307 32 427 88 344 101 242
12 87 35 343 175 130 446 13 122 252 107 96 461
10 327 274 485 437 244 358 130 95 185 70
9 384 435 35 27 230 8 140 84 178
15 66 481 139 388 221 324 443 183 76 121 411 159 375 82 397
11 305 103 286 171 143 244 454 88 441 462 180
8 134 161 292 376 490 308 19 298
10 153 177 427 410 347 165 50 63 422 105
8 264 497 474 40 210 138 245 288
14 391 39 130 177 373 299 164 379 45 319 200 64 476 429
10 364 180 357 424 280 153 266 434 236 421
11 492 78 274 324 323 33 383 365 390 486 79
7 462 209 25 8 395 231 211
14 200 359 300 339 326 382 127 117 424 88 459 480 225 407
13 11 47 5 119 188 496 281 331 287 285 147 340 485
10 370 171 329 252 456 308 245 71 197 133
12 108 359 148 366 53 434 463 381 126 115 390 112
7 393 381 329 90 401 481 335
11 430 364 473 275 405 86 31 289 220 313 467
12 138 439 317 340 8 288 129 496 483 377 185 255
10 391 72 216 190 471 166 352 225 34 15
11 307 45 225 421 372 300 117 199 188 422 40
10 70 28 47 281 320 488 184 394 500 301
15 94 120 395 418 365 396 200 352 376 283 472 484 323 384 248
14 499 210 134 220 17 467 42 453 335 432 166 258 64 121
12 160 150 372 53 250 178 207 117 51 70 422 352
11 306 286 181 47 375 311 444 339 382 108 3
11 333 37 304 457 373 411 371 31 279 429 114
13 29 54 100 49 290 166 305 223 142 192 3 344 105
15 79 225 416 270 457 269 138 218 373 58 409 28 223 7 57
11 350 448 349 32 388 262 453 52 301 313 335
9 232 71 201 406 69 438 196 89 267
8 356 145 38 137 171 87 246 81
10 261 198 333 335 369 494 372 29 70 495
8 113 435 249 44 451 371 273 373
8 420 110 372 152 201 303 245 26
11 73 82 259 422 457 86 190 344 303 18 28
13 350 138 99 499 31 482 328 277 484 345 94 322 389
11 90 425 231 48 291 196 71 11 74 139 169
14 453 311 394 69 345 14 208 124 76 133 60 217 495 404
10 199 134 423 457 260 73 339 439 128 247
12 459 162 490 414 178 202 205 331 85 436 408 44
14 63 15 92 39 107 342 375 105 18 33 278 311 189 17
13 187 273 193 134 8 417 445 226 87 235 147 297 195
9 358 20 94 286 103 130 162 384 326
10 256 390 359 17 66 41 216 381 333 194
12 322 221 458 125 422 302 175 406 286 277 340 112
9 1 351 202 185 125 417 36 81 201
11 129 282 61 242 145 418 125 493 9 387 488
11 298 479 319 363 249 102 342 313 500 107 270
10 387 450 174 388 289 9 412 316 34 225
9 107 368 153 344 280 497 60 450 226
10 81 413 446 106 129 116 117 379 324 487
11 264 31 135 458 305 57 164 90 262 484 404
10 74 415 244 465 474 202 247 36 229 320
12 342 203 293 230 72 114 311 482 21 308 454 247
10 156 454 49 207 249 22 232 62 157 452
10 375 10 334 405 238 377 42 426 392 285
9 126 221 342 235 401 76 110 383 444
10 23 95 291 19 45 243 377 324 451 428
11 481 378 391 449 36 105 119 81 456 493 113
12 326 139 301 216 448 265 455 14 459 199 409 479
11 195 24 137 255 250 34 70 127 66 483 82
10 457 108 264 426 186 474 151 326 431 277
11 328 405 406 255 311 142 492 372 43 217 223
14 166 227 240 495 161 470 211 8 391 158 116 184 421 259
10 207 222 405 255 325 428 494 24 231 223
7 373 292 53 378 352 410 166
14 264 185 54 308 437 152 390 214 480 326 12 299 79 183
13 79 68 217 14 19 239 317 72 150 213 24 276 340
12 238 105 442 312 364 390 171 336 416 334 43 31
9 109 120 187 211 414 405 54 408 130
11 310 477 125 119 214 78 433 175 269 312 287
14 247 227 159 409 152 223 456 78 89 204 169 323 109 327
11 343 169 28 261 423 439 327 1 37 471 386
11 149 25 467 74 22 102 198 494 195 247 310
13 395 453 23 425 325 67 280 473 428 416 365 418 346
10 395 335 448 161 358 318 155 28 193 131
12 176 345 22 114 173 384 155 84 11 105 80 268
7 431 175 253 166 82 283 184
10 380 314 442 259 248 351 55 111 276 86
12 370 165 124 10 420 410 19 98 311 379 230 178
10 414 115 420 431 163 10 117 140 24 379
9 257 117 189 380 164 354 221 266 342
10 438 4 311 276 202 358 228 449 24 130
9 97 446 148 396 458 251 299 182 318
13 480 125 467 217 192 345 222 195 181 425 102 285 91
11 457 322 295 92 309 49 456 104 242 466 480
12 1 483 26 493 156 150 109 358 73 490 469 433
9 409 283 196 162 424 27 150 341 83
13 336 128 375 280 496 458 202 424 369 121 110 19 4
15 256 376 412 262 235 245 473 442 280 458 11 168 381 463 428
9 238 56 68 307 62 497 333 84 54
12 28 50 150 479 247 127 456 34 265 390 193 49
8 8 359 417 89 25 30 82 209
9 340 379 405 414 209 84 269 49 307
14 305 164 495 143 59 173 73 307 145 209 140 272 492 149
11 16 165 293 11 138 139 445 462 460 222 72
11 244 340 263 241 238 410 329 251 479 272 269
11 461 384 157 309 235 21 242 286 153 247 115
14 151 435 189 392 465 373 270 131 22 181 272 268 493 354
11 383 435 23 419 128 307 346 16 334 444 401
11 474 425 184 85 438 491 475 363 236 154 62
12 267 169 405 179 118 244 158 469 60 113 316 457
8 21 189 375 365 454 347 66 299
11 217 458 68 489 414 295 91 103 424 170 479
9 100 344 373 54 323 10 374 309 426
12 300 182 316 427 307 462 385 93 393 188 309 481
11 225 262 290 368 410 334 412 286 419 398 378
11 428 254 2 436 297 343 470 189 73 429 381
8 238 109 47 100 194 244 223 116
12 336 27 352 387 358 271 479 370 138 42 135 8
12 314 362 303 238 132 142 444 51 379 437 242 34
9 174 364 334 202 310 480 212 399 187
10 262 355 346 449 264 60 277 336 425 188
12 74 108 249 236 279 273 190 415 167 332 202 432
12 452 490 366 191 426 130 407 64 274 53 336 90
10 219 27 41 412 76 173 25 493 176 114
11 167 305 18 484 338 160 215 277 405 432 4
9 179 149 438 222 270 207 185 194 388
8 247 272 84 237 425 1 490 280
10 205 380 89 297 368 483 499 399 204 284
12 332 139 208 133 323 460 463 88 427 349 184 500
7 478 353 200 371 392 161 492
9 443 240 491 469 94 442 279 20 453
10 468 23 51 189 311 431 76 409 162 492
10 427 65 434 139 311 423 171 200 304 206
14 354 207 10 395 87 73 412 158 162 304 42 50 356 78
13 4 338 346 10 459 246 60 158 293 380 86 458 231
11 76 154 195 220 229 248 430 245 287 134 28
15 135 473 78 4 365 151 479 314 279 298 379 361 388 173 297
11 469 299 124 320 395 37 82 128 223 42 87
11 279 109 10 49 84 57 26 373 20 54 287
12 131 328 333 314 5 147 392 351 389 373 287 453
8 309 30 318 181 198 2 12 145
12 201 280 338 287 302 253 116 293 109 389 130 499
11 156 248 348 490 436 61 379 130 334 188 459
10 162 376 85 294 90 484 368 98 497 166
10 499 212 82 161 260 418 25 9 97 193
10 487 311 92 497 202 116 325 155 15 165
14 329 357 384 377 452 334 267 223 307 472 154 337 20 279
12 16 407 411 288 9 149 382 312 316 248 174 158
11 139 267 464 109 140 53 334 367 209 264 475
9 143 192 465 344 73 254 415 245 16
12 499 210 53 375 92 84 276 486 88 483 447 364
9 398 321 237 2 409 230 494 247 316
8 152 287 325 467 345 269 408 22
8 400 14 140 428 156 93 37 366
13 158 176 152 75 1 241 355 144 41 251 150 92 490
13 300 139 288 495 114 152 132 431 143 195 106 312 194
11 345 53 162 408 243 44 250 472 139 245 290
12 372 199 311 17 477 35 12 219 161 338 174 251
9 150 68 314 298 368 27 118 280 139
10 324 157 273 173 349 84 381 60 256 309
11 390 330 89 219 459 409 177 347 325 298 495
10 355 17 236 135 77 330 223 494 419 250
11 106 260 382 104 340 315 461 490 408 257 372
11 234 372 198 34 455 343 75 423 215 181 176
12 271 422 359 349 423 34 169 78 180 338 93 337
14 161 153 192 337 175 430 454 111 344 130 82 453 382 246
10 94 117 113 401 313 206 11 183 208 254
12 401 234 362 192 110 25 69 189 115 462 465 139
13 138 481 232 367 417 438 463 23 107 419 57 454 409
9 328 475 467 118 302 213 323 244 440
12 470 258 395 80 241 104 358 71 246 89 482 154
10 178 499 200 232 338 497 324 342 203 295
10 459 377 137 356 490 367 175 232 212 337
10 348 466 110 332 50 388 411 462 118 421
9 203 202 9 223 160 421 412 147 289
11 213 82 186 55 80 167 114 61 201 417 425
12 319 317 121 411 279 219 52 257 343 138 388 87
10 154 79 92 298 158 291 464 362 350 444
11 494 373 78 215 71 285 178 398 499 362 44
9 98 468 2 493 187 201 365 30 476
10 362 63 127 351 307 340 415 272 475 382
14 392 56 107 279 165 220 43 296 301 118 464 476 143 182
10 356 173 286 474 381 47 400 341 394 9
10 337 123 254 67 83 401 183 125 336 98
14 178 390 54 443 122 206 355 69 413 162 365 281 493 185
12 1 195 460 176 271 12 142 250 238 423 420 488
11 237 299 21 364 193 495 75 289 379 168 170
11 477 213 119 471 390 374 441 58 138 266 358
