800 500 5
7 307 153 329 212 4 410 379
8 482 152 227 105 439 45 200 145
14 169 499 220 424 136 226 320 310 183 422 114 243 24 429
10 456 80 288 322 437 283 57 276 150 387
11 133 155 124 116 62 185 433 31 387 93 111
8 16 378 303 278 61 418 199 210
14 53 486 20 203 129 47 289 495 383 154 144 6 12 27
17 111 165 211 101 310 18 221 281 99 273 403 434 420 128 179 259 85
11 297 66 436 374 355 377 118 85 41 311 467
10 481 413 125 58 50 28 299 340 74 386
9 74 253 462 305 468 44 39 491 81
8 429 168 185 95 190 362 223 355
13 71 176 54 338 26 356 250 427 140 436 48 190 387
8 82 91 324 471 311 90 142 285
13 278 54 188 258 257 358 198 327 263 364 449 435 244
12 281 492 373 343 383 415 476 143 194 388 49 157
7 263 448 436 184 443 170 153
8 34 402 50 273 172 420 345 366
15 353 20 93 412 39 120 208 96 89 133 94 301 396 472 376
8 299 111 418 78 448 199 13 151
10 20 278 213 60 121 415 492 130 330 245
9 365 459 285 416 390 146 16 270 217
7 465 69 384 155 498 459 151
9 370 285 272 10 479 276 41 240 120
12 35 485 23 280 362 143 246 178 494 67 173 72
10 336 457 137 171 489 465 258 142 185 9
10 294 207 257 29 3 315 247 170 282 120
9 314 454 365 462 342 166 372 487 360
11 113 162 362 50 306 420 471 160 193 366 374
9 188 396 258 479 490 93 97 215 383
10 264 148 198 16 277 214 149 176 67 134
8 378 235 406 491 279 398 476 282
10 135 29 168 416 499 34 388 306 339 255
14 316 47 266 208 38 263 119 446 110 26 391 72 113 14
13 7 443 447 248 257 70 273 325 477 483 434 391 170
10 356 320 282 174 128 437 414 443 466 143
10 147 119 458 283 39 289 303 439 20 474
12 389 418 496 457 183 356 259 26 104 311 497 9
12 393 477 418 465 320 26 271 67 173 426 137 457
8 9 60 488 319 183 359 408 115
15 164 169 19 91 481 31 479 463 100 117 69 145 203 73 125
9 33 387 115 422 472 182 273 456 343
13 34 94 127 231 239 294 444 389 245 192 406 339 445
11 308 377 460 231 280 369 120 179 339 174 263
7 186 93 46 314 381 473 395
14 355 269 33 110 150 259 276 281 343 413 370 3 17 203
7 45 342 473 185 445 125 391
7 168 202 456 358 464 336 132
10 347 77 290 364 175 249 270 341 60 213
7 406 315 23 408 66 85 241
15 298 391 158 410 214 347 157 343 396 32 368 371 463 390 482
9 186 172 342 32 90 198 385 218 391
8 186 130 347 281 228 36 426 218
11 152 445 196 269 341 453 411 454 259 213 93
12 402 295 332 41 489 201 448 88 255 331 427 456
11 449 463 262 434 214 204 377 125 14 417 17
13 221 300 302 371 19 189 167 37 116 253 454 48 196
18 97 478 463 37 442 188 124 372 284 347 35 146 65 105 28 384 346 314
13 439 10 394 356 138 220 149 197 59 108 432 91 29
9 104 132 403 341 116 430 369 54 68
12 354 30 356 15 218 122 245 105 324 74 232 359
17 48 22 285 477 93 1 495 223 288 297 403 189 23 140 118 26 123
13 152 93 293 194 395 442 313 493 466 117 346 462 319
16 71 27 227 246 94 203 73 151 500 443 405 69 370 456 265 298
16 124 488 139 431 243 6 276 126 394 1 161 268 193 353 272 255
9 132 490 403 1 217 14 492 330 429
9 51 495 462 283 358 181 363 245 205
12 191 206 460 313 148 401 54 49 55 40 256 128
15 168 149 413 184 246 424 323 487 58 489 476 208 254 129 189
12 325 61 337 140 456 184 268 44 183 55 379 173
14 207 372 406 111 223 7 25 192 253 175 417 214 178 426
7 471 457 101 173 114 349 228
8 370 353 151 352 49 117 241 270
7 258 133 74 313 256 275 174
10 79 151 304 500 52 32 71 5 343 413
9 149 372 496 394 395 98 169 441 306
9 405 500 462 221 226 452 111 66 35
14 150 331 141 330 499 112 212 500 210 296 398 114 271 494
12 183 105 394 177 359 312 17 358 462 265 226 110
11 164 221 167 7 318 133 347 442 284 118 119
13 357 351 479 167 198 451 110 200 354 107 111 89 373
10 492 315 94 213 319 128 299 462 465 270
14 47 353 269 343 310 369 126 475 476 236 373 359 386 291
8 132 418 137 307 177 95 145 309
15 123 164 324 172 335 196 389 342 254 354 189 125 117 149 424
8 455 128 82 78 319 257 269 26
9 72 407 55 466 440 304 460 95 13
11 343 202 295 158 345 499 120 485 162 107 121
12 45 250 323 376 172 58 176 279 134 207 474 477
12 50 418 63 57 459 149 34 379 109 103 455 473
13 137 249 448 121 316 1 298 45 456 357 122 275 156
10 233 310 159 441 262 286 236 203 121 360
12 62 43 144 331 171 494 18 381 435 244 148 102
12 452 10 495 420 249 455 259 163 23 357 7 158
12 276 182 117 346 78 150 183 153 235 230 193 452
8 158 111 366 461 31 265 179 369
14 99 236 251 480 241 293 49 58 7 428 280 1 189 246
14 240 6 459 241 320 199 57 466 295 467 245 27 489 336
8 189 142 73 354 416 429 132 244
8 419 282 489 155 229 382 474 488
11 306 54 184 210 161 47 78 254 484 380 3
8 215 500 160 381 224 277 464 78
9 2 383 151 48 87 394 88 108 12
16 152 74 247 199 308 246 416 72 209 160 256 228 94 436 176 478
8 314 95 83 156 438 225 387 189
15 170 289 45 191 227 459 164 327 184 231 345 283 419 281 325
11 237 453 459 472 337 414 196 326 174 200 5
9 347 99 236 184 185 62 37 362 259
17 220 358 298 156 335 210 88 90 121 304 6 479 211 119 252 62 171
7 58 189 241 491 67 113 278
9 182 370 308 163 485 490 26 433 355
10 357 463 29 452 243 263 218 379 474 211
10 380 466 254 93 235 268 456 398 11 348
10 54 58 189 109 172 148 418 438 9 447
8 110 63 369 211 411 243 126 88
16 395 124 483 75 220 190 13 10 368 156 400 466 431 167 367 366
15 348 235 271 437 356 477 128 337 43 369 99 498 409 361 167
13 124 472 262 446 106 25 92 145 73 455 402 386 342
16 404 436 77 58 405 292 185 306 52 275 94 23 358 87 37 129
13 438 109 471 324 344 474 138 288 351 128 177 61 259
9 380 331 271 430 259 273 46 147 322
11 218 351 342 265 8 215 329 99 145 369 184
10 369 121 10 208 422 49 239 56 304 238
10 79 303 5 423 102 299 193 308 216 21
11 494 106 29 297 201 440 154 333 34 20 418
12 45 404 122 12 296 448 58 202 328 126 63 108
17 397 201 192 16 111 372 284 459 315 287 216 426 493 54 418 32 274
9 231 273 68 219 448 385 2 430 247
13 21 452 343 447 46 234 416 77 280 489 2 121 419
13 8 403 383 352 282 280 312 211 210 354 177 441 371
7 106 101 235 61 123 368 269
9 268 220 260 254 229 139 111 276 247
8 378 165 36 176 148 226 242 366
14 271 499 277 238 397 176 433 288 169 39 1 168 361 110
7 246 117 192 360 447 91 462
7 333 437 263 145 368 108 342
10 180 206 142 181 318 173 491 356 418 156
14 173 66 404 368 377 290 408 97 307 352 77 382 188 132
7 480 91 440 262 135 416 487
16 258 123 199 449 384 75 162 65 407 174 480 141 180 171 461 93
13 71 324 454 93 408 395 138 192 238 321 181 122 482
13 126 340 1 417 466 381 134 266 377 198 123 165 218
9 372 195 146 460 51 48 339 18 7
17 197 301 149 318 213 355 320 353 4 7 128 478 407 373 230 279 120
9 353 139 362 333 63 178 239 238 195
9 296 461 349 125 274 50 120 265 451
10 242 57 120 83 299 423 69 222 490 499
12 44 112 311 228 119 262 27 381 341 353 443 9
8 186 276 206 491 245 171 492 452
15 184 455 8 284 285 186 79 75 239 465 35 481 43 399 160
7 244 80 197 132 89 267 335
8 474 77 218 249 295 32 314 15
12 181 435 35 273 26 318 320 396 355 398 280 120
14 170 194 177 260 449 284 202 378 381 465 188 99 216 314
8 404 420 408 97 142 69 94 306
14 51 36 393 172 239 73 394 471 290 452 133 421 40 361
9 38 98 55 350 148 196 473 359 445
10 109 192 146 431 434 383 282 452 116 488
7 433 43 23 186 310 236 417
11 480 258 202 277 65 255 340 154 350 304 236
10 235 422 449 438 291 26 398 293 435 447
9 323 259 350 166 194 151 195 141 435
7 359 267 264 120 362 222 251
9 185 347 201 322 121 149 271 82 168
15 122 265 490 308 192 476 10 432 289 296 488 188 288 437 323
7 56 440 215 314 307 214 449
13 204 83 317 308 393 42 318 273 5 9 32 360 294
11 25 64 183 331 488 23 477 429 362 412 454
10 123 340 232 60 422 43 145 486 316 157
12 312 131 225 184 109 213 298 490 116 174 198 392
9 404 26 195 338 59 266 38 71 208
12 179 442 59 267 441 219 73 151 465 357 57 302
9 121 203 218 325 235 441 70 254 367
9 184 82 295 268 224 40 242 144 474
9 187 434 150 500 78 215 486 404 237
12 313 297 139 350 364 362 459 59 390 183 383 285
15 345 192 276 67 8 370 404 12 50 437 163 174 416 444 387
10 103 423 310 25 58 484 3 159 161 39
9 302 398 334 97 445 205 117 300 60
10 36 177 457 296 342 263 492 78 211 240
7 131 370 41 26 398 459 158
10 388 431 260 312 55 108 423 450 172 472
7 210 77 340 62 305 454 221
13 99 157 453 186 164 50 377 314 35 325 352 384 480
9 216 17 383 367 52 473 51 263 468
9 45 87 334 137 14 447 284 488 300
11 219 326 13 333 88 468 22 234 189 279 92
13 29 476 353 253 172 292 228 379 398 460 395 427 327
13 473 496 335 229 40 292 128 305 417 452 353 373 210
11 221 484 204 383 102 259 390 412 397 18 235
10 389 68 34 18 63 158 457 392 241 185
13 224 64 308 234 366 55 428 407 327 479 241 59 342
11 358 188 176 19 62 129 105 132 249 354 242
10 24 307 490 274 103 318 8 150 303 291
9 162 61 296 258 68 226 160 325 49
9 127 7 192 88 198 102 431 188 260
14 487 216 157 396 150 164 260 300 137 389 345 107 230 378
12 429 204 124 427 342 21 461 326 409 52 349 480
12 175 203 180 370 363 395 349 182 371 471 478 44
9 57 333 284 9 218 459 308 60 80
11 495 463 150 228 399 248 243 279 9 201 427
8 71 69 458 470 234 473 92 246
8 355 439 8 68 457 299 307 326
7 406 14 295 45 350 310 98
11 202 112 149 380 75 201 129 249 1 482 464
13 350 119 228 226 196 49 229 185 160 418 342 358 99
7 240 363 153 102 244 370 334
10 93 412 1 485 355 336 448 118 185 264
16 174 12 240 404 189 414 209 114 374 183 68 60 310 461 366 168
13 36 233 190 382 433 348 267 39 358 286 8 143 34
20 190 375 404 154 353 2 197 126 308 69 104 476 348 149 3 144 271 82 420 423
8 376 147 355 480 250 233 66 154
10 180 273 369 461 426 443 238 199 155 342
11 358 197 106 23 335 7 139 433 111 159 125
8 157 460 493 467 74 176 127 308
12 260 265 162 232 26 415 248 28 452 218 171 338
9 62 368 271 253 433 424 92 475 27
14 489 136 471 307 102 348 426 87 49 449 30 26 121 190
14 485 181 104 393 320 402 40 391 395 241 475 136 434 89
15 19 360 63 265 481 96 29 124 6 313 251 50 492 444 133
8 266 405 220 403 210 310 82 47
13 261 9 83 64 495 187 42 35 135 193 402 142 355
12 40 366 28 261 9 66 31 273 455 184 481 58
15 486 476 418 116 82 387 388 184 42 13 409 80 74 210 45
10 183 100 339 452 318 494 410 177 182 225
7 443 156 221 89 435 196 318
7 494 218 464 372 109 342 189
10 422 82 46 49 146 128 223 354 214 415
10 489 79 181 222 248 153 186 215 3 360
11 323 94 363 382 142 287 295 469 446 192 332
9 98 208 280 400 202 16 113 491 81
9 245 299 21 38 162 308 392 144 500
16 153 111 350 78 345 337 494 356 175 413 14 425 95 243 454 395
19 266 484 60 274 100 121 463 104 453 230 68 489 256 271 203 76 310 24 122
17 261 283 463 346 325 327 118 35 398 354 299 352 348 178 305 211 6
10 429 441 255 294 444 421 28 45 323 78
13 317 283 189 235 420 222 456 4 25 362 302 383 74
13 60 44 430 394 326 106 224 381 273 196 304 189 214
13 262 95 10 185 346 205 459 51 422 423 227 488 327
14 105 167 476 330 310 133 143 331 498 41 217 9 274 23
15 144 336 147 301 121 419 133 214 418 351 421 94 30 304 288
9 196 261 430 158 240 272 423 190 339
7 309 465 163 331 215 426 289
12 303 186 301 3 187 6 95 213 327 258 369 412
12 61 457 421 275 247 491 11 232 176 289 26 361
16 470 113 204 389 338 499 131 451 277 347 189 439 366 14 365 413
11 119 243 348 419 226 2 135 79 361 268 127
7 96 34 227 1 367 205 316
7 55 392 449 489 299 113 438
7 207 479 282 365 12 100 474
13 341 285 66 364 72 491 347 198 449 125 18 156 262
7 414 264 234 213 218 375 449
9 296 121 129 323 31 134 9 195 93
9 169 6 383 134 110 365 11 40 303
9 282 173 190 276 468 43 334 124 4
13 371 348 267 285 128 429 483 383 85 473 119 37 205
19 144 308 310 312 122 101 469 78 181 261 346 232 108 112 135 264 456 453 327
9 236 495 157 120 378 88 429 461 101
11 30 191 32 49 4 417 448 395 125 76 241
10 416 239 435 486 74 492 13 392 180 17
15 412 383 457 380 223 237 414 379 64 458 160 80 67 272 41
14 444 155 126 304 394 440 184 318 443 11 317 158 424 64
16 482 12 201 113 137 41 138 411 179 170 282 495 316 296 208 40
11 457 140 260 470 116 265 105 298 95 271 329
7 266 361 254 68 217 166 147
10 111 41 385 157 116 458 61 281 15 85
13 124 314 323 249 275 233 402 460 494 12 224 392 348
11 148 258 472 321 404 276 190 273 88 474 402
12 452 96 77 293 103 184 71 269 268 240 138 22
9 134 179 470 235 108 411 353 165 481
14 106 217 433 118 129 116 62 90 91 377 153 83 238 431
10 37 338 280 128 160 393 306 264 224 337
11 37 179 214 90 440 158 125 317 108 156 104
8 462 328 445 283 135 366 94 272
10 479 283 379 396 5 492 180 382 69 284
13 270 306 326 217 48 305 381 85 191 37 115 218 11
7 384 52 175 5 58 180 67
8 2 32 133 218 56 158 467 88
20 126 499 413 328 354 292 279 330 417 418 346 100 61 252 343 481 1 331 78 336
16 294 106 372 184 164 407 279 119 60 475 241 325 97 166 153 293
13 282 358 225 391 292 64 432 285 69 362 298 236 226
16 395 178 12 351 448 106 100 159 83 13 238 482 3 51 122 22
9 168 421 252 344 24 451 434 32 317
11 214 409 174 126 393 332 29 390 65 308 59
9 212 29 118 73 219 109 265 129 473
8 336 244 3 76 447 324 57 252
14 246 387 346 326 285 152 43 463 454 15 217 18 58 256
12 497 201 426 131 22 274 422 189 368 239 146 220
13 348 13 45 285 17 81 496 388 484 120 9 373 354
9 164 489 338 142 166 394 206 24 194
11 31 114 51 6 253 406 475 110 137 8 59
7 123 328 127 69 337 126 199
11 448 222 68 309 134 208 19 197 213 401 407
9 229 402 320 14 285 310 52 37 42
10 183 144 171 152 23 53 339 182 85 59
8 324 429 197 439 34 338 83 475
8 466 195 179 45 73 270 244 143
9 371 46 458 369 333 30 119 300 372
12 284 18 309 215 238 226 390 252 82 173 418 321
14 196 227 242 59 344 175 74 120 477 213 282 378 484 171
7 65 69 67 329 436 227 72
10 91 171 187 50 458 302 74 178 152 254
10 315 247 471 68 245 87 402 201 397 358
15 300 201 65 259 497 153 2 455 354 195 419 17 117 23 230
8 376 332 117 361 302 64 255 111
8 495 283 325 149 496 361 168 431
9 410 163 405 112 210 397 312 44 396
13 8 260 266 27 445 157 305 237 66 201 186 142 264
11 108 191 353 500 211 497 258 484 482 335 135
9 141 391 381 209 183 259 354 160 208
8 163 105 315 201 112 310 324 188
16 167 263 310 444 304 312 196 76 70 381 121 458 220 50 200 359
8 161 208 85 237 462 68 157 202
14 451 160 235 250 64 366 213 342 272 109 199 379 474 141
12 341 305 323 260 101 256 95 153 254 233 406 402
12 242 33 484 345 144 156 151 277 404 73 142 124
11 154 298 499 475 336 362 164 41 280 379 364
13 152 84 132 292 246 442 403 354 27 83 201 286 31
10 327 39 458 384 13 137 234 34 230 437
8 275 184 181 417 325 340 269 137
16 310 104 237 272 317 167 362 227 381 96 452 298 431 449 371 486
9 168 285 84 251 412 157 104 393 198
13 116 442 335 425 171 193 328 109 57 154 333 480 391
13 204 412 28 247 196 147 212 194 481 197 242 181 390
10 458 335 486 171 191 239 257 386 368 210
12 268 341 383 99 409 318 37 93 293 98 213 241
10 58 357 100 49 241 409 219 106 203 455
15 249 32 398 291 7 134 255 270 305 431 169 139 171 78 96
11 1 89 369 151 103 222 438 108 109 253 211
11 260 345 10 93 331 34 333 339 149 248 97
13 33 486 391 190 362 164 92 247 364 200 91 428 333
18 9 360 340 59 169 494 386 216 170 58 93 471 101 378 439 318 264 225
13 475 153 199 168 403 247 147 188 332 494 381 348 339
12 317 277 438 167 80 162 464 452 255 97 405 495
7 14 317 346 34 233 182 170
11 109 131 155 316 21 377 87 444 321 355 221
7 209 462 84 233 349 297 433
9 144 216 415 155 223 402 66 358 398
7 276 165 244 41 342 142 204
10 216 411 249 17 133 252 311 245 165 65
9 408 35 458 1 298 498 100 192 146
11 173 126 474 93 273 258 402 352 227 484 356
7 219 21 364 437 315 62 274
8 106 109 454 51 26 333 208 159
9 231 350 325 454 80 242 91 179 44
9 29 248 391 418 163 284 472 52 401
7 345 402 467 203 420 263 444
10 198 184 235 258 499 316 48 5 185 486
11 169 318 219 6 392 385 306 164 131 38 427
14 6 245 164 241 476 49 222 304 462 67 218 479 138 341
7 227 407 382 441 75 1 160
8 153 430 178 108 352 332 5 145
9 64 188 298 321 294 130 480 124 176
16 400 118 414 127 51 394 205 206 473 225 237 171 474 202 269 500
8 207 496 461 132 427 101 19 131
8 11 31 452 226 236 346 245 300
9 26 299 309 297 384 482 469 397 222
7 447 497 234 350 394 500 7
10 376 193 432 272 105 152 486 172 10 16
13 405 104 242 7 200 87 162 479 401 179 4 476 236
19 139 74 428 341 471 271 370 328 437 469 257 87 78 467 495 389 353 46 175
14 293 278 240 415 88 196 427 386 486 500 259 27 464 452
7 465 293 166 382 255 324 393
15 424 434 157 137 76 473 405 371 85 343 332 52 260 128 360
9 212 75 245 185 2 47 117 303 280
9 292 482 215 51 467 446 313 8 402
13 252 380 6 292 285 11 83 293 261 52 355 176 130
9 82 202 466 11 302 79 227 143 386
9 72 314 114 134 482 457 147 454 100
13 248 316 186 213 325 150 23 96 294 414 477 105 102
8 251 136 66 457 59 257 158 324
14 311 36 98 270 309 469 317 68 90 140 13 449 326 441
7 276 55 150 305 233 75 198
8 485 379 257 152 407 54 269 445
13 80 358 328 302 51 497 171 5 28 19 46 330 425
7 483 80 265 203 10 135 260
14 468 88 208 294 232 459 361 390 315 422 243 363 157 32
18 421 484 356 163 8 409 465 301 204 492 99 244 57 97 146 233 221 342
12 22 238 165 443 152 77 125 231 321 78 406 28
9 451 236 60 287 108 127 298 275 183
16 389 350 31 6 88 353 316 406 435 351 166 163 475 149 364 302
10 193 234 11 180 307 86 346 420 442 353
10 290 242 190 384 488 495 23 75 261 262
13 154 288 314 174 423 64 354 434 215 479 489 293 5
12 25 75 222 332 303 494 223 47 451 10 112 493
11 156 32 125 28 346 178 358 428 478 443 449
11 486 131 469 211 195 316 393 419 311 285 94
16 436 387 75 473 139 270 2 101 379 39 142 486 449 423 327 428
12 321 83 27 373 226 497 248 392 24 76 348 438
9 477 206 238 159 66 150 421 360 297
13 147 483 169 444 368 3 455 349 172 434 310 238 160
7 98 184 161 6 119 25 232
12 270 300 221 416 453 86 431 48 32 351 352 286
16 108 206 340 303 48 21 115 34 258 308 260 393 214 322 61 222
11 83 47 422 412 8 246 383 500 407 424 117
7 78 485 340 475 363 476 119
9 269 397 476 414 363 122 410 434 185
10 495 486 40 55 8 289 126 351 158 272
13 492 416 138 93 480 208 219 210 140 49 499 485 35
15 303 101 170 159 110 489 154 219 343 370 402 144 106 376 127
10 270 460 453 205 185 245 478 356 369 86
16 464 316 209 144 240 466 447 307 157 26 182 211 457 90 249 121
13 215 225 386 337 444 122 369 16 203 109 108 454 443
7 204 328 346 154 475 251 108
13 404 307 66 192 296 500 349 319 191 440 315 410 413
12 423 376 320 342 177 21 378 395 203 61 497 252
9 486 468 74 103 167 436 279 153 253
10 179 196 286 474 172 57 446 165 415 99
14 414 23 433 364 313 476 44 462 60 311 82 301 201 378
15 240 257 420 237 72 426 42 477 95 7 80 394 358 249 486
9 101 358 466 280 290 20 76 244 224
19 346 213 147 461 155 496 424 462 438 420 215 391 20 228 98 122 407 383 291
9 327 268 380 362 338 396 155 335 408
10 92 362 198 41 52 419 476 479 12 307
7 266 354 293 434 16 79 432
11 496 401 484 417 240 84 307 125 474 247 41
11 498 396 57 324 42 403 43 190 85 451 390
14 296 241 102 113 469 60 262 349 490 276 185 407 414 156
8 256 228 159 462 83 347 6 313
10 116 113 289 318 233 321 127 304 168 272
7 266 174 182 401 476 228 113
13 419 436 239 119 312 130 446 208 48 315 187 61 317
8 348 307 405 466 437 426 202 80
14 177 188 221 369 434 184 499 344 378 432 155 285 209 149
11 265 273 355 158 274 206 12 308 303 213 182
9 494 25 484 128 199 52 126 481 275
16 189 196 409 377 285 414 359 307 376 283 310 272 418 428 275 176
12 165 52 85 71 339 178 77 482 289 189 120 474
10 324 65 152 57 456 212 135 216 191 401
7 20 237 32 437 46 95 87
13 306 35 452 318 395 163 160 405 382 305 79 92 104
8 259 97 94 158 247 456 310 474
12 339 468 19 307 420 371 134 152 241 136 90 292
11 29 257 455 323 316 37 402 237 335 187 76
16 494 199 191 353 149 279 195 282 78 14 301 355 410 173 437 220
11 118 12 154 225 388 291 378 29 278 120 306
12 43 98 236 437 412 392 15 2 145 323 103 230
9 266 397 232 355 184 145 361 126 439
11 38 112 161 99 230 128 440 311 12 120 439
8 262 331 106 345 385 343 93 144
20 410 190 232 153 481 328 206 165 254 249 32 36 371 102 251 45 486 167 267 446
11 306 467 320 173 385 459 447 279 310 80 137
14 322 161 372 129 163 371 171 470 2 6 388 445 200 254
13 428 281 46 408 141 221 415 441 259 163 368 363 222
10 461 36 245 144 285 318 439 167 423 470
11 14 151 31 209 41 446 299 465 408 9 77
10 300 177 191 297 301 199 217 307 362 465
7 15 329 42 255 181 458 366
13 440 383 156 10 321 139 360 441 124 238 210 111 394
15 265 219 136 56 308 303 400 103 325 30 450 395 163 243 160
13 344 33 172 109 445 412 322 154 26 308 446 141 469
7 413 485 56 82 257 495 8
8 172 319 117 249 104 457 375 113
14 128 337 288 12 170 178 85 235 42 216 250 467 256 431
14 467 390 306 388 252 436 51 10 409 474 361 399 110 66
8 281 429 171 430 43 416 103 161
11 252 379 350 390 208 378 454 484 309 113 425
11 379 102 453 401 60 171 425 427 263 88 280
17 99 266 488 335 90 240 158 226 100 6 449 116 254 347 480 261 496
13 45 400 355 344 442 398 127 481 149 50 215 8 119
8 462 59 70 316 140 487 150 415
11 99 58 224 337 103 403 493 454 324 124 139
10 313 324 63 452 300 22 204 14 423 291
7 331 326 73 121 198 260 152
9 424 119 333 135 1 257 328 99 214
10 124 400 21 97 184 8 131 170 452 259
7 190 494 268 34 249 81 499
8 216 202 76 336 311 338 391 88
14 7 31 500 40 87 400 205 374 59 349 91 484 338 97
15 94 458 184 431 444 358 42 250 112 454 451 368 178 463 263
8 135 37 19 136 477 223 244 326
8 419 49 290 60 25 59 394 175
9 490 94 444 295 474 227 306 116 319
10 357 471 19 403 443 424 462 219 87 391
13 453 184 160 333 268 112 9 294 435 20 310 10 48
7 173 13 46 243 92 204 113
8 358 274 157 222 216 496 124 53
12 141 339 342 264 301 181 420 205 169 27 289 242
13 389 329 130 489 151 316 90 380 117 288 19 466 212
7 299 242 385 220 59 255 41
17 282 464 118 462 317 195 476 254 396 362 450 136 220 65 79 96 463
13 136 1 439 286 466 67 174 337 5 353 394 63 38
15 371 121 480 256 122 286 272 219 56 416 437 45 403 271 466
9 396 310 45 454 483 328 39 18 66
12 119 69 297 328 434 195 448 96 77 16 122 59
9 116 227 196 271 147 481 64 425 340
12 180 200 488 417 351 395 78 232 103 230 233 443
7 114 475 413 369 62 29 2
14 298 31 406 34 95 467 129 102 228 13 10 155 317 61
8 220 452 152 328 423 48 170 111
11 324 49 267 10 7 190 8 61 196 485 296
10 1 70 374 444 76 218 215 335 402 310
10 420 102 183 444 282 258 342 235 111 487
8 214 101 452 250 458 392 305 453
7 176 308 190 435 100 170 187
7 448 62 273 180 181 390 459
12 156 153 372 25 26 259 380 63 345 36 328 69
14 491 87 485 350 131 167 432 475 250 85 434 352 48 449
13 184 441 415 321 41 217 339 194 202 344 35 37 375
10 461 302 32 25 367 284 221 228 144 91
7 269 344 191 342 446 22 453
17 351 113 27 223 450 204 494 313 497 126 251 427 456 396 464 443 114
14 168 444 355 267 345 363 133 195 377 466 362 414 274 465
11 354 267 372 334 319 258 84 302 144 427 78
9 220 466 462 294 312 303 361 282 188
15 79 176 46 279 474 132 183 281 44 24 479 489 8 450 319
13 155 149 274 182 215 126 166 480 88 276 333 471 270
11 317 7 260 442 326 44 385 277 155 27 198
9 415 148 59 150 99 496 229 49 28
11 128 208 196 195 352 249 463 451 404 58 202
7 2 167 137 264 21 313 178
7 344 347 24 192 58 457 149
12 328 33 434 373 426 153 366 294 135 232 187 337
12 94 140 461 107 446 306 98 8 160 479 353 444
11 457 60 166 459 95 450 206 494 468 259 349
10 426 241 114 209 292 491 301 416 29 80
10 320 457 480 77 428 85 405 143 96 408
14 381 85 190 66 257 423 4 470 40 261 415 453 97 388
13 38 59 27 55 141 265 330 358 428 195 13 143 261
11 389 149 361 94 490 342 42 3 479 368 439
16 296 271 452 58 189 303 181 248 315 332 440 71 69 39 367 124
8 137 457 413 266 18 197 220 231
12 457 190 315 202 292 66 497 267 245 108 228 300
9 219 464 455 221 288 171 246 357 449
9 355 19 296 478 308 424 107 98 170
11 446 205 267 140 297 228 483 328 93 87 162
12 37 328 282 407 36 108 141 167 76 19 406 257
13 102 453 24 281 108 310 85 131 231 402 462 492 147
16 114 243 333 262 30 174 184 149 258 94 450 126 443 335 378 14
13 107 20 499 288 119 37 207 254 86 383 76 77 131
12 265 435 444 395 201 440 125 92 22 180 32 202
11 244 131 445 181 456 216 333 239 484 111 254
12 242 157 400 364 341 274 40 165 254 45 93 404
10 195 139 166 452 132 458 324 470 496 57
13 361 236 165 405 409 495 427 453 334 282 257 200 356
8 84 301 79 361 341 370 299 139
12 193 153 106 252 468 258 268 353 188 410 261 221
11 437 494 61 145 486 12 430 95 413 270 162
13 248 342 421 251 458 136 497 253 35 367 43 370 34
11 360 191 131 169 54 415 183 458 324 1 140
7 3 356 493 278 464 200 485
13 156 270 285 470 202 286 427 465 60 47 240 41 188
8 375 108 431 17 275 313 100 315
12 351 37 349 304 469 108 259 242 295 32 399 101
12 73 466 248 105 475 441 62 195 26 172 433 149
7 158 128 423 172 14 272 58
11 352 82 334 336 488 45 207 458 323 75 354
10 82 140 227 363 95 185 456 143 128 174
7 316 426 295 156 168 222 170
9 152 77 376 145 301 219 43 378 121
10 164 86 460 17 16 204 157 59 47 310
10 273 400 283 256 298 406 258 304 432 137
7 145 60 366 298 494 323 30
10 428 76 46 209 291 187 67 348 498 217
8 16 297 108 141 454 19 233 391
13 190 487 416 286 236 132 165 266 184 149 409 47 152
15 195 338 62 218 219 126 393 167 260 179 436 180 334 468 310
9 416 183 198 81 231 323 423 187 96
17 143 431 68 452 113 42 19 451 257 74 406 52 49 217 5 467 149
10 239 133 418 427 434 274 496 287 429 235
11 206 383 494 243 496 341 482 186 271 142 484
11 414 259 45 238 98 60 461 299 201 453 63
9 496 282 192 119 346 242 488 121 256
12 335 103 333 312 500 374 181 99 106 22 298 98
10 431 147 122 490 298 67 485 472 37 237
13 448 338 413 107 348 73 486 266 221 104 223 68 214
10 56 206 250 497 428 79 411 74 302 263
9 420 339 127 1 275 426 98 81 112
13 179 209 362 170 54 190 206 19 339 361 322 395 331
12 38 139 297 133 150 264 489 204 409 346 412 425
14 339 282 158 40 9 271 448 367 38 128 373 248 332 36
9 124 166 350 24 217 161 107 317 82
10 294 166 297 299 282 495 278 32 445 367
9 228 221 86 271 346 338 246 359 8
9 29 355 86 375 64 419 39 115 391
10 282 69 53 48 408 140 374 170 379 469
10 484 450 424 173 208 344 204 432 299 407
10 5 57 418 273 76 281 169 450 53 453
9 160 128 404 425 306 349 481 9 196
20 272 293 215 211 30 233 3 92 440 154 145 228 409 243 484 307 246 250 411 213
11 101 41 338 376 142 3 31 120 198 357 140
13 132 179 108 54 110 341 422 143 385 301 233 277 27
8 263 248 27 152 388 358 474 451
12 8 171 461 317 71 67 159 276 189 224 57 447
8 288 291 190 389 468 460 162 22
14 274 436 389 430 397 356 12 145 457 412 120 424 124 162
12 371 386 221 243 432 75 178 236 32 267 441 420
12 356 248 182 191 64 392 455 256 394 189 304 288
9 65 114 292 483 73 275 265 63 447
21 331 92 295 291 363 356 484 67 444 222 371 197 493 435 264 174 327 230 183 350 191
7 352 325 98 157 172 130 194
11 120 405 310 380 96 125 257 341 73 28 292
9 404 163 402 244 380 218 212 76 73
8 444 454 499 471 100 289 53 334
10 10 66 235 343 202 384 392 364 162 429
13 88 482 286 442 9 91 447 247 397 346 124 330 48
13 420 336 157 454 238 400 467 354 183 345 174 393 290
8 46 256 266 319 475 85 155 376
8 414 463 159 62 301 121 458 237
7 135 307 453 239 312 381 88
12 461 1 174 307 363 494 403 335 387 458 288 474
11 474 447 216 438 177 288 375 440 328 59 347
8 237 218 79 291 147 482 179 267
13 198 2 389 194 398 314 144 411 121 243 228 109 42
10 112 475 52 431 384 428 255 44 242 11
10 228 155 57 24 136 493 128 104 227 20
11 90 434 421 221 458 24 470 314 230 282 114
17 483 456 63 138 48 104 190 144 128 225 134 402 54 270 263 121 80
17 110 161 117 216 200 106 74 448 176 487 469 307 89 247 298 473 449
10 174 128 223 35 161 164 74 98 102 437
10 216 413 273 287 133 295 400 20 305 90
12 255 154 422 147 77 288 498 97 424 448 257 356
7 133 437 188 368 72 407 249
8 481 446 85 350 431 404 356 457
14 13 311 64 56 423 455 287 41 255 335 281 483 3 291
9 348 221 341 289 361 336 443 5 263
10 485 153 460 190 71 362 402 137 229 480
11 37 280 359 11 463 125 487 475 399 442 312
16 371 126 417 238 89 272 352 242 301 458 387 385 175 103 466 484
8 454 182 451 12 82 147 7 206
11 155 361 313 205 440 244 453 150 217 433 443
8 429 19 407 82 264 199 478 317
10 261 20 12 277 49 89 214 366 471 243
13 34 300 420 436 268 17 81 197 344 89 499 169 248
11 161 71 135 216 194 470 273 241 222 431 463
14 151 313 419 120 341 319 253 281 332 372 314 432 186 326
10 85 478 308 181 472 272 98 488 63 366
11 16 80 471 185 446 410 178 140 482 86 42
13 1 185 49 339 414 251 366 429 437 500 492 285 77
11 93 155 91 30 375 204 117 126 148 247 307
7 93 85 96 469 407 240 50
9 358 190 138 148 404 303 207 449 367
11 117 187 184 158 44 475 200 450 19 103 481
12 51 454 280 252 191 287 46 298 13 285 15 444
14 308 88 433 495 332 261 188 357 326 416 150 67 14 165
10 248 89 428 65 154 115 377 146 455 142
12 219 385 309 7 307 11 181 63 384 64 13 99
10 157 112 77 135 152 193 325 178 2 471
10 392 106 58 469 139 125 266 166 131 133
7 183 397 108 198 125 184 424
10 19 433 173 4 230 463 424 453 365 154
14 364 121 283 4 289 106 105 395 94 273 130 133 500 134
15 460 21 433 315 170 281 367 163 427 324 58 46 332 429 349
17 412 26 70 483 66 487 22 173 286 169 319 403 158 490 59 270 149
9 499 309 9 365 239 33 357 14 200
12 387 325 430 386 94 43 208 231 362 160 80 181
11 84 95 241 228 401 142 113 96 172 183 227
17 465 170 492 98 96 369 23 107 128 291 388 364 171 70 327 240 110
8 313 113 151 131 94 464 76 236
11 357 207 54 91 364 316 61 458 320 375 496
9 119 144 260 293 231 205 130 70 223
11 336 279 487 162 447 155 459 75 281 33 408
8 457 2 228 421 294 151 88 54
11 410 315 455 447 307 275 483 463 179 365 268
10 131 88 5 144 353 181 478 343 267 49
9 34 374 248 364 200 292 450 335 261
7 57 202 445 258 250 135 434
12 172 238 171 121 122 396 34 320 266 333 181 288
10 217 478 287 88 78 74 406 47 355 193
16 322 125 346 189 207 139 451 364 85 35 430 370 51 11 24 41
9 10 292 35 483 171 77 80 234 109
12 466 452 460 194 494 66 343 11 239 417 55 341
7 344 377 32 379 402 131 42
20 8 232 499 45 168 286 274 312 440 183 345 84 394 295 361 201 391 163 196 159
7 390 479 69 471 83 130 175
10 417 242 250 379 339 43 491 55 86 40
10 152 481 476 449 158 330 487 75 106 13
7 106 5 326 90 86 98 472
16 94 119 225 77 261 182 38 12 425 135 145 196 228 48 116 3
10 215 103 401 412 434 293 165 168 467 100
16 289 499 256 316 439 378 450 76 297 386 85 86 37 68 407 480
11 219 216 492 493 449 110 315 412 242 122 481
9 41 335 338 29 105 108 100 98 339
12 40 401 68 493 127 424 391 406 216 355 142 386
9 322 41 191 483 266 86 3 443 205
12 490 361 125 169 331 278 301 7 422 292 65 108
13 76 273 233 337 329 129 379 320 7 20 330 96 242
14 128 386 61 3 60 309 423 286 138 43 348 193 461 246
8 325 148 86 250 172 425 1 68
8 173 276 194 45 55 483 299 447
9 25 75 100 203 78 274 461 483 266
13 113 192 473 444 429 63 494 410 62 163 424 389 17
9 275 346 70 115 296 405 52 425 32
14 413 347 335 137 439 16 22 464 317 26 434 79 405 397
9 266 192 11 23 71 431 200 17 22
12 416 396 334 201 265 417 497 208 226 400 25 331
7 336 25 138 368 99 286 261
10 401 223 381 321 391 491 271 103 431 318
10 396 338 499 270 59 484 140 224 250 345
14 439 21 157 291 494 426 5 499 279 226 388 477 491 6
11 169 315 442 74 450 444 189 230 367 44 198
9 332 465 66 444 74 112 486 308 200
9 415 4 101 226 6 286 130 479 217
10 212 471 491 445 340 363 292 230 75 92
8 356 428 243 473 102 377 373 313
13 455 268 14 458 448 191 316 382 289 340 186 23 104
10 333 152 272 209 430 310 500 336 42 215
8 408 89 247 451 324 28 497 425
12 83 378 315 137 179 417 85 308 195 291 388 9
7 482 261 484 306 34 151 126
11 439 4 311 287 100 81 1 93 267 236 489
12 492 454 100 215 465 131 66 8 452 70 389 122
10 456 476 344 499 249 332 70 198 480 230
10 373 147 219 83 30 84 239 59 474 431
8 309 6 288 344 261 4 302 323
9 72 462 105 166 492 206 21 184 258
14 284 233 209 75 360 247 366 244 367 226 40 314 276 105
9 411 447 112 460 450 163 14 476 97
9 379 440 14 335 497 476 131 91 438
11 409 206 338 35 394 488 80 489 245 36 417
10 397 412 59 20 40 194 252 191 193 364
8 389 234 83 293 310 312 176 455
8 443 14 16 81 331 490 444 376
15 491 56 460 451 335 99 297 383 500 106 304 279 47 226 467
9 34 327 234 155 192 189 444 142 136
12 432 115 377 111 346 21 72 66 324 75 98 12
8 30 17 291 71 179 485 97 338
10 427 251 15 376 299 76 93 228 425 345
14 291 496 211 170 267 440 25 200 299 4 166 399 495 140
9 33 202 180 405 280 116 135 230 383
10 410 302 452 94 417 440 64 77 1 329
9 124 305 324 475 205 353 294 163 58
14 155 467 54 180 232 464 198 410 412 437 107 45 368 468
10 361 86 476 416 251 301 402 199 432 62
12 309 282 486 129 326 123 407 145 139 449 392 382
15 272 462 37 163 308 180 296 4 430 145 393 324 347 73 154
10 362 198 346 302 255 320 32 195 241 363
9 343 189 61 1 415 413 22 172 137
10 480 323 27 384 380 247 416 327 158 242
10 246 381 87 487 211 127 151 250 299 22
11 350 371 406 197 474 184 91 41 252 97 400
7 219 453 72 200 336 168 339
11 293 381 258 180 260 245 411 178 436 379 314
11 193 261 156 259 280 58 238 476 114 4 96
9 72 39 233 43 68 56 118 193 11
14 338 123 483 193 286 58 119 78 93 320 203 188 290 178
15 82 337 52 78 415 143 19 296 75 163 316 377 37 81 342
9 364 385 215 248 76 101 86 262 94
11 209 477 15 26 465 264 85 72 319 94 424
7 304 76 376 183 155 110 254
16 298 324 309 330 494 452 1 459 326 370 239 441 447 445 226 392
7 66 233 209 339 437 473 128
13 270 105 212 4 54 234 230 421 492 271 133 213 367
7 459 20 18 39 494 267 500
7 51 11 17 448 244 195 446
10 167 149 281 183 422 318 293 186 358 476
16 357 413 220 120 48 369 113 442 266 470 291 26 364 407 198 343
10 314 444 193 216 184 278 303 434 187 399
14 176 78 164 188 248 387 486 384 339 297 497 296 432 348
8 368 224 69 17 106 401 271 425
10 387 298 226 401 100 468 15 494 423 104
15 229 76 227 357 429 209 316 264 90 280 262 256 29 56 470
14 361 491 262 315 249 80 246 222 193 186 455 374 285 435
13 128 30 169 489 406 67 277 341 363 367 254 352 11
8 140 470 66 427 258 120 27 472
7 141 106 425 344 56 128 182
12 5 66 79 111 465 58 399 191 449 197 341 167
10 143 461 473 409 63 165 233 95 55 408
9 90 385 142 222 408 130 470 458 182
9 244 260 486 105 203 180 196 335 7
13 252 33 403 361 289 233 438 401 92 148 146 369 221
12 491 244 9 357 430 35 182 447 46 354 184 232
8 83 195 159 4 442 295 184 435
8 79 422 405 204 93 30 401 20
8 5 182 420 192 242 74 400 425
9 141 164 29 251 387 16 482 253 74
11 380 498 316 48 471 157 397 185 9 409 302
8 10 467 311 287 210 276 480 5
10 350 138 152 323 377 109 402 425 116 424
16 102 482 442 477 261 127 12 314 173 426 135 88 156 352 480 26
8 248 242 262 327 442 51 222 59
15 193 206 399 26 211 134 146 56 244 224 253 108 414 74 451
12 8 105 286 280 379 421 152 11 498 435 215 405
18 293 150 177 73 222 406 18 90 195 312 188 308 67 474 470 204 44 93
11 77 499 169 324 277 374 133 192 29 121 273
9 408 240 33 360 379 403 442 90 59
9 319 267 87 470 327 30 287 263 85
12 431 43 481 15 185 397 466 107 487 121 56 178
11 437 110 191 440 353 40 436 323 155 320 364
10 269 357 241 200 467 128 217 399 286 301
11 424 400 83 20 48 217 80 141 269 257 130
15 282 235 416 283 38 482 427 335 30 344 146 274 384 441 432
15 477 422 350 410 289 324 10 478 144 98 86 155 77 246 440
13 495 405 431 289 454 53 290 5 151 263 301 392 69
14 393 261 174 222 312 485 10 429 466 166 241 19 197 346
16 385 427 330 120 161 252 153 181 202 338 238 58 382 222 340 221
8 444 52 351 352 344 479 259 419
16 33 37 332 51 412 471 28 439 133 244 127 240 139 140 342 29
10 241 77 479 455 409 34 289 180 478 243
13 304 190 164 322 416 205 328 353 33 235 127 320 221
7 313 372 222 256 403 297 147
11 405 119 333 194 440 474 282 36 428 327 158
10 284 12 141 222 122 112 99 175 496 430
12 172 27 186 381 259 24 244 288 265 390 236 414
15 308 407 242 124 109 321 130 362 17 34 41 470 296 392 207
9 394 108 29 152 485 452 128 462 66
10 382 154 446 293 476 56 51 322 96 85
7 127 190 406 259 63 156 131
8 300 53 301 410 168 246 175 404
9 175 225 160 463 238 348 188 151 24
