50 20 2
6 14 1 2 6 16 20
8 16 12 15 17 18 14 1 19
5 19 9 8 10 13
7 7 15 14 10 17 18 12
4 2 7 13 9
8 16 19 20 8 1 5 6 9
6 17 9 4 8 13 5
6 10 19 11 18 17 15
6 7 8 3 5 14 15
6 13 6 14 11 18 19
5 4 19 16 20 12
5 11 2 13 10 8
5 5 10 19 9 7
4 7 13 17 14
8 13 5 3 12 9 17 4 6
8 18 11 1 15 13 6 19 2
5 9 1 19 10 11
5 3 4 7 9 6
4 18 17 15 13
5 4 20 16 8 6
4 18 10 15 17
6 3 17 14 16 13 20
5 9 20 5 18 7
6 10 14 8 5 3 19
7 13 15 6 14 3 12 2
5 7 2 4 1 19
6 8 2 1 5 13 6
6 16 10 18 9 15 11
7 3 9 18 13 2 15 1
4 8 7 2 4
6 15 17 4 8 7 18
8 13 15 17 14 18 12 7 10
7 4 10 18 19 6 16 17
6 18 9 6 2 14 11
6 15 5 20 6 3 17
7 9 18 2 6 16 15 13
7 7 20 2 18 4 16 14
6 4 9 8 14 1 10
4 6 4 7 20
5 16 19 2 12 10
5 12 9 2 7 10
6 16 14 4 3 18 13
7 17 7 13 19 4 11 9
4 1 14 11 20
5 17 11 3 5 1
7 5 4 8 18 20 3 16
7 16 2 7 5 18 12 19
7 15 3 6 10 14 1 19
5 11 10 17 19 7
6 1 6 13 11 17 8
