500 350 4
13 283 269 91 170 147 77 237 184 285 342 165 281 190
14 106 309 333 289 13 186 227 38 299 31 168 9 209 192
13 267 201 113 321 41 95 198 341 230 276 83 49 329
7 107 233 5 48 277 325 342
11 77 290 227 233 257 268 335 252 185 138 201
7 114 280 157 275 329 78 225
9 143 79 131 167 205 260 42 271 29
7 39 135 200 66 267 323 134
7 292 255 39 332 139 159 26
11 161 130 70 109 219 316 215 121 297 48 270
9 246 211 340 67 313 69 294 23 57
9 36 310 241 287 149 125 200 182 140
12 260 188 272 17 226 253 128 237 229 346 283 2
8 305 339 30 128 29 105 148 342
9 147 297 304 223 306 155 92 211 332
7 79 8 271 78 212 141 34
10 295 276 303 267 319 35 258 45 341 34
10 201 66 146 84 171 122 48 136 149 192
13 236 53 318 238 276 151 200 301 5 48 109 219 344
9 279 272 263 340 333 116 65 296 233
11 258 239 111 342 295 56 254 206 339 265 241
8 99 256 132 230 138 346 235 345
8 86 283 174 42 295 307 145 35
9 297 30 96 55 247 327 311 230 120
14 214 83 111 31 211 107 199 126 190 206 254 258 318 105
6 60 108 234 47 109 301
9 301 113 147 192 60 300 201 249 160
10 244 50 337 138 313 333 310 56 220 241
16 296 225 273 104 49 178 29 38 72 16 37 22 152 77 183 2
6 153 292 312 5 197 70
11 327 231 34 25 252 313 199 87 278 119 35
12 268 308 271 311 5 20 314 249 19 273 345 24
9 135 12 120 258 200 293 183 347 46
10 15 192 96 217 255 241 177 331 188 220
7 52 37 123 192 127 122 248
20 25 272 182 82 294 28 312 142 92 298 147 342 20 164 33 335 250 350 129 83
6 350 163 188 342 47 33
11 124 226 218 98 277 116 42 196 278 88 295
9 36 17 62 221 8 228 186 257 47
8 14 320 80 285 7 55 84 39
11 42 156 341 110 270 245 309 40 198 35 207
13 253 207 88 128 279 129 45 146 138 125 277 158 121
12 129 144 87 23 58 277 311 161 235 68 54 206
8 303 47 129 196 215 213 342 170
10 126 259 79 91 136 310 303 211 266 87
6 255 52 64 214 136 43
12 286 36 153 326 19 91 137 282 206 47 292 46
12 284 231 150 184 115 288 161 249 251 264 308 43
8 106 224 306 3 232 22 100 291
7 219 226 216 139 320 347 17
11 246 95 132 42 49 281 20 316 202 326 119
11 271 311 321 29 245 14 77 278 191 63 328
9 65 82 218 101 130 171 230 261 146
7 56 122 27 32 300 251 324
8 144 240 154 307 65 114 280 127
10 72 185 29 233 214 299 21 54 25 243
8 284 177 103 35 279 77 167 222
10 217 285 10 77 184 45 29 159 267 332
7 149 275 287 5 35 194 3
15 19 175 276 209 259 81 208 129 165 28 332 247 106 190 266
8 80 46 250 86 71 142 137 319
9 163 275 337 218 181 224 311 194 77
7 327 98 252 289 323 132 286
6 78 16 95 43 38 77
8 260 131 41 112 26 25 194 86
7 214 158 280 310 173 27 197
10 14 57 74 10 88 220 135 11 185 112
11 271 47 139 170 107 235 298 245 175 160 208
9 83 84 265 322 256 226 85 133 182
9 199 155 306 169 285 319 346 178 119
8 51 100 20 224 311 55 115 21
12 257 127 199 308 201 20 61 240 307 341 349 319
8 163 6 332 311 191 244 139 282
12 46 141 161 25 199 350 154 78 181 11 19 90
11 99 103 68 147 16 95 142 92 130 344 75
11 228 142 69 135 238 263 105 145 44 231 114
10 76 3 315 122 171 233 190 326 247 130
10 89 80 166 115 273 168 19 284 341 303
14 170 225 214 139 350 82 7 182 3 56 40 246 194 32
8 185 229 15 70 117 35 11 196
8 240 192 201 72 144 155 147 57
10 319 248 339 30 257 246 117 164 111 185
10 273 254 303 219 344 25 285 203 6 131
8 293 156 183 230 9 129 255 324
8 289 46 339 111 207 235 287 184
12 32 139 187 198 336 81 71 179 203 243 213 217
12 197 328 124 153 4 60 18 63 302 9 102 297
12 1 109 241 163 147 144 40 223 38 261 65 104
8 75 174 338 290 332 119 161 298
13 327 283 242 200 150 54 278 207 311 38 305 112 212
11 210 225 348 316 109 283 197 163 344 324 46
8 334 227 329 342 126 63 281 289
13 199 135 259 329 139 188 111 70 165 9 161 292 147
10 206 272 52 100 22 53 204 322 291 305
8 67 51 50 6 180 133 120 200
8 118 74 266 49 94 170 138 156
10 66 276 295 341 94 114 153 270 247 167
9 287 253 64 47 274 338 261 317 31
10 334 150 53 137 213 26 335 348 300 24
10 113 240 91 177 88 96 235 143 234 253
13 157 12 219 247 106 167 178 97 333 227 349 94 117
9 170 117 129 72 288 241 74 20 189
9 41 280 254 221 3 93 65 196 188
10 277 223 184 262 86 238 286 82 144 171
7 87 209 299 84 71 97 346
17 136 82 232 309 185 227 305 295 8 57 297 81 316 258 33 83 72
7 164 127 275 33 240 53 262
8 233 239 178 253 281 128 288 34
11 345 293 275 160 168 2 329 272 316 205 235
8 188 310 334 183 196 247 249 286
8 24 255 335 58 250 147 221 245
6 316 264 331 95 90 36
6 142 4 184 40 67 235
6 297 204 172 318 41 163
7 108 2 245 103 228 126 213
6 344 100 218 286 332 4
8 291 329 331 274 163 134 182 90
7 238 99 50 188 167 270 257
7 325 97 280 147 39 158 69
9 264 310 209 265 233 230 170 47 90
11 17 68 29 9 111 170 308 208 152 288 44
8 77 82 295 305 130 228 292 288
6 230 107 35 113 350 289
8 118 289 280 129 126 65 209 259
14 278 39 328 160 179 234 208 75 3 64 232 185 285 343
10 263 320 310 157 249 2 56 24 170 188
13 161 208 71 196 103 205 120 182 174 238 118 228 8
7 307 8 258 110 284 209 13
6 10 315 327 6 235 207
6 80 195 311 102 322 3
10 192 115 28 219 200 9 116 264 156 336
6 326 253 6 16 2 57
8 281 256 151 126 1 155 288 196
13 96 48 204 162 80 149 158 297 101 202 266 181 274
11 140 246 303 13 69 96 129 250 296 153 122
9 174 34 18 29 76 244 277 118 60
6 223 225 226 247 26 114
9 144 243 97 30 199 19 171 240 230
8 91 10 198 169 311 68 65 222
8 101 175 241 224 306 124 108 128
11 125 88 126 332 256 322 237 68 338 23 113
7 314 206 20 97 207 282 262
11 117 136 267 38 275 161 12 164 303 253 322
7 299 331 57 166 74 145 111
7 314 81 55 21 344 254 149
7 1 289 53 58 130 213 279
9 209 302 27 263 219 151 86 54 194
11 308 190 227 15 311 175 268 124 94 202 318
7 230 256 301 224 303 199 83
9 48 350 17 296 286 215 176 13 91
11 68 10 243 33 54 42 258 79 114 198 135
7 350 146 176 105 49 22 245
6 313 211 162 69 144 301
6 220 291 30 241 257 141
10 158 282 94 319 96 162 230 196 330 37
8 326 282 298 95 189 309 270 206
9 231 71 276 185 158 138 212 103 124
15 180 49 72 310 161 245 145 67 127 146 147 5 83 124 341
12 260 278 285 299 188 223 339 316 222 110 242 318
17 296 226 335 201 347 165 228 194 28 324 19 92 14 259 198 131 268
6 190 208 157 152 59 183
13 45 329 286 321 157 106 246 236 107 243 205 313 75
8 231 333 289 190 184 303 218 92
6 10 284 347 300 155 232
13 58 221 38 296 236 298 231 76 105 46 39 93 320
7 37 163 330 176 99 286 95
9 316 280 257 14 144 131 18 27 193
9 285 254 158 345 261 134 268 286 168
7 226 189 238 12 312 67 63
12 177 238 306 248 319 205 32 10 146 261 85 105
8 91 279 16 243 101 22 329 58
16 8 203 53 49 251 92 31 20 200 313 107 90 33 80 61 190
7 342 187 270 149 128 63 35
13 147 59 35 200 276 159 66 201 131 315 97 24 102
9 337 205 301 279 251 57 241 264 46
9 7 264 181 260 339 47 187 237 5
8 187 260 342 249 113 292 252 261
10 172 322 290 106 15 28 210 123 24 128
11 324 316 181 132 209 292 201 299 228 165 313
10 40 177 21 329 165 346 174 204 222 110
14 206 98 169 178 256 298 165 221 338 132 71 138 208 4
9 318 19 202 316 115 219 231 226 217
10 60 311 336 87 241 316 246 225 350 96
15 299 119 233 319 24 314 275 17 63 345 276 173 295 126 74
8 136 19 140 324 171 167 134 311
7 180 261 82 275 216 202 174
11 298 58 31 177 290 24 319 197 171 183 131
6 201 93 119 172 23 252
6 346 123 295 304 207 119
10 311 342 212 171 272 193 183 343 208 323
8 320 93 205 14 302 183 199 200
10 350 174 78 319 28 19 158 314 162 224
10 172 183 64 260 215 29 104 243 202 67
6 316 141 350 30 104 284
6 155 274 16 107 55 221
7 219 9 276 100 54 316 82
6 242 130 198 283 67 341
6 202 195 242 96 87 264
9 34 30 305 126 48 331 15 270 256
8 92 57 171 126 42 244 333 330
7 223 341 184 120 291 217 159
10 139 316 334 65 91 241 320 296 236 153
6 336 222 270 250 100 348
18 169 95 307 13 291 103 52 8 144 315 25 91 136 256 151 137 201 243
7 7 108 159 161 187 311 183
10 68 85 120 210 281 245 183 146 195 7
11 167 124 311 168 328 336 85 61 275 304 143
9 127 283 233 307 280 251 212 97 151
7 90 324 57 309 43 216 323
6 265 240 245 138 146 76
12 179 200 275 161 130 313 350 105 346 43 7 56
13 197 28 82 305 150 21 304 231 260 44 238 190 29
14 69 190 107 261 180 232 284 98 177 335 196 309 218 130
8 163 204 94 345 342 58 96 264
6 82 134 76 132 103 261
8 123 129 323 337 101 281 330 314
8 78 200 305 337 162 122 101 130
8 115 6 299 216 133 179 30 261
11 94 39 305 201 334 208 92 159 230 69 88
10 315 66 179 202 84 181 76 101 236 49
8 333 75 281 104 161 239 144 63
6 254 211 89 280 168 301
7 195 333 21 210 14 131 114
11 285 48 243 50 159 80 167 323 332 203 32
7 109 40 264 165 74 319 44
10 233 153 224 166 143 168 97 308 142 10
6 302 193 97 279 234 331
11 299 155 180 309 346 52 233 306 84 235 251
6 89 73 30 27 140 298
6 272 18 278 20 22 131
8 65 81 148 284 79 285 303 263
12 333 106 22 183 56 28 41 84 340 17 44 156
11 207 210 217 349 29 75 330 209 24 175 298
9 234 321 50 162 256 153 87 275 238
8 213 86 175 232 19 167 151 305
8 214 7 248 32 304 128 37 302
11 336 3 204 124 171 147 298 196 280 144 230
12 99 262 222 152 239 257 318 106 131 201 5 159
10 229 206 238 225 119 105 279 58 130 315
8 251 37 308 232 212 116 117 231
9 300 272 249 148 116 125 237 62 182
6 279 45 328 114 112 168
10 177 15 311 33 133 297 59 25 249 347
8 290 231 149 341 218 157 321 177
10 217 170 117 12 224 138 127 297 52 208
6 318 312 169 292 321 36
15 16 298 245 181 327 203 125 254 223 138 218 219 296 62 68
14 45 256 96 332 204 257 146 137 270 305 56 76 172 325
6 74 313 222 282 9 285
8 117 138 296 294 118 89 222 109
16 343 87 228 136 128 177 233 53 323 189 110 253 265 210 143 57
11 213 129 325 128 113 117 75 238 71 165 157
8 150 85 195 333 177 179 270 6
7 1 328 76 123 165 10 29
10 253 242 22 2 10 5 116 99 79 307
7 298 99 290 92 249 260 309
13 16 278 188 215 17 245 196 49 63 251 250 347 286
12 349 86 337 319 38 166 232 53 183 309 171 131
8 317 281 3 210 205 327 114 191
8 293 255 98 219 49 275 188 132
9 233 212 208 228 35 138 9 57 223
9 105 198 35 220 106 127 109 202 182
9 301 287 24 184 139 256 146 65 149
7 278 62 306 42 22 46 160
8 328 15 8 131 162 272 113 349
7 134 130 333 335 138 168 71
15 123 213 262 201 120 75 175 212 112 10 311 82 143 51 261
8 197 178 181 44 14 174 311 74
11 260 241 198 32 280 57 291 214 192 96 94
11 186 160 129 62 147 297 153 101 151 320 87
8 60 264 197 104 239 5 304 153
12 121 284 56 324 138 206 298 184 340 245 14 195
7 176 299 205 51 278 203 75
12 331 56 237 285 183 277 69 2 189 281 11 136
8 84 234 120 180 34 179 347 44
8 218 310 49 112 219 109 209 29
14 86 91 228 240 42 314 268 283 330 262 25 153 70 308
12 108 169 235 228 24 113 9 179 83 173 302 181
13 78 245 313 158 186 10 184 91 277 100 209 291 108
6 247 80 303 252 201 66
8 205 259 38 54 308 5 141 4
7 32 327 169 311 120 281 30
10 285 217 187 326 136 262 199 191 47 310
14 332 273 271 186 72 219 175 309 204 60 232 259 96 317
6 136 135 120 159 297 329
8 61 120 116 131 96 72 344 12
7 214 188 278 146 133 206 139
17 157 154 150 251 62 216 235 142 131 289 267 143 97 31 348 336 152
9 46 329 57 38 275 196 134 246 286
6 215 300 314 115 112 63
9 74 52 221 255 177 147 70 262 154
7 98 247 244 307 94 127 115
13 5 201 118 14 122 279 206 103 297 75 6 268 246
7 223 311 26 346 281 29 1
7 72 299 172 3 59 246 230
10 217 331 252 93 230 300 66 73 77 341
12 17 274 14 61 51 326 320 187 3 327 15 196
10 201 69 324 245 252 326 299 278 176 55
6 177 109 260 227 331 12
10 259 78 221 315 306 251 309 52 263 182
7 348 187 129 97 169 146 44
6 145 282 117 199 83 47
8 334 178 335 219 234 311 17 118
10 192 342 2 96 43 333 15 253 137 168
9 57 32 160 265 279 154 58 33 109
8 19 243 338 152 151 133 160 89
12 1 332 277 262 164 133 226 72 128 176 16 82
8 11 116 308 204 57 207 177 326
10 28 131 292 210 10 99 46 303 243 282
9 99 70 160 15 155 91 341 26 34
9 149 168 52 311 242 3 238 189 163
14 275 47 337 315 339 200 52 173 37 207 330 29 49 109
11 186 287 154 279 343 39 105 50 77 249 76
15 35 137 51 97 288 103 211 226 219 188 215 144 94 34 303
10 19 298 219 179 72 112 182 183 144 101
12 147 101 221 248 80 45 79 259 53 135 247 302
8 306 143 108 217 76 205 186 63
8 6 132 314 339 263 340 32 343
8 82 207 148 269 236 16 268 270
10 15 311 101 169 323 267 26 46 78 159
6 220 71 121 73 126 334
10 78 348 322 13 253 36 16 276 57 168
14 276 110 18 195 121 266 56 243 108 247 66 272 155 90
15 41 261 266 140 36 56 129 92 150 83 227 324 289 231 250
13 312 140 333 114 56 188 237 48 191 203 338 173 317
9 239 75 142 269 341 71 85 292 99
7 11 79 168 35 18 306 333
10 72 347 318 119 185 287 75 202 290 293
7 41 329 172 124 207 305 333
10 179 267 201 262 30 165 218 333 232 3
14 76 126 302 341 202 323 307 132 38 41 67 97 127 14
9 182 57 84 244 297 34 193 223 179
7 95 98 150 110 314 88 42
8 86 45 70 306 257 26 30 340
16 6 341 166 78 160 50 325 240 176 189 20 13 148 298 18 338
8 167 162 238 321 232 271 209 91
6 304 89 300 334 247 91
7 284 16 310 44 260 19 276
11 60 333 72 199 156 213 157 96 195 328 91
8 147 11 285 289 163 86 227 222
11 338 189 240 8 193 1 345 293 289 276 102
10 350 95 33 296 285 185 217 226 286 49
9 111 22 164 236 247 258 119 103 307
15 220 306 296 4 212 55 176 156 317 180 170 123 94 127 172
11 223 246 71 85 177 28 233 208 249 286 39
11 3 341 250 95 66 325 166 21 265 284 175
10 76 88 304 134 48 84 57 201 216 50
10 190 293 56 88 232 105 192 154 181 214
11 287 143 246 67 104 300 142 121 116 7 348
11 77 124 61 306 84 218 240 55 145 73 231
12 341 142 110 345 168 8 120 160 322 336 249 180
8 254 179 27 248 23 305 229 334
12 66 147 219 162 20 282 316 153 230 22 115 186
8 73 133 212 153 165 310 230 81
8 41 227 49 87 89 57 53 124
9 254 274 1 164 211 323 227 225 89
8 156 32 347 289 44 263 131 341
10 113 4 46 169 115 136 276 89 321 165
11 101 125 34 348 94 196 192 120 131 95 215
8 139 210 306 59 5 267 154 84
8 58 208 250 310 112 22 119 108
11 46 330 14 129 17 164 34 82 201 276 138
7 146 95 10 259 257 26 192
9 299 239 12 213 17 220 74 276 298
12 312 123 102 15 311 17 317 61 44 211 128 29
8 123 283 110 344 150 120 53 118
10 54 321 9 29 339 292 190 19 195 11
13 52 47 3 265 319 51 350 80 214 234 142 304 109
11 65 129 103 48 214 113 297 344 6 240 144
12 274 7 229 16 263 285 227 50 341 348 277 189
16 218 335 95 4 99 293 337 326 132 59 236 37 128 261 192 245
8 79 262 14 176 81 306 7 163
8 320 291 244 117 37 38 102 251
12 116 189 338 60 206 285 95 114 182 173 19 313
8 204 316 255 349 94 208 193 18
11 221 215 199 282 114 37 105 13 60 130 274
6 244 251 225 79 292 57
7 330 286 219 41 51 213 89
7 145 21 77 235 152 187 217
9 73 332 328 238 131 192 339 259 86
10 68 44 67 207 232 131 284 259 248 218
7 88 212 199 146 269 232 135
13 248 82 144 317 138 309 69 26 54 83 155 219 299
8 329 328 43 155 278 348 110 230
7 119 156 30 159 12 66 224
11 18 283 312 188 291 6 134 186 318 234 126
10 316 92 222 343 136 185 268 129 149 65
9 189 134 323 285 65 349 309 272 125
14 42 218 89 230 33 165 281 334 138 18 270 192 345 55
8 344 133 146 221 171 93 299 43
10 25 124 125 2 282 265 302 313 64 66
11 321 73 1 151 92 141 27 268 179 316 301
12 341 106 318 71 217 319 99 196 145 93 310 322
10 4 253 269 71 144 80 333 113 48 68
8 250 84 172 321 177 65 335 118
6 141 330 307 284 302 283
10 105 5 66 207 330 23 176 162 254 146
10 107 1 263 82 303 18 341 129 67 139
10 19 82 220 255 189 161 289 98 51 62
13 117 275 242 2 299 312 7 216 228 78 28 154 264
11 197 330 145 114 312 208 6 3 183 89 310
10 337 186 155 290 113 41 60 239 147 252
14 156 317 84 331 168 286 29 146 35 202 128 295 89 209
10 38 326 229 263 57 294 304 68 281 110
7 301 342 249 116 8 217 328
6 104 112 142 258 85 248
11 228 57 257 77 118 300 251 108 1 153 166
9 210 258 214 155 30 84 15 100 291
10 311 285 17 281 172 324 94 230 32 1
6 39 214 274 308 97 322
11 226 303 222 78 245 91 291 32 241 96 13
12 316 234 53 78 328 159 339 291 239 280 297 100
7 253 242 246 114 238 136 225
13 121 106 110 148 223 100 13 59 348 310 144 188 329
11 248 89 95 203 97 80 168 207 263 187 211
6 69 4 301 236 21 180
12 309 3 102 128 34 340 200 250 156 256 11 292
6 233 173 16 295 288 218
8 54 41 198 132 123 177 49 27
14 46 287 348 145 137 143 338 192 59 267 242 210 169 260
11 189 5 57 144 165 202 301 186 78 110 20
8 170 233 232 120 148 329 5 13
8 273 71 232 197 6 238 141 178
6 153 313 26 52 107 312
10 232 164 50 254 129 189 174 152 143 159
6 291 21 115 46 170 265
12 316 120 285 122 127 330 254 55 278 62 60 205
9 284 78 66 344 11 169 177 49 140
8 21 161 170 301 101 112 136 333
9 203 61 63 225 294 49 323 125 44
7 188 258 343 310 230 341 78
9 224 138 213 61 345 217 23 21 206
7 200 339 249 70 43 303 125
13 115 121 236 312 265 245 185 110 334 348 307 71 230
12 29 282 52 164 95 55 8 127 28 102 259 57
7 182 20 220 278 214 133 111
8 26 99 8 347 264 200 250 184
12 156 55 86 311 248 116 9 46 279 335 191 89
12 54 149 243 111 185 16 176 46 272 269 63 146
7 254 275 249 72 129 106 163
7 1 153 242 259 201 75 106
15 109 334 350 220 124 252 118 245 308 287 137 295 58 251 342
8 139 213 232 142 284 306 162 186
9 194 192 256 241 140 253 178 315 76
6 281 78 310 62 347 110
13 345 111 196 276 266 246 336 203 71 138 24 135 233
10 98 45 84 343 137 225 281 147 282 280
10 103 31 11 10 40 126 23 338 310 204
8 230 183 76 211 186 346 188 187
11 338 104 40 46 190 168 57 123 137 81 211
9 90 1 69 106 305 241 229 309 251
7 346 217 93 183 199 102 208
12 200 292 98 310 93 186 160 64 163 185 121 275
11 328 126 314 39 342 84 280 279 103 79 258
12 217 229 262 105 162 323 131 320 199 237 166 264
9 299 137 80 5 172 245 274 239 91
10 153 121 223 177 1 102 66 28 162 103
11 281 304 58 130 95 33 69 143 103 216 25
11 209 144 305 322 38 60 97 261 180 158 10
7 37 335 252 306 349 79 323
7 330 53 180 344 123 318 232
6 100 220 115 117 349 157
9 55 9 53 177 2 344 319 204 308
6 256 343 101 55 237 54
19 184 263 39 33 216 51 151 342 231 309 156 66 180 350 117 239 104 254 269
10 173 61 310 186 299 36 327 158 295 133
6 166 4 243 84 220 21
12 160 215 37 344 105 177 325 203 230 134 33 341
11 312 208 337 236 65 249 288 176 276 98 331
14 139 190 316 350 79 157 133 23 220 232 113 344 216 91
12 37 239 142 160 169 301 315 251 234 215 325 336
10 252 81 229 323 35 275 327 268 249 10
9 9 314 196 64 262 319 19 183 47
10 98 316 199 317 200 158 136 218 157 23
7 67 145 209 46 310 342 156
11 121 110 244 217 31 326 34 343 271 306 3
12 96 300 65 35 342 54 38 201 53 75 247 157
12 313 78 192 25 85 44 162 164 148 163 102 60
12 153 130 44 300 39 103 96 4 185 226 73 177
9 141 127 10 311 66 117 1 101 13
10 188 219 17 147 180 333 340 312 4 82
9 152 261 131 197 45 107 164 98 263
8 128 67 218 254 222 117 310 221
7 172 132 84 25 233 194 321
12 155 228 163 84 18 106 230 21 256 194 166 82
7 248 230 306 100 226 52 98
12 261 334 170 32 227 26 141 78 118 138 110 56
7 268 295 248 272 169 65 182
9 201 65 68 192 15 300 105 341 78
10 14 166 106 90 181 10 77 213 135 206
8 340 238 198 94 45 26 250 223
6 109 141 343 169 226 274
11 120 200 63 298 219 3 195 235 57 216 251
11 130 171 295 42 177 70 209 225 314 98 43
8 330 33 344 214 38 319 21 170
7 27 125 110 238 204 344 319
12 257 1 94 48 31 319 228 165 112 339 304 101
12 259 290 190 192 241 246 2 281 327 342 125 306
8 168 349 137 64 117 52 211 60
10 194 90 344 119 262 226 150 160 198 129
