1000 700 5
25 443 559 17 147 138 122 462 519 465 292 337 495 236 644 387 601 586 133 647 39 444 273 673 631 405
7 596 25 462 101 403 244 698
7 394 451 34 448 681 105 36
19 134 684 580 636 11 281 337 210 296 578 576 118 295 416 421 512 171 657 213
25 601 592 474 30 273 610 285 510 12 142 190 212 67 664 260 604 496 430 567 581 566 145 336 311 360
23 613 193 630 231 158 615 556 249 660 260 659 60 664 545 653 289 455 549 444 262 437 371 496
22 666 303 486 558 190 361 581 288 638 441 456 22 515 284 226 194 447 349 691 490 394 585
15 14 156 684 220 373 203 617 413 293 150 653 451 213 2 354
10 173 12 391 281 313 309 73 321 139 506
8 283 527 89 453 443 68 113 366
24 171 400 505 220 488 470 540 145 250 65 66 561 551 107 506 249 392 598 261 69 82 391 456 393
11 557 230 140 64 21 171 129 31 602 280 167
25 694 150 665 691 122 560 117 654 362 64 204 386 77 456 348 485 295 591 565 594 112 653 481 571 476
10 113 84 300 110 500 275 588 554 472 628
9 461 321 17 139 458 556 527 91 228
21 660 129 379 215 378 96 568 487 644 492 308 593 361 396 350 679 206 465 297 661 438
24 696 688 355 527 452 404 383 244 387 409 349 159 316 275 17 592 648 107 373 585 635 208 230 86
11 334 144 577 140 357 685 307 170 52 172 321
15 84 442 432 165 619 433 191 283 685 342 521 243 661 444 40
18 482 350 425 92 244 184 42 684 21 483 578 312 219 547 320 38 597 19
13 251 538 350 675 284 681 125 27 671 496 479 65 148
13 512 484 589 320 243 595 384 627 613 191 433 644 349
8 623 668 617 681 577 276 642 688
9 309 515 278 257 35 578 17 200 158
17 446 659 594 403 103 585 637 608 612 699 258 623 124 234 498 290 690
17 484 423 453 670 218 198 207 621 231 410 246 120 610 595 687 174 224
23 530 225 481 21 319 516 335 661 414 195 332 269 355 622 582 8 581 31 644 24 461 207 275
20 619 648 298 39 564 405 624 115 180 288 214 267 640 529 281 137 664 514 264 347
10 423 533 484 649 182 62 434 339 413 450
19 508 421 207 452 266 180 345 378 468 155 419 365 98 205 411 451 455 295 285
22 135 561 246 350 148 335 394 210 363 3 693 668 379 68 60 442 551 461 676 84 385 328
9 373 417 170 458 445 483 45 444 327
9 272 43 326 621 442 318 21 233 179
11 551 586 306 238 372 368 104 505 256 65 82
13 226 679 405 51 571 349 102 35 175 443 284 364 492
8 15 452 60 118 540 142 210 51
18 283 332 579 606 87 258 73 170 659 496 526 536 255 88 504 246 468 182
7 165 419 81 584 246 69 167
16 646 21 545 382 540 275 504 43 615 462 514 225 567 671 518 594
14 509 210 656 567 587 577 42 212 202 100 231 440 118 607
12 126 193 285 388 350 248 405 225 400 334 514 130
10 403 521 352 111 566 216 34 363 85 178
16 332 679 280 291 424 500 678 319 386 305 217 119 74 48 40 259
7 311 508 333 211 3 640 622
9 173 457 566 491 364 185 638 277 76
17 546 356 64 267 633 564 146 285 328 137 41 689 193 543 317 421 572
16 542 482 172 330 335 246 14 373 449 375 695 220 102 71 179 539
16 424 419 50 124 348 171 395 136 407 498 570 384 304 504 434 365
11 420 109 578 548 610 545 499 61 587 167 264
20 340 561 550 363 700 506 288 178 484 491 222 68 574 347 563 492 201 677 375 234
10 174 696 239 112 91 694 243 63 175 395
17 331 380 525 168 700 668 460 198 620 479 187 246 541 526 291 681 622
23 699 350 260 362 81 558 637 559 178 551 622 148 243 327 38 265 417 279 289 530 397 14 29
14 627 393 408 479 536 392 255 243 698 459 28 274 98 227
23 498 145 612 251 320 222 593 496 262 675 647 449 248 472 8 658 462 140 111 397 286 484 7
21 368 431 227 105 356 411 617 86 623 324 338 126 18 45 302 495 589 193 561 240 549
14 286 230 488 635 484 668 223 653 577 519 603 623 398 439
20 460 323 499 239 226 245 543 127 468 622 152 190 700 542 453 221 322 534 94 497
24 457 364 316 566 35 488 366 247 301 282 267 465 418 361 238 662 284 157 489 227 228 365 601 649
17 289 628 277 106 392 625 443 401 140 194 280 554 291 217 485 420 297
8 326 679 124 640 279 141 516 414
22 36 340 74 271 555 251 48 574 26 489 24 385 127 159 111 464 577 13 325 261 14 437
7 206 295 180 281 642 230 209
14 254 199 597 486 62 176 471 109 489 35 251 590 271 500
21 81 169 98 198 503 64 473 621 654 11 643 438 192 298 270 512 398 118 370 23 73
12 246 448 439 348 698 169 690 146 580 295 597 143
24 256 137 443 347 35 242 198 156 231 429 36 683 502 9 417 599 352 508 42 233 280 25 364 215
25 576 363 469 477 253 141 440 43 651 466 604 542 659 19 430 621 381 678 555 590 485 1 61 79 337
21 421 59 440 306 58 510 593 659 322 413 628 542 8 641 267 323 219 30 117 125 356
13 118 261 569 339 8 510 42 577 394 72 586 24 87
10 57 695 675 433 565 184 156 475 170 452
13 31 541 192 480 229 295 52 123 380 615 379 409 6
10 502 175 598 19 266 85 106 689 562 435
23 692 474 674 61 440 74 576 518 638 507 35 118 541 194 88 133 506 51 581 76 360 263 121
18 586 224 500 531 475 627 647 117 34 284 628 247 690 11 385 507 687 10
7 480 246 530 11 344 684 93
10 590 628 684 380 546 317 318 611 242 120
23 142 618 211 592 70 363 233 491 595 339 6 408 548 365 247 650 243 569 251 386 2 50 644
25 219 104 98 248 417 187 346 277 28 460 555 220 76 449 17 211 531 38 292 18 399 498 458 428 441
14 240 28 163 321 102 389 546 91 170 688 95 471 619 558
11 143 226 499 23 207 166 663 301 438 345 678
13 648 76 393 477 392 677 91 661 23 395 131 179 690
7 542 81 324 278 398 663 502
21 430 199 85 221 166 210 460 443 270 97 424 634 295 285 111 354 386 266 239 53 144
17 653 304 246 676 467 264 642 564 185 590 12 683 40 217 537 271 292
19 269 70 320 683 600 365 77 114 462 605 592 610 338 509 40 266 582 328 411
25 488 41 69 275 314 286 137 608 547 673 584 54 344 319 443 399 24 564 116 431 19 515 209 144 224
16 390 19 487 495 124 240 171 218 528 86 598 537 686 646 60 346
19 232 297 246 133 23 439 201 497 80 168 394 234 32 127 448 449 302 18 146
8 220 82 389 585 141 463 476 474
22 147 77 467 494 326 148 474 224 352 649 110 292 663 455 532 561 79 409 568 230 233 65
16 674 526 643 141 579 661 653 118 557 700 690 296 409 60 564 411
18 366 560 690 547 244 40 415 211 424 29 647 235 645 202 466 32 638 469
22 618 648 252 642 3 334 665 280 329 436 540 340 552 230 154 191 605 74 42 61 503 373
16 233 649 618 616 568 461 652 308 384 636 572 125 480 592 558 137
18 582 22 543 505 528 620 349 11 546 408 322 285 622 253 553 388 61 100
18 573 185 419 550 319 487 149 453 97 29 375 635 224 135 456 223 611 450
25 558 353 48 382 159 246 90 6 12 134 370 426 179 403 637 682 602 157 261 430 256 651 587 97 473
15 186 453 515 300 463 508 433 26 46 654 440 611 451 649 571
15 556 509 616 157 587 638 398 263 277 121 322 230 354 429 279
14 423 592 534 625 457 155 316 104 173 409 479 145 325 431
19 146 17 430 503 640 535 542 330 10 499 473 37 72 372 91 63 218 559 538
21 121 598 134 265 145 695 310 688 493 52 517 399 63 269 135 359 593 457 586 645 455
11 98 398 443 493 163 385 382 616 582 165 156
24 607 409 57 685 498 282 537 218 638 660 224 546 639 358 378 426 313 334 45 557 421 216 311 297
19 698 410 561 140 382 246 190 676 653 665 695 405 556 126 323 605 447 101 46
8 179 185 278 199 246 91 314 512
23 201 656 90 299 171 535 62 639 193 255 78 350 231 207 10 43 206 141 498 354 33 327 364
16 1 530 621 315 476 477 50 74 508 660 54 4 322 561 513 51
11 573 622 657 365 689 411 449 5 505 635 369
11 675 1 427 289 148 336 256 373 57 236 155
21 35 214 611 619 54 225 189 94 215 601 492 427 17 507 66 466 5 583 287 604 358
19 630 692 219 570 148 403 67 538 66 203 615 86 380 151 214 174 300 625 45
22 11 599 164 60 171 283 428 259 447 577 684 672 578 288 390 192 649 202 533 121 371 150
17 103 384 297 48 234 215 182 630 555 97 661 303 207 360 486 354 433
21 434 596 442 137 278 505 488 330 443 262 470 481 624 456 396 467 541 297 681 206 593
23 266 412 193 486 122 525 301 562 625 614 444 480 302 226 115 299 47 556 274 296 31 128 396
17 638 135 63 503 656 557 604 632 600 220 221 197 519 375 392 535 662
22 424 367 48 470 297 106 204 384 60 92 351 251 4 380 604 317 428 520 17 674 265 231
18 589 158 465 536 314 468 276 631 699 673 77 266 397 317 141 101 217 148
7 9 509 457 429 684 542 441
7 566 578 351 234 173 523 444
16 103 54 29 208 449 514 588 211 502 19 434 518 5 318 690 555
20 613 88 205 343 656 595 21 477 218 625 532 406 359 578 311 566 601 394 94 450
7 92 666 527 649 562 367 435
15 480 198 23 593 323 145 527 514 625 62 587 662 574 81 463
8 532 76 412 314 286 24 2 333
24 640 262 605 692 696 43 124 592 120 485 646 506 460 113 17 72 93 315 687 547 613 106 99 430
10 9 257 408 179 301 627 453 43 674 638
20 575 376 507 255 496 473 535 62 648 112 625 437 261 214 61 529 349 156 203 318
19 246 209 435 67 368 338 432 77 284 69 430 181 387 440 518 427 149 650 155
8 401 230 61 550 548 64 668 133
25 491 219 528 12 438 139 263 181 9 176 646 700 238 141 497 534 104 388 631 442 386 663 78 417 675
14 175 344 561 641 422 179 484 199 572 365 474 197 75 358
7 315 269 334 639 30 294 141
9 669 533 610 648 614 356 432 390 33
7 636 90 363 621 85 499 368
14 533 39 582 650 348 77 181 352 467 463 213 491 603 288
9 670 305 117 88 259 112 497 407 249
21 11 89 654 432 115 640 53 530 210 108 518 279 320 692 316 601 322 503 548 496 228
15 365 29 644 267 276 688 61 281 3 389 565 599 409 150 217
21 611 343 283 288 644 394 34 86 74 105 366 240 44 258 331 412 455 439 629 232 274
8 372 460 77 439 464 679 28 133
15 663 194 42 444 263 694 183 130 74 381 604 343 290 495 671
12 639 178 102 660 255 159 447 305 471 50 519 464
17 644 118 311 130 169 51 468 356 609 501 593 19 679 322 290 693 187
8 237 13 48 214 88 57 203 581
24 623 48 66 444 355 22 86 339 521 177 68 540 690 149 570 183 379 41 587 667 71 63 200 79
8 122 605 86 118 672 645 593 311
19 683 452 186 469 391 375 506 40 349 340 314 42 98 81 367 458 553 145 306
13 51 50 287 674 305 454 572 278 650 698 126 255 10
9 195 662 486 354 298 651 145 411 59
25 578 330 151 535 563 418 63 170 698 84 679 576 681 420 13 232 493 677 529 200 622 546 592 531 448
22 346 233 543 659 376 411 673 528 287 510 133 165 175 388 315 345 309 596 132 487 514 384
20 462 104 372 91 597 454 44 284 293 60 655 21 349 227 183 496 243 10 464 23
12 98 390 41 68 653 288 120 442 636 644 580 150
10 160 560 345 300 22 374 61 634 414 655
24 337 359 250 266 696 396 315 112 668 68 108 595 431 613 374 675 380 663 67 658 670 394 392 575
20 64 213 519 419 585 118 274 181 603 614 458 358 660 112 144 601 226 266 147 40
25 127 229 38 104 467 456 327 209 106 297 100 203 516 73 578 85 526 365 474 122 512 303 478 694 533
24 566 108 395 331 644 13 2 441 570 155 72 332 379 311 49 353 97 503 354 64 222 561 17 679
18 117 569 93 347 41 564 329 304 371 312 539 662 650 459 532 335 381 323
25 352 469 465 103 598 277 91 316 688 286 218 146 223 544 639 508 48 227 17 416 222 221 25 260 537
22 219 639 93 650 577 653 404 97 593 606 340 595 180 61 354 258 566 679 281 562 657 564
25 329 298 554 390 503 649 652 412 469 552 154 559 395 242 118 232 334 46 518 286 513 305 80 22 226
25 398 518 377 117 118 454 212 436 56 426 529 317 107 12 13 140 425 349 236 177 430 473 215 593 262
8 283 473 687 136 172 441 517 686
13 415 95 256 192 659 634 504 693 353 243 94 5 177
13 168 444 367 105 420 503 118 310 38 244 306 405 238
16 479 407 579 608 674 296 509 341 204 680 145 678 668 633 75 231
13 170 554 553 652 492 148 61 377 6 351 621 341 493
14 637 213 567 439 139 280 197 8 626 36 208 530 634 155
21 485 384 638 631 491 79 117 91 167 152 558 675 93 284 620 655 623 460 598 32 651
15 393 75 185 156 396 406 30 671 265 38 489 476 165 281 654
13 634 281 191 42 578 317 565 69 688 332 257 310 536
7 107 3 211 429 290 89 435
21 588 241 491 151 35 566 127 690 452 630 62 661 608 520 65 69 407 222 398 670 323
19 654 255 228 620 536 365 104 662 321 614 460 126 429 240 146 268 670 319 332
20 508 424 684 621 255 334 589 173 247 514 485 323 16 151 616 687 57 660 560 3
24 607 216 138 79 436 508 10 468 698 174 694 152 619 504 262 353 446 307 535 598 679 153 385 158
9 614 373 174 72 580 595 416 419 313
16 252 125 79 507 586 1 444 566 672 270 501 369 93 341 296 91
18 203 164 208 465 430 172 103 431 527 69 34 518 685 196 97 472 630 418
22 305 533 301 22 48 184 219 117 31 694 692 164 288 604 232 670 455 210 186 256 20 35
10 414 609 12 604 612 591 328 467 623 125
11 470 339 642 213 417 392 76 121 355 246 451
8 110 381 139 459 380 240 348 554
20 667 633 98 486 130 591 139 555 514 535 13 433 215 419 255 316 644 199 682 108
8 188 60 8 348 597 99 162 620
7 374 393 64 354 112 457 146
12 105 39 1 673 206 329 539 137 214 76 208 349
11 92 413 478 177 557 288 323 696 637 65 374
10 699 36 644 122 57 380 398 515 286 186
14 68 581 101 522 143 542 534 430 643 499 460 139 311 130
10 286 389 582 38 461 347 294 650 64 250
21 67 592 671 392 258 409 257 648 61 446 620 501 165 587 231 119 610 157 535 666 318
9 639 624 315 544 458 248 669 601 154
15 654 494 174 630 543 278 135 348 152 681 303 167 277 61 161
16 382 582 367 682 453 23 8 481 88 307 119 234 108 564 550 332
19 200 482 240 388 514 381 531 566 161 394 55 295 263 147 639 173 264 319 374
9 652 356 20 626 42 694 154 398 647
21 104 664 296 547 190 130 143 27 377 354 518 633 653 33 635 129 245 397 262 677 313
14 512 164 202 445 572 618 530 289 373 397 25 404 283 196
19 158 517 537 607 181 358 414 430 563 503 252 351 388 577 656 505 69 657 356
20 243 9 97 51 369 683 47 171 383 145 287 473 167 93 61 235 395 409 637 498
20 511 392 259 580 300 294 532 403 649 45 258 653 150 410 602 295 540 512 459 422
20 593 171 293 42 135 240 227 350 252 109 468 41 63 9 483 343 499 394 186 360
7 50 593 261 689 126 406 427
23 200 450 64 426 312 598 19 499 679 174 377 77 304 449 578 184 352 231 539 689 319 498 591
10 286 618 30 377 490 152 101 124 508 73
8 377 21 196 111 605 50 46 59
9 469 108 287 608 180 447 431 12 215
21 602 364 303 38 365 321 694 557 122 660 198 85 446 246 608 107 367 533 306 505 297
17 88 410 37 476 592 107 113 591 60 169 43 219 105 549 514 429 131
12 443 362 409 325 23 510 384 663 408 266 576 413
14 61 289 175 192 41 574 401 49 148 142 605 562 308 586
25 467 127 442 176 161 540 335 624 314 663 220 175 430 380 611 464 552 181 172 359 353 445 259 585 507
16 598 333 198 558 320 164 255 689 264 587 655 25 511 100 461 581
25 601 219 577 426 65 581 232 690 123 69 622 469 570 281 479 104 70 621 286 649 651 38 495 540 482
14 18 600 505 368 469 260 259 643 321 595 496 286 246 498
8 127 412 35 79 213 54 274 153
18 349 268 413 417 224 631 147 353 662 667 606 651 192 113 22 247 499 695
22 514 194 7 228 356 507 467 499 329 389 46 474 495 154 675 594 24 112 544 693 584 672
7 34 476 604 420 69 543 653
22 77 645 560 232 235 459 544 648 678 209 576 58 382 71 445 267 409 631 22 6 629 131
15 374 655 221 295 85 546 486 1 293 275 662 322 566 355 218
22 198 366 125 508 132 43 516 351 89 446 24 15 599 202 470 558 64 173 114 699 423 37
13 293 264 161 66 535 214 685 58 47 647 80 170 386
9 630 197 173 289 596 347 460 227 107
11 122 96 208 266 292 130 578 625 600 383 613
18 34 629 524 454 253 576 569 652 661 279 602 17 22 367 142 28 193 24
20 262 580 462 672 487 684 296 321 357 264 186 28 42 621 473 459 449 280 693 206
20 670 248 522 252 156 379 566 557 73 323 274 318 212 679 576 204 544 298 295 231
8 240 543 469 383 297 539 317 180
14 253 64 178 649 356 149 7 162 5 382 572 681 246 515
23 470 471 535 202 644 2 216 665 53 489 700 270 183 524 172 10 390 102 51 335 309 329 480
19 228 622 90 124 696 316 463 281 352 603 179 404 213 327 700 222 45 342 596
20 442 57 50 238 146 47 529 567 345 496 419 14 151 236 199 38 591 383 509 519
14 367 143 77 409 670 675 154 631 271 573 270 153 90 237
8 118 166 332 239 198 502 651 511
21 392 68 548 299 441 368 47 588 91 683 305 109 585 677 62 425 395 399 30 359 228
25 281 29 640 315 211 37 205 334 184 325 119 230 359 268 90 415 266 88 40 474 576 229 691 99 403
24 419 672 613 688 410 486 380 639 123 653 90 2 396 345 77 439 457 328 568 52 460 453 42 412
16 417 645 561 642 666 289 10 205 634 232 46 429 540 17 231 498
23 161 492 354 425 139 159 48 42 554 514 636 242 544 88 64 158 698 677 657 617 60 280 420
11 109 618 287 585 26 583 162 290 82 291 213
22 89 182 537 600 304 326 466 162 119 97 552 181 49 168 9 616 475 159 160 186 441 272
15 31 317 14 72 68 133 367 679 501 626 628 650 538 201 260
8 692 391 54 77 560 551 198 616
19 368 620 581 258 601 426 115 428 136 48 562 122 200 621 23 636 531 683 403
19 562 665 131 26 348 501 431 146 160 578 416 275 606 49 420 405 349 229 152
14 343 631 382 527 463 266 451 35 535 530 28 373 425 540
9 671 25 496 572 140 206 470 198 411
17 510 580 10 123 571 84 582 296 50 81 429 285 91 424 269 153 227
17 108 134 553 243 416 324 531 36 31 550 142 25 223 418 698 158 496
16 395 433 224 490 468 307 618 1 576 671 457 535 365 699 98 388
16 152 19 335 110 135 592 460 325 536 497 462 528 669 396 27 173
7 306 417 47 455 133 623 214
10 526 530 231 141 534 627 433 521 383 306
21 16 276 613 511 227 374 115 366 446 664 483 139 299 566 251 517 178 358 75 32 461
19 677 106 18 3 480 32 518 7 29 38 189 667 319 23 540 115 179 40 204
7 36 472 30 589 166 630 301
23 678 337 14 264 371 233 331 616 382 300 432 506 551 230 362 481 526 91 1 17 398 516 405
21 265 185 629 31 366 418 171 345 504 655 221 6 308 569 348 419 392 255 630 125 258
25 153 551 234 347 367 143 585 646 663 181 496 70 25 5 411 71 691 662 683 423 132 121 286 537 235
24 126 261 347 582 413 64 160 510 585 322 493 439 218 6 110 697 391 685 495 139 373 368 472 683
11 302 268 1 314 668 665 625 295 20 358 315
24 638 86 584 14 522 512 650 604 16 615 219 259 492 644 315 137 295 221 642 25 539 511 675 351
21 60 298 229 578 558 105 677 50 73 450 157 403 540 545 420 676 478 649 409 563 517
25 451 61 582 121 350 26 331 539 295 698 635 196 414 159 74 617 477 519 543 527 317 161 68 526 38
12 592 642 683 115 63 244 100 67 522 313 637 350
12 30 244 591 475 592 677 258 514 120 163 5 420
22 167 590 403 389 66 209 529 380 583 99 32 147 71 511 349 83 131 290 481 542 277 467
14 513 440 112 570 558 639 142 323 123 658 109 430 204 456
9 194 425 484 88 68 339 361 397 503
8 626 657 286 634 326 353 694 91
9 284 150 112 8 92 102 127 344 158
22 338 542 146 348 456 575 457 357 143 291 78 572 551 633 373 462 412 580 266 145 520 227
25 148 395 453 21 604 5 462 183 219 172 557 96 301 692 95 247 655 282 614 417 49 304 90 140 668
22 357 268 282 532 458 547 289 32 586 658 639 55 11 548 643 391 687 300 124 487 77 649
19 7 634 6 692 126 342 137 310 484 492 493 469 351 63 434 151 409 572 156
19 254 548 519 385 255 28 532 279 457 172 112 582 553 286 539 569 296 175 358
23 665 652 393 683 252 620 119 193 471 535 615 675 221 149 122 60 324 629 251 502 196 561 170
16 368 353 116 688 438 233 34 50 213 273 199 63 479 39 184 676
7 375 140 111 136 469 679 542
8 340 127 447 369 695 660 13 251
20 270 216 202 295 635 34 412 201 682 453 198 146 346 475 471 652 428 672 8 117
19 34 378 529 697 50 226 554 178 122 397 345 39 630 152 477 80 699 390 335
21 272 577 176 315 178 497 507 213 244 183 127 139 685 594 567 41 575 488 223 539 624
22 498 483 27 53 311 275 42 529 480 138 340 179 476 209 162 680 64 489 240 508 250 146
13 45 31 132 459 211 69 335 150 399 404 449 138 595
18 311 657 202 567 325 493 340 650 135 391 214 658 92 322 286 626 450 453
13 177 634 147 223 264 149 132 162 418 501 228 531 102
23 484 461 346 616 230 253 159 32 204 533 559 653 562 287 387 171 368 139 117 625 446 106 52
7 21 122 630 664 76 552 583
21 232 453 496 355 219 283 441 56 289 622 560 135 271 537 351 51 329 130 148 48 16
15 556 137 223 255 258 649 330 657 448 414 500 104 225 77 197
17 571 107 55 70 636 66 248 155 666 663 456 448 49 104 423 65 320
15 221 51 604 336 403 363 645 118 527 46 254 618 36 225 348
16 65 579 697 644 661 560 301 141 62 564 114 674 337 149 594 615
11 667 471 302 610 652 696 297 420 218 312 90
17 501 351 624 431 31 226 500 620 73 11 334 163 147 397 532 635 258
25 76 202 579 36 687 52 410 38 277 3 399 428 567 68 550 694 504 27 229 97 440 127 401 163 374
17 472 72 596 382 313 387 648 134 407 445 641 558 241 541 292 4 458
17 303 315 605 396 116 251 625 289 24 656 564 93 610 79 298 487 264
18 59 337 19 132 376 466 87 267 165 542 573 210 343 31 315 334 362 278
19 350 198 510 502 98 301 369 277 640 43 517 54 211 148 490 274 292 548 331
23 444 302 545 334 558 492 225 663 673 550 610 266 6 688 239 319 547 422 699 170 593 556 691
21 292 48 430 99 81 380 370 204 281 461 16 362 114 183 195 165 566 375 648 181 616
8 458 580 347 393 270 102 686 57
9 284 417 134 535 168 600 422 227 427
21 533 657 630 4 50 66 228 495 10 75 662 685 273 223 626 547 340 466 327 271 497
18 326 448 228 555 678 87 591 130 532 186 141 331 23 412 505 364 488 199
23 439 299 276 163 640 104 432 21 677 538 464 601 576 348 139 418 216 226 659 443 137 586 544
23 582 167 113 485 152 272 510 511 625 95 290 399 33 156 103 239 14 504 617 594 229 293 19
10 222 587 591 486 629 640 74 163 72 686
22 669 72 393 30 329 221 320 87 79 421 172 132 42 301 617 354 216 558 188 164 660 212
11 448 202 533 358 613 642 182 593 95 104 176
20 380 126 272 545 450 470 6 684 370 67 5 124 492 464 478 477 457 220 339 630
24 607 21 398 612 70 490 216 84 449 300 58 493 309 544 19 256 364 691 234 13 528 559 240 284
16 362 404 694 514 70 540 163 465 35 304 574 440 586 186 579 111
9 409 484 158 599 548 219 134 82 211
8 345 357 268 352 628 356 400 14
12 699 628 306 296 81 664 453 493 482 88 485 216
8 423 302 672 253 258 389 679 263
12 126 168 529 271 551 177 474 141 105 501 581 276
23 495 217 504 650 50 566 537 374 417 242 166 483 245 275 305 355 365 436 235 520 496 354 252
25 491 226 194 696 580 234 306 79 372 647 406 388 15 577 674 119 192 179 368 575 201 426 442 600 309
25 13 374 32 558 86 545 248 270 394 530 378 659 422 227 528 312 658 128 293 561 232 633 104 477 611
12 206 622 428 94 9 509 389 188 64 304 144 544
18 450 681 99 552 254 457 256 584 456 495 498 97 384 448 398 447 204 387
23 590 386 232 231 662 173 467 210 466 687 432 53 429 613 617 68 164 550 475 659 498 276 106
23 612 95 134 209 144 72 274 587 3 566 562 405 279 523 348 143 138 215 47 675 329 90 326
18 46 335 610 476 292 92 541 365 120 310 6 686 70 632 175 35 308 653
23 573 468 341 37 429 550 114 153 399 205 467 26 152 165 149 676 76 348 301 47 142 402 689
12 122 43 685 398 338 225 439 438 599 488 377 586
15 586 606 14 553 46 678 203 226 682 259 7 384 656 414 693
15 450 330 223 225 328 650 129 104 431 634 696 671 365 495 299
22 18 517 678 147 675 355 694 653 410 36 111 96 399 89 157 269 616 229 587 454 171 115
25 400 294 259 188 550 514 448 326 196 197 621 66 61 276 565 478 75 455 288 120 688 499 234 439 140
21 492 554 63 586 133 79 445 109 277 210 337 369 557 321 470 56 469 291 620 645 404
22 118 186 124 181 541 224 15 160 322 34 663 418 279 127 344 217 340 88 337 603 407 389
9 402 698 61 478 654 522 685 597 244
22 326 657 676 456 530 561 688 174 114 196 572 212 316 662 282 438 562 460 318 296 259 118
24 588 281 225 651 520 604 69 177 581 216 131 544 692 608 543 550 339 52 139 480 461 553 518 80
11 649 270 495 477 672 451 403 369 323 366 314
15 590 10 229 643 638 101 362 118 442 463 317 316 96 328 206
23 378 449 634 168 26 388 404 50 173 58 684 291 486 104 605 45 60 373 688 513 560 421 635
14 383 125 259 351 462 13 61 497 31 618 314 429 545 94
11 255 490 498 473 269 347 83 568 597 348 586
7 407 547 39 390 279 225 470
10 251 558 406 144 391 657 265 197 641 309
11 161 603 466 481 548 286 49 602 476 494 487
9 157 380 126 166 405 94 170 231 389
19 582 445 650 508 581 136 203 613 285 6 99 554 396 392 673 487 133 106 601
24 560 168 472 37 169 471 558 167 668 288 223 497 361 298 428 306 444 108 138 242 48 425 591 124
19 484 192 643 646 51 95 101 426 585 233 665 425 483 228 475 670 479 39 579
8 38 698 453 49 519 444 200 254
19 338 45 321 522 256 190 36 30 623 532 400 228 468 292 616 84 171 369 91
18 295 234 358 447 555 557 580 312 542 444 359 32 120 207 643 497 184 20
21 475 329 113 622 686 243 437 76 197 245 257 391 208 698 323 395 645 531 618 374 637
21 663 320 251 505 620 672 328 259 428 71 435 454 133 35 501 340 79 283 593 65 188
23 105 531 204 334 256 433 457 230 253 591 617 536 696 357 36 141 227 143 300 435 601 415 315
12 492 562 337 27 90 32 114 627 406 607 485 86
10 180 514 409 462 688 146 583 198 511 428
24 106 217 683 345 694 125 152 202 318 420 230 70 130 588 632 572 635 165 697 288 316 467 548 115
22 554 153 649 186 220 467 187 150 438 645 363 197 657 578 660 140 609 482 594 139 525 99
13 618 20 330 320 322 606 476 8 219 442 441 319 98
18 82 437 338 26 493 443 525 27 667 378 436 641 366 351 516 305 66 614
17 63 153 333 449 67 95 180 191 681 405 453 190 370 39 668 612 141
18 44 101 8 509 200 410 434 419 228 661 627 672 695 263 20 599 470 285
20 442 628 453 65 357 450 219 84 695 590 576 607 673 522 670 660 30 680 578 486
25 16 512 698 282 398 636 482 95 422 632 212 142 679 520 585 124 262 112 125 555 289 87 514 429 162
16 694 26 364 383 192 687 37 368 583 132 644 487 101 278 510 137
19 302 37 336 654 114 559 42 420 428 271 204 284 188 400 456 575 433 36 80
20 96 614 416 650 15 478 264 609 469 319 600 195 412 66 282 225 171 229 375 498
11 481 686 292 80 691 698 119 26 646 446 253
15 631 252 10 668 436 551 200 427 440 627 151 159 199 4 502
17 271 198 392 593 647 653 309 69 697 237 633 277 517 546 265 438 690
9 165 27 396 412 483 539 101 135 76
15 690 616 209 69 264 389 408 174 531 635 575 1 87 534 150
25 49 556 620 144 455 226 672 603 257 583 265 202 650 504 459 274 81 632 640 134 217 170 584 668 629
12 25 659 477 96 330 299 311 58 564 191 535 192
15 479 272 493 233 312 437 267 523 6 640 376 107 191 460 251
18 391 358 566 250 321 570 465 502 302 95 30 565 515 555 640 100 107 161
12 544 359 566 429 141 132 514 609 253 343 288 588
17 471 416 355 269 369 131 394 111 31 446 95 350 22 426 150 419 28
22 682 470 681 325 373 370 21 92 215 67 566 24 57 669 539 257 279 372 264 403 578 516
20 24 686 166 679 269 183 143 681 349 304 583 30 575 172 250 584 69 518 227 61
11 694 430 493 23 423 654 488 464 42 642 295
7 301 596 336 124 209 368 351
8 528 623 464 7 78 555 564 179
21 195 657 669 532 434 578 52 645 220 283 113 375 378 651 637 222 414 13 310 678 361
19 224 586 604 651 238 287 536 286 621 191 539 206 692 81 402 198 580 230 37
14 543 414 42 687 72 152 424 501 25 177 397 488 188 114
20 408 351 405 551 70 339 82 371 448 237 685 535 438 561 473 160 475 458 231 125
19 355 690 176 281 253 367 100 599 465 672 474 171 305 267 634 354 329 565 5
13 245 428 224 205 543 44 448 259 526 216 236 35 615
9 564 9 652 670 86 674 576 509 104
14 408 543 87 305 137 427 212 112 200 116 594 232 535 121
18 672 503 522 357 202 22 26 5 475 203 547 160 107 663 455 339 254 147
25 680 441 17 551 97 220 23 547 699 125 245 487 604 98 35 233 15 249 72 481 269 311 384 165 700
16 451 385 110 270 349 324 124 101 478 625 456 489 44 600 386 54
9 40 413 399 4 612 654 176 177 525
22 58 220 430 675 232 686 57 55 655 317 6 337 473 610 143 566 179 101 36 28 250 133
17 501 565 92 236 618 622 498 445 40 239 337 83 536 599 404 667 187
8 146 672 115 578 199 586 274 237
15 33 442 597 547 221 693 380 126 78 415 394 699 68 181 388
20 650 141 232 586 347 444 601 653 432 172 67 248 51 568 519 612 92 236 185 22
7 279 137 296 95 29 113 82
17 519 110 78 131 207 83 661 88 352 649 208 331 633 428 101 513 105
25 144 364 361 142 169 498 7 584 594 342 590 486 505 572 638 235 231 343 141 4 571 35 630 260 71
9 544 280 442 407 150 466 305 56 429
12 624 47 199 13 9 581 545 289 176 303 130 697
21 670 306 557 163 320 398 568 573 47 236 63 164 223 65 186 457 195 192 298 126 263
9 670 198 600 268 231 361 27 652 26
12 188 164 284 368 407 506 106 273 508 44 198 674
7 515 387 383 36 104 398 28
16 74 487 408 591 136 616 622 676 513 683 19 673 506 444 195 190
14 586 245 511 165 31 606 193 544 561 105 477 499 626 500
15 143 631 156 584 148 80 150 257 663 217 147 640 338 144 198
22 383 122 653 609 682 698 537 536 24 42 85 504 57 587 361 662 76 619 617 119 652 163
11 199 7 604 562 33 16 347 402 530 645 245
22 380 309 682 283 195 563 513 185 349 577 26 544 72 191 452 157 514 100 560 634 118 222
14 267 83 513 174 80 93 668 550 381 126 637 336 512 256
14 16 115 124 684 231 542 619 235 616 493 253 309 374 488
8 117 56 388 315 184 29 569 69
21 394 434 333 618 647 229 508 392 548 673 366 241 139 383 440 625 457 643 179 312 300
24 321 129 517 377 260 438 355 213 561 311 215 117 256 651 675 205 342 178 574 56 92 67 24 533
23 326 356 223 598 41 575 472 185 314 82 593 696 458 625 602 43 310 470 46 89 665 175 542
24 315 149 141 641 187 268 70 622 546 252 376 389 504 52 318 382 106 449 465 10 135 370 192 225
24 694 420 110 572 359 85 46 597 89 649 12 341 316 4 429 652 439 323 514 616 647 354 449 493
15 443 649 692 160 336 173 48 557 15 573 685 648 334 288 539
23 318 309 550 643 492 626 568 677 663 73 143 43 609 406 679 698 186 211 50 231 529 500 469
22 254 532 37 543 459 494 493 10 392 481 130 560 529 333 411 580 399 296 139 369 612 394
25 244 147 540 379 220 533 202 17 398 463 401 460 237 566 567 634 392 246 686 30 344 356 440 107 179
13 263 498 500 354 174 494 104 151 388 628 637 149 247
16 597 405 199 561 262 284 93 699 158 614 198 94 87 546 548 76
21 273 414 324 95 601 152 93 351 602 175 502 57 137 127 461 595 565 187 463 592 357
14 49 561 280 139 229 617 240 383 300 469 412 496 450 147
21 283 147 312 236 213 526 399 666 582 502 21 67 476 202 497 643 632 533 8 52 108
22 151 363 74 33 186 312 244 11 236 390 634 402 223 342 281 238 343 206 134 187 544 486
18 124 535 2 291 590 147 10 98 689 43 410 407 193 345 391 697 682 269
13 578 267 656 441 116 618 486 692 205 408 599 489 129
25 607 434 210 594 17 67 611 502 270 114 34 420 409 499 112 583 337 345 136 669 321 476 84 295 542
12 230 70 148 258 79 185 3 237 52 172 208 62
25 315 382 378 405 558 158 607 145 3 33 453 29 314 635 304 161 58 534 81 278 589 132 682 73 207
21 438 143 88 479 433 583 223 10 329 487 529 114 595 334 467 468 430 326 397 451 126
23 280 302 448 600 133 87 164 234 112 418 581 659 404 132 1 381 168 414 670 371 529 644 22
25 92 31 97 236 41 189 386 509 304 150 614 270 664 691 241 95 426 221 90 142 581 556 295 512 89
13 60 501 428 390 174 695 272 629 403 136 615 94 404
8 351 598 221 92 297 624 450 205
25 269 478 122 458 259 55 468 120 2 502 40 369 76 626 651 372 89 508 582 370 286 567 180 352 301
16 113 381 462 387 402 640 457 267 148 254 493 429 455 380 484 551
19 301 92 380 34 277 364 103 507 343 647 379 564 550 629 177 378 322 462 99
9 555 78 311 475 403 554 604 445 305
21 237 502 393 61 103 640 434 549 140 622 77 526 287 415 30 174 536 685 446 114 593
10 626 5 160 598 215 670 696 313 15 36
7 670 446 393 379 510 438 280
16 210 39 347 633 421 619 544 40 163 254 284 60 116 426 165 339
21 267 77 549 115 136 183 276 433 509 551 15 249 298 495 104 355 560 400 458 574 227
19 395 447 5 118 634 91 203 429 474 466 191 596 573 450 657 556 312 433 664
23 448 10 51 443 120 213 271 552 603 116 595 306 613 544 481 319 208 526 26 457 678 288 5
22 347 134 619 645 378 281 631 466 210 17 325 689 465 518 543 421 44 24 605 654 118 658
23 213 452 89 485 46 52 163 589 562 574 590 459 420 436 79 331 153 359 622 338 465 325 174
15 436 514 590 669 363 44 317 495 85 203 516 579 356 311 23
25 243 542 168 394 639 113 503 440 349 121 573 569 182 518 309 116 138 226 9 307 184 337 142 216 141
11 491 593 456 399 200 239 286 62 63 165 319
7 70 80 29 121 592 625 317
12 539 692 76 688 360 616 167 524 646 259 86 556
16 607 79 283 224 101 556 395 237 448 195 190 147 273 464 543 634
19 190 495 656 258 529 480 687 54 398 290 549 540 462 683 491 115 647 444 522
25 663 262 25 689 487 171 226 523 596 165 618 183 620 374 644 659 175 480 405 460 152 639 422 58 602
9 314 369 678 448 574 220 463 447 460
18 398 673 9 618 396 487 577 169 561 383 194 257 461 499 178 474 143 263
16 100 189 433 280 448 563 221 392 223 572 508 159 418 526 534 535
17 170 551 383 251 376 459 61 252 191 641 621 355 40 547 90 525 88
16 323 160 281 330 568 241 224 235 276 414 606 251 672 24 675 8
22 5 515 588 212 250 535 598 431 89 326 576 303 424 451 216 646 41 126 227 145 636 448
25 316 428 306 228 379 159 121 506 555 396 39 225 209 262 456 183 302 200 291 595 431 255 70 419 445
7 434 71 127 116 134 281 280
7 687 222 311 163 403 572 41
25 223 113 14 37 563 551 349 658 313 305 584 660 332 569 109 1 639 138 146 328 128 621 54 608 61
12 237 409 636 88 44 32 151 599 235 523 220 126
19 224 292 288 506 466 171 195 677 658 327 247 69 684 229 29 138 532 198 652
12 573 507 349 564 570 135 250 198 194 301 614 488
21 37 360 189 256 460 210 105 271 519 56 345 592 524 658 413 596 493 205 520 140 393
18 377 383 260 563 326 632 232 108 258 492 90 125 268 659 499 653 145 153
11 622 150 170 166 694 65 471 472 313 109 576
23 285 298 316 139 152 366 157 382 141 147 454 437 207 179 293 234 402 427 666 470 533 265 91
17 546 379 342 426 334 664 597 44 421 523 593 17 428 675 131 321 340
17 211 525 434 77 484 306 611 678 588 448 422 490 138 649 359 475 416
21 199 491 349 524 193 363 509 71 124 271 410 5 94 154 613 480 95 6 522 360 115
15 363 406 383 505 225 151 511 107 325 491 639 53 140 190 339
18 395 643 673 295 450 277 44 267 652 634 323 141 465 114 412 626 252 79
19 62 315 606 686 266 183 322 37 118 599 186 111 547 252 586 54 392 467 30
24 461 107 213 187 151 175 118 491 322 659 309 613 650 399 488 32 428 582 90 563 408 478 240 645
16 535 453 547 51 511 42 424 374 373 204 288 471 178 49 157 141
25 378 553 572 294 454 693 228 257 677 482 274 67 644 663 250 48 229 513 412 545 196 637 496 102 546
9 541 281 683 60 389 510 505 151 96
17 682 528 599 93 134 578 152 146 625 270 23 45 120 1 375 274 263
17 652 181 238 251 613 62 669 360 564 621 210 619 311 148 14 102 259
24 57 581 353 315 385 319 656 332 520 604 511 695 412 421 127 133 2 593 260 44 252 296 271 84
12 31 554 463 368 515 198 469 155 100 505 682 26
24 22 36 540 407 427 41 651 604 69 258 29 673 412 247 567 599 179 339 8 428 18 249 138 288
11 275 230 362 177 207 487 490 315 636 549 196
7 692 270 185 549 527 664 526
21 532 179 110 311 575 286 679 519 256 533 271 249 297 269 178 94 409 557 589 420 448
8 476 3 49 171 87 383 413 639
18 336 595 204 359 60 38 189 616 82 287 268 600 627 514 142 622 226 379
12 556 688 94 371 413 197 82 9 190 49 418 169
23 250 687 629 71 433 173 108 638 267 348 502 685 137 636 470 305 131 539 450 309 682 566 372
11 649 7 643 515 596 470 78 429 66 581 208
22 183 26 232 164 638 172 116 220 65 210 476 436 7 117 40 431 235 700 517 228 516 567
11 252 634 192 84 348 420 16 466 579 653 228
18 458 422 78 96 217 606 254 649 666 313 372 347 32 462 293 81 334 14
11 242 328 408 325 432 295 518 404 162 394 650
12 510 630 593 596 618 210 160 376 592 431 403 111
10 125 26 309 134 182 450 621 84 535 36
14 33 209 679 683 692 499 104 6 606 688 432 440 263 442
13 450 349 414 593 603 430 360 700 165 116 57 30 525
9 66 685 7 372 314 262 458 53 60
12 66 157 431 158 324 211 354 686 266 270 421 659
20 576 456 306 408 579 548 98 110 386 258 13 594 468 595 381 30 278 607 321 165
13 213 110 260 115 571 385 578 11 38 646 267 245 297
12 180 276 112 504 415 9 473 342 227 290 51 621
18 37 436 565 674 616 126 445 32 178 559 686 143 356 597 289 373 484 361
15 268 588 339 655 693 364 297 593 153 54 163 428 649 469 637
17 398 620 263 363 365 118 141 516 552 140 372 378 202 700 242 277 564
10 398 360 283 225 625 64 482 234 108 113
24 131 290 144 21 318 453 608 187 89 122 129 548 341 249 377 291 202 618 546 366 106 1 254 537
19 594 93 420 683 251 158 543 611 479 114 456 404 527 565 471 492 674 432 502
23 497 305 71 376 634 116 365 316 402 367 237 44 628 259 401 359 130 242 516 540 42 574 48
24 600 72 431 564 346 468 70 451 305 259 160 586 403 204 413 389 425 158 321 214 434 329 666 121
16 192 692 76 130 604 469 522 78 552 442 252 496 575 464 51 586
11 15 67 302 475 131 466 224 518 426 104 658
20 623 351 675 271 93 211 627 601 487 392 522 388 83 108 680 95 69 686 603 436
17 81 256 31 545 142 131 103 551 137 218 221 675 561 504 204 297 260
25 262 161 138 493 34 329 320 157 690 596 127 171 529 568 451 151 33 526 260 592 656 374 365 501 466
12 82 486 111 605 207 490 435 576 523 169 251 231
12 339 82 309 462 198 512 401 61 377 660 397 437
15 232 19 190 197 487 539 270 272 73 700 47 582 357 540 143
19 620 115 284 623 77 572 491 20 421 285 208 378 584 679 575 310 641 441 387
17 39 372 609 174 472 295 595 344 352 311 523 343 253 567 658 341 571
11 612 125 448 101 265 315 243 285 52 683 184
21 5 449 213 595 553 619 357 270 233 443 548 83 253 331 277 280 248 513 109 632 192
13 327 206 389 666 501 625 37 132 317 115 608 128 148
24 576 84 54 327 571 472 114 447 569 683 245 545 624 513 240 629 445 104 112 51 335 76 278 347
11 597 458 74 89 87 21 542 496 397 676 609
8 210 117 486 682 365 648 354 137
11 167 676 364 329 638 326 523 35 587 376 386
23 188 94 621 46 549 376 457 194 441 285 399 692 699 520 27 656 653 594 419 273 556 60 169
21 40 307 235 546 158 670 660 167 69 10 540 131 257 508 223 582 287 49 423 345 233
17 556 378 422 473 92 222 643 134 433 71 56 700 95 49 559 255 647
10 697 258 581 42 199 183 331 179 470 400
24 48 536 691 500 692 47 26 256 199 418 490 513 298 205 166 667 196 157 643 203 493 146 27 584
22 490 476 576 453 225 111 138 268 370 263 622 255 645 455 92 549 566 355 127 212 368 45
12 115 583 455 518 426 168 356 12 499 680 675 344
9 456 266 409 567 256 326 347 523 80
10 149 608 47 485 688 328 208 112 347 670
18 672 336 562 573 273 157 13 472 610 429 617 517 329 625 146 38 500 35
21 408 96 1 445 37 502 256 542 208 516 205 101 659 88 361 514 255 270 569 556 636
17 239 20 88 58 348 115 366 615 85 355 110 71 263 583 542 203 566
8 175 305 422 417 449 172 463 304
11 635 311 240 507 598 148 129 244 384 281 81
9 609 157 250 223 16 556 235 553 162
24 274 379 503 403 72 501 148 96 38 633 584 25 134 321 97 538 156 409 18 447 155 646 278 29
17 101 359 274 500 487 234 83 284 95 357 16 271 227 549 392 68 270
25 503 583 71 86 153 637 426 323 232 291 240 92 235 430 372 678 453 506 580 169 37 668 504 635 277
11 611 83 626 377 306 68 55 233 262 439 325
16 662 422 274 471 338 169 198 428 301 640 218 569 462 523 473 192
15 3 521 139 383 407 585 5 504 538 42 315 466 392 629 298
15 630 341 377 212 262 278 645 256 264 563 463 77 518 238 388
8 43 676 280 40 339 264 93 79
25 480 115 40 282 670 489 173 533 66 420 539 132 371 102 1 61 153 449 585 64 573 340 352 638 76
14 337 320 697 160 138 132 116 580 218 401 538 347 13 485
17 470 298 574 323 685 122 503 371 618 2 149 20 600 425 92 501 113
16 291 254 41 284 684 125 355 360 333 563 305 112 143 348 700 555
20 395 559 698 611 152 123 260 695 322 675 661 390 603 80 331 222 31 148 185 1
14 273 455 410 99 365 236 677 700 86 544 288 105 605 238
22 172 393 168 435 72 92 299 151 366 324 160 574 510 103 31 254 548 65 325 563 271 348
11 347 496 507 272 1 323 37 618 282 361 148
13 404 17 74 250 238 541 315 233 322 53 606 678 102
10 550 312 81 136 87 402 658 325 334 82
14 419 45 157 74 502 132 536 21 377 441 489 125 46 204
21 677 485 185 514 470 650 435 594 634 365 360 678 120 391 420 180 265 94 468 264 80
20 388 331 109 29 70 53 74 569 620 693 135 146 570 91 664 467 403 387 685 69
22 496 680 414 214 331 590 583 508 108 546 320 39 396 109 562 694 644 554 26 20 524 575
22 540 462 529 580 633 387 432 252 440 571 309 700 323 696 105 616 236 171 345 172 304 489
19 103 590 157 351 581 454 177 413 131 212 153 450 540 605 381 418 683 242 522
11 655 166 479 369 374 255 608 307 498 477 664
24 84 645 512 108 215 265 119 660 187 185 353 313 44 20 128 598 699 448 623 700 117 514 496 83
10 230 198 304 387 407 308 55 330 419 287
17 416 323 297 486 372 585 162 684 23 627 337 643 552 197 596 34 508
16 121 640 4 564 241 190 463 607 498 104 227 202 612 617 348 206
9 140 25 392 333 35 189 613 11 205
14 162 535 343 657 534 111 620 151 663 219 407 397 679 575
16 27 335 301 486 225 418 292 457 674 29 287 176 99 290 621 464
25 303 327 248 100 418 689 379 504 409 646 530 398 536 185 429 563 589 107 551 138 156 514 506 236 688
9 446 249 363 234 264 661 136 60 268
12 183 89 33 204 573 17 88 670 327 593 513 447
7 700 190 99 679 605 137 514
11 322 423 253 7 475 219 183 187 165 428 517
11 280 283 444 121 346 665 491 535 130 322 288
25 542 35 406 415 24 201 409 28 216 266 240 237 165 86 650 168 455 214 225 49 265 270 569 254 302
16 4 584 25 182 618 189 406 149 507 670 476 53 5 279 109 503
16 73 85 162 324 683 206 13 170 558 414 505 263 115 585 695 350
9 453 154 52 316 413 573 427 251 189
21 339 666 522 48 293 408 290 460 311 530 297 188 450 515 386 222 197 467 296 490 478
16 30 45 687 641 101 622 603 152 134 400 609 669 528 115 355 132
8 426 595 520 84 100 69 533 224
15 152 452 545 101 102 196 582 90 617 575 601 64 273 49 546
25 213 343 607 295 108 537 634 551 444 183 640 327 507 695 60 424 401 397 137 445 498 10 393 642 508
11 232 256 355 454 463 506 14 158 242 486 405
23 233 63 311 22 161 113 483 31 646 134 574 465 110 676 566 114 610 491 323 152 636 299 174
22 656 458 229 260 173 578 344 479 17 543 521 524 436 665 392 368 502 325 281 115 602 444
16 19 230 398 158 681 675 64 96 461 38 151 493 641 340 408 46
11 276 152 615 426 507 243 662 435 437 113 255
24 421 693 28 308 321 318 106 178 310 264 261 497 52 544 450 519 445 80 101 691 260 700 54 396
8 635 34 643 355 666 448 381 244
8 179 81 294 631 189 17 622 576
18 662 386 280 328 626 555 353 450 383 652 655 239 518 139 697 313 666 290
23 153 272 35 408 292 10 662 111 41 78 76 90 407 233 234 150 677 80 267 364 213 204 665
13 202 188 431 376 36 534 163 689 205 23 336 587 66
17 637 259 195 480 563 135 361 151 484 635 156 8 496 589 421 32 300
21 521 601 548 309 559 351 657 206 159 146 433 584 229 235 578 498 431 623 641 607 189
22 32 616 397 345 145 390 140 593 100 122 33 621 447 258 41 48 8 413 214 4 52 446
19 99 700 312 342 360 355 475 284 427 127 385 273 346 247 271 63 217 391 40
9 469 187 529 652 492 615 64 396 421
8 87 27 218 641 231 4 485 369
25 249 677 278 150 600 428 590 121 414 41 54 363 312 470 134 183 620 604 162 681 621 356 435 573 386
12 55 320 534 46 24 359 203 304 393 160 623 696
14 131 1 241 674 537 94 700 295 2 408 334 275 668 242
9 230 468 555 659 204 20 261 305 432
18 506 407 611 254 503 248 431 208 530 587 591 224 470 527 652 436 230 321
17 608 487 688 588 295 651 532 282 670 217 73 84 443 221 29 351 209
10 214 69 33 196 330 622 315 466 569 261
21 44 545 306 316 482 240 167 249 173 495 668 40 547 409 203 274 579 121 383 581 517
10 384 170 291 67 680 510 261 631 199 308
19 69 97 74 51 190 373 17 29 157 666 370 627 634 76 483 39 513 517 99
12 591 676 264 469 222 310 542 655 451 396 556 63
15 656 544 300 540 204 232 316 586 142 164 124 328 518 622 134
9 623 306 611 386 233 438 232 4 593
8 433 22 683 354 672 441 636 102
25 650 501 594 196 126 132 604 281 565 471 271 647 173 692 421 651 358 429 514 413 59 104 634 123 513
13 616 382 301 297 625 134 265 376 305 548 28 651 325
24 562 329 490 512 352 540 432 270 117 299 610 621 232 551 429 537 326 417 585 383 133 236 172 483
8 675 646 466 578 446 81 538 397
16 624 641 639 465 397 345 115 584 225 57 693 135 522 118 165 606
22 524 166 475 76 668 675 371 169 478 245 26 584 434 604 369 104 59 135 337 614 513 137
23 35 531 669 105 171 562 308 485 680 10 428 504 114 684 452 465 698 110 532 21 222 28 675
14 476 89 129 549 146 396 42 239 403 189 536 689 555 29
13 371 330 274 658 277 105 352 396 583 527 142 253 365
13 626 68 69 602 193 27 163 359 656 98 115 118 472
13 475 7 670 272 158 193 675 443 250 667 634 230 587
17 313 697 59 373 189 607 305 111 615 104 573 637 574 29 677 389 367
16 651 369 13 581 642 264 471 119 333 442 248 101 84 214 650 494
22 299 645 516 671 517 303 456 419 348 536 185 481 343 102 17 128 289 15 495 400 690 401
22 314 452 275 527 274 236 288 617 348 462 185 156 164 627 82 482 418 481 171 254 442 136
15 18 366 415 545 300 376 362 679 175 202 406 198 63 117 449
15 509 368 350 52 475 448 200 340 47 144 84 594 232 301 280
11 575 668 574 578 327 538 54 561 516 519 408
7 46 582 52 317 293 493 378
13 334 422 75 186 617 559 585 636 228 299 141 499 54
8 605 653 230 3 113 633 670 432
20 167 220 77 671 81 384 173 4 88 323 147 193 290 211 267 483 640 71 689 72
22 181 317 171 81 382 614 121 655 643 1 578 443 340 126 478 146 501 58 506 479 649 106
16 102 214 283 632 365 168 507 249 242 108 97 187 297 402 603 348
7 271 207 320 303 219 114 304
22 370 339 264 519 520 55 660 118 13 511 614 173 289 570 57 302 282 8 638 48 640 312
18 127 524 586 208 417 510 291 275 22 31 622 217 553 554 481 653 426 544
21 196 583 184 678 685 636 262 36 95 125 616 400 167 4 497 219 157 499 633 286 579
17 114 427 160 659 247 373 176 664 587 616 529 532 205 203 141 317 320
15 353 664 19 387 614 574 201 111 95 434 130 546 646 189 447
15 248 276 123 647 487 447 50 352 16 460 298 635 126 697 384
18 564 651 449 342 469 295 231 410 27 409 338 21 424 429 442 415 392 45
7 130 29 375 491 295 438 359
21 374 545 289 20 89 159 597 191 346 441 622 509 31 326 94 218 625 299 540 141 61
13 689 406 305 526 208 519 73 234 6 43 675 245 28
17 632 562 308 603 161 392 245 385 313 170 149 23 283 315 427 114 202
7 431 369 522 441 163 111 190
8 167 566 562 525 390 183 536 322
13 444 417 218 16 630 316 502 423 536 527 206 106 634
17 588 614 358 401 193 93 105 587 497 598 542 271 257 244 161 632 351
18 208 39 305 559 71 458 377 390 194 165 319 78 664 360 668 566 211 263
13 10 358 151 353 397 31 383 47 415 542 147 543 169
16 30 222 164 551 424 331 655 255 629 248 391 480 537 486 68 286
10 658 331 265 213 91 480 284 462 216 151
13 688 277 273 362 387 236 470 225 654 43 280 20 539
19 22 531 580 541 674 306 612 656 341 174 193 44 608 248 127 146 240 80 694
13 327 38 59 43 236 16 47 319 198 466 598 263 181
15 175 586 211 337 47 212 476 321 383 83 135 232 622 679 686
8 141 434 317 146 125 84 168 202
12 232 430 189 1 410 154 627 133 495 689 56 684
15 388 327 204 36 585 536 70 39 449 532 439 121 178 621 613
7 41 138 697 329 291 65 549
16 267 140 413 172 214 533 407 505 618 420 81 597 92 645 326 175
17 9 451 185 56 629 694 619 166 62 586 392 109 182 634 477 581 22
7 161 267 557 125 262 473 30
14 219 600 519 473 660 210 336 129 117 593 44 516 532 120
7 684 507 673 353 101 531 542
13 489 508 84 427 165 235 199 518 379 103 16 538 593
25 124 59 476 631 657 671 460 472 225 184 341 370 401 384 424 557 504 320 383 319 318 461 262 345 47
25 213 168 153 47 457 61 16 696 609 15 688 102 613 316 325 337 361 309 665 139 460 551 13 524 382
21 507 651 259 76 543 379 692 374 33 429 134 240 162 14 85 578 252 617 228 224 232
21 328 509 373 43 468 385 460 666 25 56 161 467 506 29 126 333 452 192 578 54 559
13 177 209 498 572 488 301 2 533 5 432 73 418 141
17 34 24 184 427 283 622 5 266 465 107 620 245 143 255 217 145 419
8 658 233 692 27 281 464 377 286
20 451 12 361 301 176 275 646 608 114 509 610 331 537 665 506 674 337 595 236 41
18 650 88 604 438 284 281 671 1 361 200 634 444 449 653 176 424 661 236
13 366 614 647 62 31 340 17 496 541 300 468 121 315
20 277 321 141 143 652 38 121 604 248 531 458 211 519 318 237 80 6 478 537 217
17 633 132 249 98 163 409 526 22 113 127 597 120 26 51 682 96 428
7 68 591 463 596 162 497 95
19 250 569 134 682 459 168 638 296 534 430 125 434 653 503 438 191 610 599 473
23 563 284 454 17 469 537 698 589 84 221 612 315 174 345 31 550 593 423 384 172 492 500 511
15 506 97 416 168 29 119 274 336 583 291 375 191 95 420 179
21 19 116 338 378 344 167 219 203 550 519 364 454 698 73 618 489 668 622 143 322 464
22 355 618 416 413 288 552 505 625 635 549 34 589 419 252 640 72 578 125 383 164 415 512
24 396 629 644 205 101 71 289 364 548 237 68 688 334 109 104 565 519 332 105 587 210 493 484 569
11 222 34 645 646 105 526 92 649 187 370 20
7 404 488 172 194 147 330 695
8 392 355 345 230 459 398 375 131
10 33 415 234 252 210 266 599 138 397 79
21 462 199 673 239 172 581 636 76 609 324 251 108 123 437 150 416 33 21 570 683 335
15 105 91 665 339 468 247 478 565 500 204 58 163 33 525 406
21 380 345 32 259 10 329 303 179 80 608 443 204 619 430 141 164 278 593 65 644 531
20 539 552 68 428 382 622 213 116 559 548 123 439 177 611 484 436 201 452 36 322
12 101 309 189 553 268 150 327 53 638 565 597 226
22 647 236 162 469 151 47 26 331 24 539 125 608 228 154 195 458 411 190 632 146 302 94
15 212 95 82 32 411 241 482 175 618 278 347 297 403 337 60
24 412 78 406 218 336 604 297 465 394 173 163 548 691 596 200 665 343 575 418 413 498 264 351 225
7 311 598 214 171 227 131 130
9 172 577 433 505 667 307 512 17 138
14 50 42 454 403 339 549 635 511 675 554 429 363 604 492
19 74 220 310 532 309 550 486 177 221 192 570 382 167 215 95 509 62 193 121
14 512 1 549 298 41 382 223 288 62 669 297 91 248 580
12 521 396 148 20 466 253 72 627 53 435 195 658
22 414 361 407 200 685 67 600 634 512 432 641 297 571 146 337 29 679 506 203 527 666 215
9 408 215 159 684 557 32 190 516 102
13 273 687 56 180 365 281 373 475 546 343 672 590 570
23 224 343 243 496 469 289 419 214 187 300 173 541 208 109 238 20 396 249 299 213 260 76 528
19 611 22 672 299 140 260 564 192 269 19 302 8 15 10 158 414 418 385 599
17 316 16 50 322 573 638 360 244 281 227 393 283 658 465 47 144 4
14 43 358 617 93 359 446 325 452 206 420 423 584 194 531
21 268 535 450 131 272 642 28 393 630 377 144 541 511 413 235 379 174 442 41 294 514
23 427 644 690 627 656 90 262 171 346 316 668 231 333 362 551 119 568 407 30 409 57 672 659
25 319 430 43 266 632 118 259 51 264 655 339 645 66 419 523 696 482 493 435 560 63 398 531 60 618
10 120 469 27 277 561 46 38 612 110 576
18 202 623 61 653 171 659 443 641 406 662 694 400 652 277 405 383 320 139
24 689 611 105 175 447 510 526 199 95 187 417 157 376 633 357 520 602 407 30 586 55 343 251 286
16 606 357 315 252 648 263 459 66 384 4 424 691 347 570 236 639
14 612 72 41 472 319 407 514 698 560 164 84 478 179 490
20 196 211 474 172 642 252 294 525 80 591 187 53 154 40 374 283 271 74 577 183
12 659 529 148 41 186 580 608 219 522 537 416 321
16 298 532 648 263 564 356 514 484 548 123 388 111 248 99 7 145
7 607 146 114 136 50 459 626
22 237 213 198 57 547 5 558 64 684 506 291 73 261 657 81 530 333 355 320 224 62 660
19 186 484 688 521 537 508 406 396 346 577 497 366 321 223 125 211 194 209 552
19 6 602 170 540 355 317 12 598 543 399 4 638 188 27 462 246 381 517 553
21 316 181 212 179 275 439 2 425 663 281 74 260 256 449 248 615 54 687 111 477 346
22 596 138 688 123 178 548 564 151 497 61 685 578 662 650 314 219 517 157 129 80 221 7
7 84 152 635 554 107 578 224
7 13 663 558 268 557 284 682
7 212 170 14 588 128 562 626
10 581 166 259 597 397 386 598 488 392 359
24 351 372 27 97 625 185 164 213 511 658 542 528 279 477 154 212 488 680 476 275 22 394 259 548
20 661 394 268 574 327 686 102 93 36 575 679 150 570 287 412 351 559 6 49 67
17 529 659 493 419 642 556 408 286 574 278 129 132 462 169 382 404 371
21 593 19 117 700 107 305 101 458 84 131 12 674 338 134 394 17 502 564 583 218 606
7 469 498 430 645 423 271 424
20 66 120 83 659 103 630 433 68 418 262 283 540 60 480 421 606 96 371 484 457
22 292 230 640 397 293 620 530 368 67 478 464 70 151 678 113 42 347 267 622 497 700 112
23 81 336 384 80 103 244 605 332 132 191 271 454 366 682 246 379 659 579 19 678 654 309 183
10 141 411 310 445 695 392 591 631 107 539
9 72 511 95 528 350 301 307 671 216
15 458 257 699 98 275 672 632 54 675 254 440 328 71 661 475
21 268 211 300 283 178 605 316 466 495 343 414 557 512 69 325 282 549 666 520 113 68
13 578 617 396 49 609 29 381 366 35 163 24 646 415
8 641 283 125 648 617 694 117 12
15 448 539 604 424 619 269 513 75 688 629 317 476 381 311 595
18 51 418 315 619 607 359 388 561 149 668 615 510 458 197 245 466 423 36
16 417 225 492 371 120 268 258 318 422 385 394 293 362 681 321 62
24 369 182 583 11 495 395 326 146 202 161 149 264 43 493 16 136 434 61 40 608 325 633 673 671
14 88 180 208 700 25 490 471 590 386 51 36 515 12 410
12 415 311 314 329 99 290 476 559 122 453 35 588
16 254 527 432 495 256 259 444 69 340 96 474 149 161 201 266 630
25 621 344 682 461 578 469 55 669 140 18 688 599 57 409 110 145 416 212 442 319 620 618 194 696 292
9 179 576 483 416 287 98 389 496 245
13 414 543 323 393 612 68 292 262 440 12 198 401 232
19 138 333 95 483 442 231 55 19 74 466 214 677 529 549 372 198 621 482 357
19 63 320 540 274 330 666 108 123 165 111 412 600 182 432 260 555 443 118 21
9 71 383 314 652 155 555 75 508 159
10 285 308 247 393 511 635 48 360 488 463
17 394 49 466 222 404 203 44 3 136 682 151 313 467 374 606 558 623
20 657 57 187 511 492 460 77 595 402 459 123 611 278 271 28 462 192 36 283 32
17 694 265 183 41 118 161 121 295 419 60 103 371 297 527 342 526 66
16 503 427 342 388 343 698 651 309 95 428 596 188 673 444 663 452
22 39 166 388 622 248 677 569 5 572 641 670 693 35 665 46 537 577 468 226 401 239 333
18 14 86 106 380 275 516 432 329 424 145 373 36 33 164 693 130 141 469
19 307 91 428 261 595 565 566 102 314 437 475 492 101 444 426 12 292 642 80
25 626 277 694 491 46 171 183 431 121 153 494 390 345 596 330 676 105 470 620 329 454 695 287 559 346
17 155 396 97 186 610 22 298 586 159 600 426 542 685 145 451 577 669
11 335 403 89 38 683 533 189 145 311 556 374
24 518 251 545 64 74 535 361 526 198 25 595 230 310 510 79 481 180 275 147 279 687 392 293 284
20 37 700 402 62 408 388 103 64 83 482 27 352 538 519 192 68 79 163 629 99
11 255 248 642 34 389 422 386 673 170 639 385
11 76 199 178 150 468 330 381 654 16 375 80
9 598 639 328 147 640 656 379 473 229
12 381 528 683 288 195 545 152 86 380 525 447 20
10 247 333 140 629 678 292 558 436 12 283
22 251 591 344 87 286 232 424 405 618 467 214 52 126 71 587 473 653 642 72 435 258 433
16 576 591 256 676 367 454 36 529 678 302 550 280 538 372 691 279
24 370 627 556 421 538 676 497 311 123 393 155 15 111 126 22 571 109 348 568 548 64 605 628 453
19 648 277 632 326 4 100 232 236 49 18 615 265 627 619 208 10 692 302 476
21 603 455 57 569 401 85 107 484 37 218 692 164 279 390 377 425 325 382 214 480 581
20 92 307 273 20 256 190 590 49 168 623 498 153 348 507 399 5 459 478 438 7
21 107 38 100 131 14 370 261 618 238 168 30 471 410 379 341 250 115 71 265 180 674
22 595 648 584 350 253 201 104 71 387 461 477 576 474 548 496 202 157 668 406 435 619 67
16 469 697 489 540 311 360 435 671 58 263 3 169 543 672 319 534
8 271 291 220 74 219 156 92 207
23 478 79 333 413 504 497 431 181 649 385 500 655 205 27 545 502 444 644 585 564 162 509 316
10 71 459 19 469 265 586 378 418 403 239
20 235 443 153 38 609 74 100 612 236 184 535 424 397 409 58 370 526 596 248 91
25 56 251 673 503 62 594 23 54 29 99 518 87 409 250 160 577 420 362 559 469 156 110 429 123 438
24 98 458 663 236 420 356 371 384 440 407 266 492 474 668 96 275 433 494 487 416 157 293 514 594
9 660 142 614 196 81 462 557 224 3
21 545 2 317 161 507 159 209 499 243 643 651 145 157 632 9 475 297 56 341 239 384
8 271 400 449 556 157 432 46 422
20 452 17 578 469 26 168 571 658 94 319 638 562 337 313 25 55 175 472 689 623
17 136 682 453 264 228 217 248 647 260 550 401 548 495 564 395 227 498
24 336 421 494 571 268 507 238 504 538 172 387 224 554 614 99 34 396 559 666 563 684 63 496 2
20 296 215 386 59 577 693 540 177 396 197 367 364 401 573 126 658 437 269 370 135
11 652 344 614 425 154 213 76 640 269 604 557
8 397 197 366 344 457 93 575 607
16 142 683 473 148 184 230 374 668 380 368 694 415 418 226 646 618
22 278 490 323 102 628 586 259 480 30 612 274 322 684 455 568 179 106 665 331 558 594 608
20 310 194 619 84 129 406 316 267 436 285 492 76 407 354 516 235 532 541 214 133
7 147 454 458 605 40 289 486
21 354 372 385 513 492 420 224 61 608 371 643 698 694 528 173 377 408 491 686 225 46
18 92 461 147 660 266 104 577 508 666 160 641 357 523 363 333 563 263 249
12 608 454 312 61 183 108 453 408 303 388 593 306
7 167 660 647 431 499 57 577
22 401 93 99 371 495 473 540 236 509 136 557 91 4 530 218 405 66 662 256 318 695 595
25 407 487 641 621 292 580 139 452 498 272 658 335 694 301 258 152 548 125 560 417 10 497 504 450 91
9 571 431 506 473 124 230 89 664 115
11 93 593 451 645 417 658 89 551 536 348 628
18 524 101 82 562 329 291 501 521 359 258 355 62 73 680 675 529 697 231
11 128 39 493 637 359 72 203 413 170 541 431
22 569 161 402 249 6 163 72 181 300 129 50 146 299 2 178 103 665 65 262 168 43 416
19 232 585 66 170 136 245 456 415 366 183 359 198 571 302 478 62 499 622 395
20 327 578 668 628 669 645 507 611 257 622 263 82 693 295 147 254 312 330 589 120
18 574 389 644 643 352 549 219 638 537 295 637 77 50 285 71 599 96 371
11 452 340 565 234 384 359 128 2 573 607 330
17 221 113 345 351 285 267 358 95 256 364 215 72 533 54 78 632 536
9 314 407 515 543 575 436 246 578 60
13 4 334 508 612 690 50 314 670 23 374 191 429 421
25 149 524 296 450 376 125 538 324 295 262 290 197 672 475 13 274 637 76 312 246 199 405 111 403 516
22 449 562 537 236 483 362 268 608 118 197 130 206 12 348 282 18 520 340 318 584 188 2
23 111 639 550 136 414 356 685 318 697 432 641 133 157 513 300 291 36 185 618 127 204 275 220
16 391 306 233 544 648 64 324 110 290 374 593 547 446 225 256 126
14 504 21 641 289 655 357 270 224 328 179 408 625 360 265
20 579 196 424 474 95 340 559 2 110 511 211 200 202 380 420 71 539 625 698 124
15 555 43 579 57 585 686 86 671 629 385 443 79 339 164 450
8 78 210 521 538 371 631 165 411
19 402 695 57 357 503 417 380 261 24 382 539 531 351 3 389 88 520 182 548
9 561 694 465 253 213 187 171 217 90
13 306 351 365 240 16 227 159 693 512 668 375 50 77
16 570 469 251 624 686 314 688 231 33 536 586 423 50 578 693 279
12 606 199 285 574 360 119 669 343 351 31 207 620
16 517 700 528 407 319 303 493 406 670 690 137 553 1 464 443 206
14 83 362 580 225 525 470 507 657 242 149 93 630 659 586
21 635 321 81 108 16 41 526 699 498 561 586 116 117 640 89 574 691 547 90 173 663
18 359 368 40 409 641 617 660 339 636 694 672 308 399 218 202 637 277 572
14 552 279 291 340 80 161 267 134 158 186 441 333 692 683
20 455 645 497 615 269 374 527 294 668 219 109 88 553 83 453 660 184 444 282 221
12 248 55 691 231 507 582 24 144 603 478 653 430
9 371 422 73 271 55 151 511 655 58
20 636 86 360 435 478 53 198 565 540 585 382 219 430 453 552 220 42 137 694 687
17 125 340 324 700 260 457 349 39 36 631 585 406 687 357 259 603 477
8 639 599 30 391 434 623 103 25
17 34 369 252 639 58 243 278 501 545 513 678 199 356 683 577 17 586
16 525 187 273 676 378 636 398 520 438 232 538 217 54 316 294 552
24 450 355 49 661 652 4 329 521 6 46 519 280 671 335 148 254 22 171 379 397 625 387 115 169
14 314 679 265 317 339 88 8 322 310 656 442 115 29 328
18 31 566 253 132 121 268 37 80 650 550 648 272 95 426 143 308 630 515
17 9 692 694 637 259 539 123 254 623 436 138 245 317 237 350 544 318
22 536 480 13 112 75 226 246 676 657 653 519 399 181 377 385 149 581 588 488 177 458 365
9 144 145 585 256 138 120 435 645 143
8 304 489 233 612 677 647 236 165
7 358 64 353 341 217 576 324
22 354 561 605 35 433 653 463 10 669 193 300 528 451 1 135 530 267 395 457 87 127 121
23 285 184 475 435 338 650 369 69 49 588 88 322 410 665 319 376 164 186 418 685 268 209 83
24 602 465 644 242 170 598 463 150 472 86 668 408 497 356 266 290 686 387 630 349 457 193 627 140
23 64 695 576 97 167 312 203 480 144 381 44 557 11 608 512 605 510 556 648 185 324 163 186
15 483 566 31 228 510 259 93 487 537 459 364 603 88 558 218
7 65 624 266 636 147 374 53
23 204 678 282 11 280 117 133 299 649 365 266 190 184 552 447 385 399 318 171 143 50 383 326
25 439 370 260 348 144 558 444 42 185 397 675 106 386 302 596 608 232 408 291 96 561 462 534 284 448
12 688 45 19 313 488 662 168 530 577 545 2 582
13 330 309 676 305 522 682 204 615 3 371 640 624 240
8 598 695 477 73 529 70 299 432
19 427 632 673 578 618 297 382 346 345 562 278 174 588 333 314 401 257 357 7
10 227 524 130 592 517 294 194 629 272 267
11 611 112 26 38 56 554 408 628 270 7 393
25 220 618 122 47 245 337 504 645 326 582 595 391 622 416 367 536 421 406 453 428 684 552 480 72 350
17 354 280 2 197 397 582 386 125 399 346 1 407 435 224 432 170 695
16 699 465 120 240 421 143 248 404 544 89 84 636 169 233 348 625
7 258 454 184 243 330 150 647
9 490 155 606 131 562 681 300 362 697
7 570 423 632 636 681 571 282
10 116 391 215 58 9 94 627 83 231 325
12 442 106 354 366 80 529 11 683 162 308 172 285
22 115 381 216 609 472 679 417 88 173 473 16 571 179 137 697 294 639 428 410 105 138 59
8 487 314 511 353 265 160 495 208
16 303 657 29 247 165 271 251 418 414 167 258 273 407 206 129 514
25 664 444 203 617 412 665 192 492 500 369 656 684 314 175 324 548 384 379 591 519 685 131 200 571 253
14 64 700 457 210 409 94 673 106 310 333 396 610 243 682
8 92 78 244 126 138 591 539 262
13 357 370 576 556 190 298 34 671 381 23 419 612 32
22 596 300 458 573 76 372 109 227 175 373 687 117 53 179 628 497 669 656 218 323 635 133
10 242 255 45 131 197 635 21 228 473 371
12 621 186 550 652 216 693 556 409 677 462 227 279
18 13 388 185 604 457 16 513 405 593 266 597 365 345 522 581 92 137 98
22 294 418 541 25 72 660 497 326 381 218 509 170 230 383 142 2 158 572 109 619 681 415
21 576 89 96 685 642 280 653 7 592 239 336 350 574 489 418 1 249 132 55 356 86
25 345 35 185 414 283 183 604 655 355 115 10 321 689 62 494 162 659 312 228 590 657 602 521 599 132
21 276 107 62 393 574 22 576 283 272 566 89 271 585 91 299 587 684 608 321 563 248
16 534 375 524 324 159 325 201 489 284 509 671 269 98 177 23 408
20 478 639 172 674 187 284 109 442 369 214 324 446 188 150 198 552 648 482 632 571
8 598 385 234 650 35 540 599 11
18 208 622 167 314 109 396 603 491 248 633 212 171 154 77 193 88 532 7
19 656 229 379 443 631 181 461 453 222 550 312 694 34 6 295 263 456 381 77
20 351 159 640 165 6 695 139 615 480 436 270 462 229 92 541 489 170 73 62 546
24 62 67 617 278 641 288 532 691 679 226 375 505 463 11 599 132 369 421 610 673 267 303 134 310
23 208 249 576 426 498 380 253 197 509 198 109 637 4 102 172 297 359 73 286 407 331 141 45
23 40 98 431 630 350 173 499 244 596 352 190 543 583 415 290 574 563 649 632 573 443 337 159
7 456 269 371 693 640 527 434
22 89 259 485 273 57 269 548 60 500 663 495 58 613 197 328 393 426 283 4 693 397 673
18 335 75 345 383 477 300 132 309 557 184 308 427 552 105 493 61 249 602
13 320 669 384 604 36 293 269 107 418 237 577 156 409
9 345 272 565 521 400 168 119 462 451
9 104 647 199 542 372 84 298 214 145
8 677 415 225 690 16 126 90 314
11 559 224 294 586 519 560 241 25 261 352 500
23 689 373 233 445 292 421 266 384 415 47 410 625 323 644 653 515 654 353 136 24 313 367 22
13 504 329 641 435 618 2 511 64 377 627 261 434 541
20 282 145 589 154 285 198 601 493 307 526 414 306 682 516 170 140 376 54 228 566
7 192 205 671 465 394 664 2
20 194 492 408 70 486 570 21 599 571 490 610 434 654 364 504 9 124 473 162 317
25 350 451 432 303 103 252 646 676 509 620 565 518 379 656 378 97 298 580 628 125 73 55 190 452 281
12 7 309 633 691 667 466 565 491 420 551 401 132
15 606 35 262 145 562 229 216 325 128 209 349 579 117 607 3
17 44 504 610 430 6 173 651 643 239 10 447 329 677 488 319 469 142
9 45 650 389 213 87 10 634 197 378
15 554 137 121 425 435 120 606 678 194 156 5 366 613 506 471
18 395 675 124 592 475 26 574 13 184 296 547 181 573 100 345 414 49 313
17 168 467 342 243 699 585 267 550 435 691 182 216 290 404 115 215 631
17 672 663 524 365 73 150 162 434 562 156 384 39 671 346 207 626 359
16 617 539 452 4 637 575 25 270 212 349 363 79 134 378 261 383
24 409 279 622 573 275 690 411 200 162 50 501 106 305 624 569 400 642 599 149 1 668 60 509 426
23 532 490 116 248 689 517 124 93 617 374 200 587 236 525 106 452 146 320 379 661 178 127 175
17 301 655 255 691 661 553 50 335 218 405 69 101 399 157 152 611 359
17 389 63 146 347 318 157 25 343 460 258 430 110 239 557 316 691 219
18 685 139 19 31 591 587 564 600 245 134 321 535 431 365 333 686 324 2
25 603 330 314 382 136 511 320 25 698 588 399 638 197 14 426 421 526 637 574 659 362 628 619 193 190
19 456 512 344 603 405 142 395 612 615 455 89 698 466 51 595 457 143 372 682
19 673 573 307 328 262 60 157 645 137 692 551 465 150 54 258 467 496 518 642
20 35 651 215 266 439 229 489 10 18 535 569 189 38 603 660 240 242 495 424 505
24 369 70 407 642 612 216 77 31 244 173 440 252 92 483 405 117 282 196 364 461 538 494 469 611
10 467 100 601 508 304 193 277 671 459 454
7 124 475 618 622 346 83 241
24 632 598 163 129 72 625 549 639 477 277 267 251 537 490 316 543 223 193 332 344 323 699 216 302
16 318 433 307 147 52 484 654 16 699 137 288 368 603 321 108 512
9 656 511 285 110 19 485 600 60 631
14 200 580 683 41 431 246 51 286 263 669 613 440 311 304
18 628 154 577 410 630 371 459 288 124 674 170 597 175 663 481 11 540 591
17 540 164 515 551 608 590 295 611 34 673 126 448 636 87 208 307 488
11 66 304 625 230 98 86 633 52 568 679 33
19 143 18 44 695 411 287 81 591 41 354 657 387 690 36 696 441 15 84 69
13 575 141 17 404 327 326 124 152 609 586 221 425 225
23 322 329 700 605 24 407 404 458 241 51 555 248 651 357 669 440 177 85 182 170 595 247 684
23 255 264 154 321 590 652 235 47 570 537 450 671 48 111 340 342 637 394 499 230 592 87 81
10 461 269 457 264 535 460 321 406 560 45
12 668 430 453 136 203 221 64 650 402 339 407 495
14 301 621 500 282 227 261 171 507 22 180 320 120 651 109
16 292 388 540 166 135 377 245 667 267 224 251 579 342 174 479 75
21 341 442 327 391 294 690 129 410 315 214 178 106 211 77 195 126 172 66 9 197 597
25 696 236 224 54 136 9 165 185 457 271 421 551 280 200 441 242 383 68 302 498 241 179 593 83 55
17 560 542 462 112 583 531 245 689 271 676 251 650 342 44 500 395 607
23 580 274 270 68 14 133 199 394 379 501 136 319 396 695 589 315 562 339 554 403 40 285 367
18 661 563 593 567 286 678 328 642 611 260 278 74 491 353 315 610 115 32
25 171 344 547 558 138 339 548 69 365 589 683 190 667 194 265 490 340 263 648 440 444 307 191 395 2
8 543 228 388 34 225 239 200 536
17 658 38 147 592 467 130 447 652 441 19 442 401 564 168 387 580 311
19 94 488 31 301 176 289 349 700 448 149 171 571 622 298 223 341 620 41 327
10 352 392 163 627 523 651 658 441 289 304
22 426 440 83 384 307 177 260 292 689 241 185 66 181 663 696 112 8 35 231 495 447 411
10 162 337 614 32 278 228 623 494 167 171
