800 500 5
16 288 434 444 499 210 32 322 327 75 498 332 304 413 107 377 118
9 408 247 477 485 257 105 206 395 391
23 110 256 114 230 283 170 231 457 130 416 287 444 184 203 54 328 30 313 323 239 69 242 414
12 140 142 370 100 360 85 230 266 291 51 277 437
23 119 480 101 97 160 474 207 113 151 221 315 314 445 288 110 44 99 209 122 83 22 180 237
23 343 180 123 49 286 61 478 457 169 296 494 363 72 309 458 391 295 176 431 104 164 161 74
21 486 308 20 142 478 399 28 343 452 150 350 384 481 118 392 458 474 205 349 183 80
11 74 405 404 314 477 40 284 163 296 428 223
7 246 312 404 170 104 72 437
12 41 205 482 333 45 160 455 432 339 293 270 278
10 294 457 317 303 225 498 252 146 355 39
7 384 418 477 144 251 359 188
19 63 231 402 93 443 68 483 497 32 191 193 336 439 47 469 247 358 414 355
23 290 151 217 167 349 250 301 347 253 489 207 364 338 311 478 334 480 276 496 40 378 141 26
21 240 216 141 430 373 288 82 416 300 489 359 217 173 386 186 214 148 167 131 129 298
22 352 456 289 386 471 398 102 135 281 92 154 297 321 407 373 218 319 274 435 290 16 420
24 392 89 157 316 129 290 230 401 317 385 346 105 275 384 90 200 440 323 40 455 95 102 463 472
23 325 434 474 100 397 388 122 190 500 11 347 440 493 284 373 187 332 127 182 237 146 68 153
21 210 335 153 254 301 400 52 121 393 290 311 101 51 238 427 246 247 206 181 390 71
19 30 168 481 304 251 105 99 72 260 449 215 378 74 405 14 363 344 13 237
7 247 287 263 66 345 326 474
23 425 417 280 277 408 303 118 465 375 332 413 329 31 107 124 491 79 132 206 424 90 294 473
12 336 183 162 106 445 353 32 485 429 304 352 231
15 337 99 438 299 419 38 424 397 267 396 35 314 410 13 214
23 408 180 254 340 240 53 452 158 477 114 26 425 77 160 379 336 299 268 446 139 431 482 461
7 160 165 486 364 98 393 226
7 1 84 50 388 425 315 79
15 149 60 355 324 369 14 178 482 289 332 183 276 472 235 215
10 306 401 181 496 358 202 37 407 144 378
11 176 334 466 442 235 204 127 6 257 327 16
24 387 249 52 59 383 393 18 235 213 109 276 257 460 462 362 37 9 465 106 457 16 305 113 307
17 259 230 179 355 89 98 410 444 154 394 388 361 203 165 335 68 494
15 165 31 400 233 220 255 133 455 345 40 266 304 147 177 131
23 57 375 471 216 322 59 182 34 50 458 213 114 344 482 132 272 259 101 411 489 494 461 67
12 23 326 95 376 280 1 416 465 233 98 361 389
7 217 224 451 376 290 85 209
25 196 430 251 139 4 242 451 25 216 50 41 179 169 261 228 348 313 476 336 405 113 172 237 500 386
14 155 360 352 285 346 367 331 83 262 356 102 77 279 127
20 70 161 128 494 497 309 371 12 460 47 216 479 360 181 182 252 244 15 443 151
22 106 149 193 206 357 165 478 467 67 488 395 197 218 436 299 454 369 121 332 262 241 75
7 100 22 432 33 437 477 440
22 377 434 265 308 72 323 456 488 302 290 52 337 242 338 396 137 279 67 433 442 208 239
9 44 333 385 240 395 138 496 325 179
12 100 224 324 348 378 78 427 192 116 469 294 305
20 328 252 469 88 323 340 274 292 101 1 432 388 353 116 68 362 447 201 267 404
24 268 148 224 386 436 358 497 270 367 425 493 311 35 250 117 60 241 319 132 380 196 314 15 135
13 441 282 246 374 412 59 76 3 426 468 340 194 461
23 108 189 487 339 59 461 379 432 494 273 369 208 92 292 481 168 335 486 406 149 223 47 464
12 205 170 465 275 217 359 456 162 77 86 411 136
18 109 356 259 373 340 91 201 458 500 475 405 21 319 322 50 473 117 459
25 214 120 412 377 179 357 323 5 237 102 203 215 72 425 229 318 341 219 142 264 171 275 387 11 113
14 172 55 6 176 369 314 332 56 358 226 303 51 94 143
24 367 393 277 75 218 443 319 405 358 366 401 415 191 385 150 228 166 294 279 2 382 225 146 13
17 419 42 435 236 16 426 161 132 362 269 108 146 91 384 167 276 394
25 331 267 129 397 454 243 439 14 382 71 256 163 89 324 322 465 274 46 385 140 338 396 380 494 419
25 192 329 370 40 304 62 257 135 52 402 64 272 457 491 421 460 179 258 385 483 66 183 354 14 464
9 244 425 100 124 287 358 389 410 496
11 402 81 376 459 279 154 355 409 94 243 314
18 177 211 462 84 105 85 356 461 402 35 431 301 362 118 8 163 234 16
16 179 409 129 342 102 197 258 422 5 290 68 180 157 101 382 153
13 351 489 295 30 99 128 323 335 472 107 89 248 223
8 200 92 292 199 459 196 121 227
9 383 377 273 208 450 240 477 24 432
18 8 383 313 35 309 332 266 480 208 43 50 186 334 86 201 467 492 483
15 465 257 61 59 219 400 414 231 312 440 442 93 276 88 355
18 480 34 68 218 292 155 403 110 31 462 201 74 157 225 316 372 283 401
21 95 87 438 253 27 259 19 56 363 407 68 38 393 444 170 389 400 145 77 426 146
14 277 101 48 41 201 415 354 462 457 265 303 171 458 249
12 472 470 19 152 497 409 74 134 434 111 270 414
17 341 96 365 20 472 206 358 233 313 316 101 3 364 182 456 309 372
15 457 311 249 468 499 373 287 255 374 216 283 50 58 284 185
14 269 445 325 247 490 18 253 489 330 37 444 177 138 451
9 376 198 482 246 30 12 192 197 86
25 23 487 117 315 160 110 473 478 206 299 115 96 47 95 334 108 241 443 419 287 493 305 155 395 252
25 470 84 174 187 204 493 42 246 8 385 132 291 424 125 163 324 83 210 328 3 45 267 396 487 14
23 141 318 453 305 259 166 86 452 303 261 375 59 27 421 487 148 476 106 354 385 33 190 359
17 484 301 253 434 210 416 11 340 44 349 186 67 195 221 411 458 252
24 3 241 311 95 365 245 349 16 270 268 298 433 17 343 288 390 169 87 253 277 203 74 460 55
9 179 80 99 144 339 353 9 138 450
8 377 345 397 206 447 282 86 179
17 98 458 61 13 142 320 283 71 96 355 47 482 280 305 395 405 296
15 85 109 235 114 357 390 244 394 335 383 435 145 499 229 345
10 486 448 45 497 250 314 292 427 106 252
11 249 306 121 189 317 388 103 458 343 83 45
10 396 179 17 389 11 427 424 152 223 260
10 144 251 235 131 191 441 249 81 309 303
14 357 33 275 313 105 7 234 97 203 172 49 22 132 405
21 474 195 308 189 324 49 416 47 172 306 338 385 294 149 234 62 496 345 252 500 225
21 496 261 231 160 55 480 101 302 61 316 266 121 143 3 421 20 484 465 245 168 129
18 179 444 493 54 5 462 77 47 191 443 129 357 320 102 91 259 313 196
11 131 145 438 457 68 484 300 354 395 125 473
18 468 285 420 143 345 341 499 96 325 121 212 69 383 126 224 157 160 491
7 108 321 100 443 394 446 48
16 463 375 487 427 383 226 378 468 448 191 342 358 362 384 189 1
16 52 88 217 90 213 248 410 421 442 222 441 131 97 420 288 387
24 250 494 334 73 473 130 289 76 288 26 41 141 62 471 201 333 71 441 148 187 35 449 178 476
17 417 117 37 358 197 206 162 282 120 161 264 69 210 359 32 86 191
17 490 35 334 375 426 9 335 301 339 108 251 199 456 248 7 175 47
17 417 192 63 191 40 23 111 215 455 418 163 286 459 207 325 382 119
14 213 129 161 108 182 145 467 216 214 235 316 261 420 258
13 210 247 232 75 233 113 462 280 35 86 205 332 122
16 270 492 444 74 348 477 1 445 389 188 252 485 414 331 457 60
22 308 356 78 31 384 484 497 272 197 327 237 2 407 372 440 323 278 316 7 361 253 216
15 112 476 43 32 174 353 51 466 147 96 360 123 398 451 21
25 365 129 423 174 81 409 55 385 477 456 104 407 180 418 23 273 361 327 178 13 201 22 256 341 498
23 247 1 237 178 382 256 47 350 250 483 268 257 397 351 269 159 221 2 189 243 185 364 232
24 456 352 94 210 490 141 299 100 441 86 462 245 28 115 92 364 207 381 478 221 412 388 345 333
24 227 463 31 317 70 137 300 453 104 329 99 182 390 487 134 38 141 243 279 271 166 469 256 113
19 286 488 492 3 326 277 162 213 419 92 316 480 149 438 210 477 20 59 321
19 293 194 44 443 424 246 205 174 187 496 240 80 368 235 447 121 123 169 97
16 165 435 485 145 342 396 420 367 375 356 175 295 86 196 472 246
25 365 411 185 286 496 32 36 123 346 201 401 433 379 152 48 466 465 184 28 31 107 73 251 378 390
22 257 464 230 496 234 301 185 169 106 199 187 142 398 72 68 53 359 396 287 200 9 315
7 19 291 114 98 481 421 91
12 99 141 160 6 150 125 114 320 55 231 417 109
12 58 29 309 18 71 395 115 274 471 387 489 375
7 436 390 263 188 30 383 215
23 469 35 482 90 183 289 369 113 306 441 377 250 497 85 104 249 342 167 238 199 336 265 26
19 389 264 361 384 167 331 76 143 319 225 144 115 252 96 93 398 192 8 250
15 300 344 345 256 155 359 476 456 260 88 292 268 290 496 468
18 457 254 91 58 415 419 218 246 111 21 42 261 106 83 242 331 72 27
7 463 452 349 438 342 441 16
21 213 431 428 377 159 20 467 142 312 476 399 357 295 110 217 356 326 171 118 317 244
11 190 397 373 418 450 53 177 279 107 311 428
21 495 408 494 492 368 264 420 272 9 171 326 84 182 316 348 365 424 99 467 52 50
21 34 376 89 194 433 378 163 265 218 14 419 413 128 141 474 113 77 50 145 348 79
16 165 343 371 430 216 221 158 361 159 242 487 132 76 440 40 198
8 249 251 268 382 273 327 310 250
18 466 309 396 400 298 302 32 49 312 493 261 91 69 51 16 245 105 301
19 446 131 135 281 382 323 461 476 282 87 196 380 298 1 172 152 207 106 297
17 298 374 234 491 330 274 351 99 318 403 44 264 393 350 399 242 280
21 177 282 269 141 34 185 9 27 186 4 159 40 195 29 217 100 218 298 372 166 337
16 31 448 27 182 401 119 499 51 428 70 279 87 208 359 325 477
25 256 473 342 295 499 435 246 466 309 137 329 417 146 89 179 463 110 134 322 297 4 165 237 426 406
11 87 312 63 221 244 165 422 385 21 205 398
9 344 221 110 177 457 418 467 213 394
20 220 266 208 121 330 426 456 445 459 451 450 275 112 49 132 259 356 37 293 361
9 398 136 230 73 41 75 489 13 223
15 82 308 336 216 256 443 431 339 409 422 347 226 355 262 136
12 417 106 51 388 45 346 364 137 175 207 108 206
20 157 437 259 177 222 294 432 203 322 107 17 225 321 95 399 463 105 287 158 489
9 356 188 380 193 339 487 80 182 424
14 255 355 464 81 40 391 378 460 173 56 95 332 373 234
12 122 286 91 125 401 384 349 56 430 199 266 355
17 8 182 371 73 215 317 408 162 117 331 361 237 309 4 106 64 76
24 220 1 480 353 430 184 153 389 396 133 349 43 39 466 313 37 27 426 297 271 397 260 404 328
25 230 54 210 289 343 399 107 76 170 205 86 5 176 454 71 396 423 267 147 337 51 395 278 386 446
19 384 409 296 70 332 121 396 189 271 3 106 374 79 157 152 330 41 346 63
10 74 176 80 478 316 402 439 289 472 27
16 6 25 50 242 457 129 273 41 45 73 312 450 331 431 13 379
12 186 138 385 151 65 146 279 52 374 11 378 345
7 499 102 489 62 147 472 17
7 489 340 46 417 314 281 232
22 168 447 197 12 40 485 279 130 439 498 258 419 51 175 139 397 46 48 420 116 304 378
13 148 424 25 260 45 87 95 35 324 371 77 266 471
15 92 212 154 110 361 454 215 138 135 391 210 235 231 139 456
18 38 355 102 128 337 251 354 223 275 284 232 180 8 123 452 270 440 105
24 232 250 475 142 78 322 423 384 472 307 471 213 235 324 417 494 369 314 403 275 476 77 88 439
25 164 410 49 284 351 120 60 332 258 489 64 370 56 335 322 260 173 338 90 400 336 289 475 451 37
25 412 398 60 259 410 145 371 344 132 362 341 91 129 297 474 247 428 84 491 424 119 137 316 358 95
13 71 77 415 212 280 199 322 412 390 112 339 181 36
25 477 105 465 46 121 130 174 383 345 482 36 27 246 228 320 4 379 232 431 163 96 80 364 189 202
23 332 322 338 86 310 187 486 307 35 141 45 3 295 298 444 166 186 371 428 97 353 11 20
22 297 256 472 32 186 99 147 153 313 259 182 65 452 130 413 200 255 289 247 331 291 308
22 205 171 69 214 136 4 55 454 419 324 336 499 373 478 473 66 35 304 77 472 460 313
17 75 298 150 163 113 187 398 314 39 321 368 179 257 457 119 325 19
20 326 196 13 219 28 495 104 354 332 329 70 404 372 439 500 339 40 471 337 30
17 396 246 314 485 154 122 299 486 345 400 36 451 377 490 325 260 78
22 440 37 324 27 41 472 48 465 238 255 351 430 117 305 385 358 6 87 93 90 432 287
16 96 333 236 407 475 355 472 462 323 6 132 349 62 190 310 480
16 366 286 345 429 438 114 346 74 351 86 143 242 241 421 68 479
14 120 56 217 309 412 137 79 124 284 451 427 418 94 77
16 271 245 307 410 360 38 376 274 109 188 218 484 4 330 93 303
11 480 108 15 94 291 330 237 479 128 193 164
22 289 138 66 170 168 390 193 440 67 462 260 370 320 416 37 216 224 36 30 195 131 13
19 231 436 126 284 295 183 453 457 383 30 262 392 307 337 460 50 127 334 281
10 116 180 485 388 93 353 172 8 147 459
24 9 320 126 345 312 200 55 331 289 18 388 295 167 334 308 172 77 257 453 57 338 187 307 156
10 250 313 195 390 103 395 16 374 344 233
17 224 242 438 176 457 211 220 106 476 362 359 154 68 111 356 11 161
7 200 127 197 205 195 280 113
8 289 464 406 126 146 443 219 188
25 39 145 357 350 71 477 304 6 221 18 339 383 372 173 314 75 232 263 453 84 231 178 196 158 254
22 488 100 211 391 393 7 460 328 136 360 103 1 21 318 478 84 329 153 249 81 255 283
18 322 464 157 239 62 19 385 306 135 35 436 56 48 440 488 194 76 490
8 84 108 27 36 243 127 290 446
15 298 108 109 48 312 174 404 416 183 244 367 61 465 222 236
19 284 429 248 330 89 394 122 296 363 113 483 315 94 444 146 380 207 272 369
17 97 26 14 381 55 157 81 222 497 199 93 247 486 109 95 365 408
15 449 71 29 224 42 463 19 154 110 389 206 60 240 100 479
10 172 418 340 80 294 425 472 277 446 110
8 443 258 23 101 118 34 281 293
20 114 27 117 296 472 191 368 291 192 479 370 490 248 329 362 365 44 225 277 118
20 224 256 63 380 279 399 463 273 409 219 30 341 477 29 199 208 411 437 250 416
20 355 97 357 248 235 342 82 5 329 223 161 495 457 237 366 146 48 389 214 8
11 137 220 111 202 236 204 451 318 127 64 419
14 264 14 412 338 260 395 155 313 375 386 400 3 126 255
11 60 408 315 237 382 353 93 301 54 202 46
22 307 171 471 241 92 10 18 93 262 60 391 20 104 344 64 251 432 165 462 161 454 48
13 158 330 359 103 368 177 257 494 79 59 382 96 480
11 310 38 148 229 177 293 406 372 281 363 265
11 431 360 146 419 432 367 82 187 313 445 214
21 224 260 117 239 169 56 322 422 7 45 386 332 353 114 227 27 219 307 92 11 124
15 363 417 220 99 304 97 211 377 269 404 354 470 109 479 67
24 31 495 132 317 364 135 408 97 133 16 272 197 37 311 447 199 19 466 36 493 489 206 152 449
16 331 138 488 366 392 152 116 59 159 265 113 202 419 323 65 121
11 252 98 57 124 290 350 229 431 240 245 235
19 480 212 170 371 441 404 98 495 181 148 195 232 352 420 429 53 448 72 153
11 476 87 297 66 198 30 223 67 143 287 426
10 388 343 485 16 177 109 136 242 368 47
18 427 413 254 188 89 195 359 386 407 37 32 10 445 488 53 433 358 95
9 291 181 279 127 167 22 287 116 405
7 466 60 267 36 447 389 98
11 244 464 327 30 94 37 61 175 268 189 290
20 143 469 162 399 391 135 335 407 417 175 229 456 343 272 461 494 425 451 134 463
13 303 468 121 173 39 194 34 319 187 189 416 490 102
17 66 329 487 133 421 22 220 224 80 474 97 52 281 60 351 382 469
17 427 248 58 31 232 162 488 254 300 109 99 376 447 313 316 71 337
21 446 158 246 385 373 238 351 268 10 296 477 43 38 300 181 35 78 274 263 483 156
21 191 250 140 241 106 313 46 37 124 142 383 160 27 129 269 201 133 147 8 186 421
19 321 119 70 453 275 179 490 288 328 369 372 166 33 494 188 301 30 440 374
9 46 353 413 395 355 467 113 495 264
18 345 7 495 303 142 184 87 354 250 315 34 75 327 236 470 404 209 341
25 238 268 113 349 401 407 439 494 60 260 363 470 45 370 259 340 144 478 149 390 338 143 168 62 487
22 110 396 349 286 445 188 96 7 23 281 119 262 402 232 136 366 472 157 457 310 410 193
15 92 423 22 303 406 368 206 333 451 317 93 354 131 82 375
14 275 65 368 123 220 214 37 397 481 78 330 391 169 418
14 113 30 317 100 347 218 227 4 1 215 311 487 308 155
18 276 165 215 283 311 141 65 497 97 489 32 226 12 119 465 58 345 265
21 389 190 68 335 71 182 315 302 25 322 391 235 200 39 374 176 107 457 210 201 152
8 175 34 390 106 53 343 437 419
25 60 320 385 246 376 93 70 223 92 204 370 121 210 472 346 167 299 485 325 423 449 347 336 2 222
12 120 299 447 39 307 185 85 287 212 385 6 42
17 384 206 96 451 486 131 95 126 473 472 402 474 239 257 258 38 235
10 198 447 86 183 495 152 220 405 486 451
15 359 165 245 443 113 160 168 156 391 18 174 182 344 368 258
21 427 75 66 100 35 16 251 437 440 137 135 229 211 259 200 41 237 99 103 371 129
13 407 391 290 54 150 136 264 487 481 304 275 277 224
25 283 217 137 417 66 34 164 280 236 275 455 36 31 13 367 240 100 261 150 351 477 163 88 62 384
21 132 157 433 208 332 364 54 213 219 462 295 405 377 165 239 475 163 203 115 227 397
20 465 172 88 422 74 110 376 135 1 219 235 300 2 256 275 335 479 333 48 198
21 423 199 71 164 315 373 219 391 267 108 177 415 155 200 437 263 145 49 256 264 440
11 55 386 148 216 6 411 80 422 180 15 113
25 73 364 287 414 123 244 378 279 98 314 26 27 476 434 359 412 416 491 297 404 35 490 346 300 400
16 413 305 372 500 358 265 17 499 373 220 194 123 490 190 78 232
12 443 348 78 356 45 266 84 418 380 488 130 249
7 492 268 63 363 302 329 255
20 138 420 13 346 188 372 280 392 88 451 413 100 241 350 118 64 490 123 297 37
22 395 455 468 412 12 355 77 282 294 475 293 252 300 202 326 435 86 96 284 396 490 131
23 228 420 226 171 196 45 282 497 466 478 362 296 60 38 58 27 73 123 87 396 161 189 300
9 141 268 354 166 129 349 237 441 193
11 293 99 307 272 119 200 292 204 336 201 221
11 343 23 29 80 2 355 187 141 194 169 410
11 355 4 39 274 218 280 100 110 113 127 234
21 59 278 262 294 9 427 118 378 99 263 140 409 317 467 6 69 289 183 126 495 86
24 73 250 225 3 172 82 418 417 307 384 105 106 292 449 57 161 54 335 447 119 180 114 1 239
7 424 397 271 168 239 219 469
21 419 271 312 71 428 124 221 322 185 317 139 296 278 186 491 160 468 431 280 345 386
14 62 430 450 458 420 248 161 175 365 381 160 32 466 48
21 87 89 125 479 268 407 428 320 400 402 187 313 405 437 324 391 150 59 100 456 122
12 449 180 86 63 373 181 240 138 415 92 475 196
10 393 330 77 315 69 436 5 247 24 462
15 29 71 471 99 299 436 294 393 427 485 283 114 361 419 48
15 10 132 14 435 341 109 223 33 116 407 139 267 3 179 50
9 85 281 206 352 124 134 266 499 62
15 12 155 159 53 28 430 328 270 401 54 284 312 353 58 101
8 79 296 246 396 286 107 11 112
25 493 78 410 314 248 89 197 236 341 21 364 378 313 288 481 356 415 49 188 171 499 45 297 393 191
21 236 302 446 351 290 257 305 271 374 495 246 127 130 307 306 263 375 235 394 79 260
23 329 51 447 431 184 418 404 384 239 139 243 153 110 241 105 93 17 349 486 178 37 106 354
25 467 153 275 406 226 167 366 63 382 190 188 218 303 185 292 87 27 201 223 287 419 322 33 288 443
25 418 286 175 408 145 318 327 426 242 393 51 133 446 7 328 275 424 307 155 470 99 366 440 205 280
18 39 435 482 21 396 431 488 406 405 463 493 491 124 427 258 417 272 194
7 300 370 493 302 458 464 429
22 20 410 367 459 427 380 61 81 80 2 454 451 376 51 316 236 498 33 371 370 192 305
25 247 290 416 317 7 38 213 261 289 394 86 232 322 312 112 450 485 133 234 34 199 12 299 114 62
20 217 477 118 332 222 287 395 261 5 126 337 236 375 384 264 275 30 98 367 368
23 416 463 435 378 212 451 182 177 285 150 229 134 233 63 260 155 27 231 196 101 476 10 219
9 332 205 290 254 472 174 163 199 273
7 217 454 395 419 405 263 490
18 412 473 70 23 77 189 320 248 491 397 100 366 315 339 420 489 59 86
16 245 82 88 26 101 295 35 98 159 73 455 17 22 116 13 499
20 13 474 269 284 242 442 491 422 403 2 440 404 111 460 146 10 450 377 376 257
19 473 26 228 345 301 45 167 377 226 292 62 178 392 88 421 389 265 344 378
21 102 241 27 148 18 189 175 460 108 454 474 79 464 185 151 142 306 134 187 287 116
24 375 136 357 483 458 290 268 44 388 212 21 206 91 408 157 82 412 273 153 102 133 81 140 246
8 410 87 226 482 107 114 327 430
22 421 351 189 156 446 366 493 264 186 331 17 8 287 271 427 168 226 49 54 472 45 352
18 327 324 27 399 236 262 255 268 119 149 10 494 210 158 160 254 235 361
19 332 94 96 495 244 463 290 5 198 274 99 426 386 197 220 447 408 467 213
17 433 354 462 176 483 254 238 117 101 146 249 129 9 401 384 337 94
18 127 360 346 303 465 353 66 206 385 121 281 320 367 90 228 49 75 269
8 465 312 433 206 34 70 212 327
13 451 35 46 284 324 193 408 5 412 267 407 94 328
14 279 368 121 93 157 62 115 55 293 488 439 211 440 297
20 25 283 330 161 421 292 111 142 234 30 121 298 184 300 334 28 124 152 190 444
14 473 467 251 12 480 364 428 61 379 390 308 110 153 262
19 327 311 159 50 271 213 269 295 320 404 254 408 376 341 195 347 127 192 133
17 307 331 388 133 164 198 443 135 291 425 10 308 244 82 290 321 148
20 226 432 170 275 281 269 73 163 344 109 263 392 292 444 277 223 251 435 61 424
11 102 373 14 188 13 24 453 177 153 138 492
12 338 73 481 386 349 173 66 414 351 382 225 214
22 498 300 223 437 271 102 21 433 166 106 211 68 71 9 322 358 463 471 122 73 441 420
23 71 333 330 19 384 65 216 348 267 368 345 147 201 371 191 34 453 294 25 62 256 206 296
12 139 393 206 103 57 326 64 344 127 483 279 136
15 41 171 364 394 130 302 422 142 201 262 321 71 499 203 101
24 32 324 193 374 393 347 15 431 268 326 167 36 46 354 10 224 398 169 489 388 422 481 178 476
22 231 39 180 207 116 216 122 294 59 91 94 153 168 338 422 260 225 256 123 203 282 108
25 342 339 98 269 78 314 493 145 128 494 1 65 336 257 489 194 207 311 392 228 428 141 8 320 163
16 412 439 288 201 385 366 4 293 7 391 59 18 388 15 231 278
12 407 460 87 175 227 256 53 216 373 397 232 440
24 39 130 230 352 160 180 111 231 458 273 136 167 280 135 283 320 405 488 50 59 303 209 226 422
15 200 195 276 57 245 142 442 255 189 483 253 216 297 372 158
12 264 324 82 146 242 281 69 369 258 328 13 469
21 264 370 3 456 209 385 302 11 350 133 219 285 27 461 398 205 25 206 71 273 196
21 226 287 442 284 433 339 186 70 47 188 69 431 381 343 313 75 336 340 498 325 347
23 208 117 170 265 125 154 458 42 401 304 311 24 423 444 459 425 124 217 160 256 29 171 81
14 326 86 408 396 156 44 137 248 365 343 388 198 486 459
19 102 22 420 429 38 95 486 419 150 500 107 243 180 365 77 313 434 199 207
22 306 336 477 368 143 175 259 172 247 431 389 377 288 67 280 17 66 479 333 167 440 351
9 181 238 468 407 101 358 291 329 302
9 157 385 308 89 132 48 234 347 375
23 343 420 363 413 383 356 142 14 53 457 314 268 474 6 220 52 59 404 429 71 109 179 452
24 118 128 315 305 421 469 70 41 355 399 136 36 363 181 104 97 307 442 335 485 197 49 444 218
12 165 71 127 441 276 184 249 319 244 238 429 186
23 127 229 136 128 170 278 51 320 92 109 354 130 226 227 72 232 124 398 472 246 152 70 382
7 484 401 490 441 180 62 133
16 386 219 36 277 43 206 207 483 54 226 383 296 28 418 74 303
14 242 80 226 440 48 352 299 253 54 294 430 9 333 57
19 142 212 51 340 55 221 456 443 239 480 1 81 123 146 74 390 45 48 218
10 13 288 489 443 280 307 115 16 493 224
11 439 250 427 66 306 4 294 215 143 357 15
8 314 133 110 205 416 193 453 409
18 254 188 143 204 59 473 417 134 190 495 453 21 51 128 130 443 467 394
20 9 385 274 335 46 370 180 142 109 177 244 331 246 309 330 211 84 375 22 419
13 434 84 90 257 301 365 49 422 38 59 198 489 329
15 496 399 11 129 97 266 432 390 338 178 152 388 313 227 145
25 305 479 146 456 419 141 281 283 463 339 389 421 412 62 110 46 261 189 483 451 495 311 301 207 200
18 239 303 245 347 464 54 14 195 340 126 240 43 205 309 452 393 97 345
13 161 321 77 459 135 467 323 349 76 279 256 171 348
18 123 194 105 221 208 469 360 170 58 390 101 243 69 367 61 167 486 420
7 102 239 100 269 265 96 103
23 105 467 389 272 21 227 257 77 400 260 273 390 348 463 344 145 148 95 172 294 484 473 361
15 353 178 299 364 286 271 295 56 378 458 437 71 486 194 167
8 394 473 479 133 98 259 353 337
10 272 149 219 329 234 26 42 156 268 309
21 38 204 163 266 26 80 272 419 81 369 480 198 57 40 386 72 264 484 424 154 392
22 61 452 301 326 490 417 33 230 414 313 219 249 395 195 320 341 340 209 162 109 260 126
21 500 249 104 174 422 491 217 23 63 342 351 263 461 374 29 495 89 473 418 109 94
19 299 231 285 352 94 126 56 492 124 466 488 413 458 88 209 287 498 112 461
24 149 53 362 95 350 452 34 224 339 166 85 68 98 100 90 199 213 189 208 387 138 58 107 365
25 75 285 178 260 96 338 165 244 364 276 267 498 30 427 471 10 478 171 174 218 219 239 33 443 181
15 248 409 497 426 214 332 300 260 119 476 156 291 27 116 312
10 318 271 195 209 478 465 224 476 140 497
15 189 292 28 132 203 54 299 1 239 267 467 272 356 193 98
17 403 199 435 80 82 495 344 441 43 237 459 288 69 222 33 128 331
15 330 272 68 499 312 460 193 298 121 316 404 124 278 199 99
16 410 136 206 35 285 386 18 28 303 20 312 350 464 448 305 78
8 485 475 364 256 140 385 339 154
16 346 356 404 20 68 161 423 317 205 468 339 250 157 118 219 303
10 140 154 206 350 261 404 70 326 311 13
16 255 320 181 45 317 272 130 167 268 408 162 354 474 84 153 197
8 148 379 225 406 172 74 252 57
16 132 390 343 228 48 208 496 474 108 441 288 397 482 371 368 299
19 404 248 110 425 115 232 305 430 70 299 204 20 52 237 11 246 412 73 269
20 390 306 353 44 209 96 37 251 288 142 487 122 147 402 354 7 267 305 313 378
14 212 49 374 129 436 64 479 71 393 360 214 40 306 312
12 245 296 137 450 115 77 200 322 57 70 281 492
13 288 24 100 210 195 152 6 243 359 406 69 31 233
7 212 187 496 109 305 301 160
18 39 92 153 407 188 183 36 115 150 404 403 477 77 119 179 107 249 31
7 454 334 487 289 276 273 303
14 217 169 476 257 237 93 214 315 426 246 417 222 326 357
19 347 10 392 333 429 273 387 99 63 120 390 191 220 129 156 315 243 271 305
14 32 482 57 130 288 100 492 394 338 433 329 232 483 429
11 415 110 204 120 447 471 153 333 253 5 20
11 148 154 495 282 292 111 455 491 434 383 451
17 180 227 104 65 484 225 61 11 281 207 393 378 170 347 81 213 490
21 27 490 397 319 100 473 142 219 26 328 103 334 163 370 176 351 258 376 281 467 183
24 204 243 287 33 479 355 281 4 302 146 116 117 22 498 26 182 485 166 119 143 363 150 53 435
21 230 280 82 112 54 465 390 198 232 400 338 267 481 343 219 283 190 213 158 208 60
9 421 60 187 359 28 51 154 194 54
20 72 385 24 56 172 151 470 465 220 284 199 421 178 453 283 345 140 238 1 286
14 335 148 39 285 324 4 141 25 456 66 89 304 179 371
19 212 134 153 145 85 191 243 115 179 344 211 374 20 142 422 210 25 128 75
13 175 385 413 311 376 222 354 147 357 383 121 165 203
16 228 346 248 401 296 396 318 153 357 260 146 121 16 275 196 238
7 87 366 315 259 189 160 455
13 4 227 109 126 121 108 147 21 148 472 450 423 67
11 150 79 91 111 116 180 469 286 16 174 461
10 331 439 248 110 403 278 149 72 396 486
17 336 314 180 225 23 85 222 388 134 218 198 291 462 315 84 58 161
17 106 161 68 9 447 242 446 186 454 127 438 192 36 467 104 173 249
21 281 456 170 193 94 27 74 275 213 124 186 119 201 286 63 264 409 79 157 371 41
14 178 55 180 214 211 252 497 73 173 27 296 54 307 17
8 457 493 112 437 163 122 440 34
13 187 151 380 478 290 122 71 476 192 342 226 25 353
20 42 375 314 44 5 186 350 142 264 91 254 80 362 417 405 303 225 414 124 267
13 131 282 500 70 228 347 247 32 252 444 139 300 331
9 99 274 495 211 494 130 357 342 422
23 6 466 30 457 456 27 367 488 438 377 278 147 199 437 500 405 364 272 191 368 458 331 144
16 226 465 402 24 214 294 392 356 2 67 241 431 481 459 250 139
13 111 495 349 236 400 472 444 483 204 120 1 32 377
11 458 67 267 32 341 251 347 198 36 138 311
18 373 378 57 16 292 381 360 23 459 453 418 486 162 92 19 333 116 334
21 471 489 137 395 45 434 139 171 161 469 92 29 301 74 287 93 329 198 34 431 43
25 424 155 94 354 75 160 403 494 392 51 54 437 284 6 74 261 445 318 102 168 73 4 496 435 491
13 490 467 278 22 349 371 276 246 357 158 268 350 369
15 274 75 103 73 331 35 100 143 53 405 158 65 71 420 97
12 29 39 31 393 161 429 210 52 286 105 365 251
25 214 9 456 19 296 150 189 454 126 239 421 453 263 14 386 76 462 254 498 405 288 146 42 231 246
12 4 217 167 92 436 50 417 393 356 107 338 416
12 304 366 119 209 463 102 356 447 451 486 478 450
16 307 312 203 458 413 68 116 334 287 405 269 250 324 33 421 384
12 243 439 79 367 156 101 64 189 114 222 353 453
23 156 475 46 97 133 62 221 205 180 82 405 230 376 245 34 19 123 119 314 226 246 420 309
8 140 354 193 110 213 143 270 478
9 339 229 447 249 171 217 179 176 398
10 184 24 100 12 341 4 276 222 157 220
10 417 366 291 252 402 287 127 377 475 335
25 476 330 471 1 474 391 3 419 7 428 429 460 252 360 242 250 230 352 27 381 268 181 11 257 13
20 371 127 4 481 221 151 484 303 426 195 491 356 208 202 204 316 334 366 51 117
16 474 389 138 323 314 447 271 219 56 426 89 63 66 383 61 288
14 190 373 62 79 404 392 297 472 339 99 451 188 276 100
9 420 394 253 476 359 472 186 12 230
9 446 340 326 344 367 100 464 259 284
9 178 380 219 92 358 464 146 294 11
8 440 118 206 455 329 14 131 107
24 441 18 495 97 358 424 349 444 451 22 461 309 498 485 333 169 338 40 323 403 258 176 373 30
14 27 474 97 222 258 127 412 227 497 373 141 233 93 198
25 311 404 410 25 355 299 70 298 28 484 362 437 21 228 448 486 130 66 315 400 304 217 159 313 461
19 12 368 268 421 79 81 51 274 302 169 5 136 182 167 201 15 39 93 28
19 490 150 91 329 195 374 463 362 219 199 297 43 383 147 98 221 310 27 302
21 46 325 453 101 219 306 56 437 5 49 467 351 65 290 236 60 214 327 66 82 287
7 63 115 313 51 337 5 400
14 122 435 491 230 319 181 85 180 22 101 380 338 92 426
18 237 468 211 105 91 207 186 205 176 160 324 185 109 31 19 427 200 115
18 290 495 152 83 154 275 34 497 179 379 206 128 315 74 286 146 285 404
7 210 137 166 421 89 111 85
18 17 39 403 51 159 84 257 252 449 248 487 1 43 90 477 488 353 254
21 204 283 323 237 227 133 333 312 427 280 431 66 155 388 434 170 408 64 447 440 373
9 396 366 253 355 397 463 383 232 478
20 137 346 322 8 107 371 286 9 417 200 354 343 433 326 275 447 497 237 331 236
16 307 54 66 393 495 328 239 358 155 122 460 160 262 397 338 348
9 317 262 269 91 224 336 256 345 74
23 473 84 101 480 129 146 199 213 394 225 404 253 188 163 456 42 220 16 165 153 68 422 231
21 188 482 29 47 324 167 122 9 79 115 359 404 377 18 450 422 390 145 494 490 248
7 257 232 46 78 246 44 427
17 268 214 80 407 210 198 139 414 43 321 477 341 318 326 366 127 335
22 180 198 400 324 419 300 468 250 96 141 467 26 14 318 470 9 124 128 84 303 477 294
12 236 216 338 114 243 407 238 478 481 261 208 383
21 123 393 394 419 256 225 341 119 429 241 237 351 490 240 132 361 20 376 134 101 126
11 182 89 382 439 421 289 312 62 341 316 168
22 133 77 333 431 318 472 59 339 191 346 365 490 85 196 129 448 427 57 98 193 335 82
24 218 427 19 125 123 383 267 346 310 496 329 113 159 311 235 409 309 157 452 87 422 379 376 374
22 426 94 68 239 36 281 445 137 290 387 452 433 277 56 367 499 13 180 1 380 93 329
21 363 71 39 285 272 295 128 250 78 466 376 269 476 245 447 278 349 60 418 26 172
22 377 25 287 201 246 95 239 72 88 318 250 84 354 470 91 383 483 275 64 136 2 280
18 201 67 81 442 11 481 1 26 447 398 368 211 193 126 102 173 179 52
14 235 373 10 175 382 469 461 100 223 196 217 155 474 299
24 379 280 432 459 365 228 34 237 242 384 366 378 394 59 476 499 66 268 386 399 100 273 71 28
16 133 381 380 491 441 259 486 404 420 221 399 300 451 401 405 483
8 141 500 442 185 42 376 318 191
10 86 182 162 339 429 309 81 88 270 434
12 38 260 263 134 68 280 71 110 194 174 125 205
17 143 158 119 109 125 191 460 215 222 337 415 18 19 403 359 271 449
15 382 56 489 359 177 65 129 44 279 241 413 349 111 325 16
12 458 62 164 491 495 305 403 261 306 332 52 448
19 12 34 371 200 135 246 157 100 494 313 360 154 264 45 126 57 405 377 10
12 183 293 246 422 162 292 141 392 500 302 61 403
20 275 296 238 452 29 55 129 122 294 49 154 174 280 340 97 170 260 469 447 348
10 89 215 287 193 290 120 332 486 500 424
13 134 175 466 30 320 340 103 347 363 318 223 487 256
15 37 220 171 25 61 185 461 152 8 83 6 240 483 339 352
19 348 28 131 459 448 121 143 134 356 458 317 485 500 491 179 353 209 433 411
19 91 265 408 347 193 157 277 247 309 57 435 285 339 113 367 43 34 154 407
21 390 117 406 313 324 467 480 167 333 255 109 17 303 485 204 234 307 191 392 495 242
13 38 426 258 448 182 275 393 476 86 372 267 435 142
9 314 126 4 280 374 447 102 320 384
23 31 386 355 277 155 359 77 465 257 166 439 64 463 13 375 151 259 18 482 6 164 148 60
8 137 42 1 480 111 184 364 254
18 308 131 260 370 310 165 66 184 404 287 153 137 26 217 37 38 108 412
8 399 411 168 285 109 281 278 258
13 143 440 292 238 295 221 180 461 115 1 225 145 166
12 174 102 402 16 499 314 295 424 480 3 176 175
16 29 132 3 437 324 476 355 320 185 145 396 450 288 336 139 31
15 452 178 433 186 225 241 373 140 232 302 462 271 303 404 295
15 245 417 24 179 282 430 66 469 42 288 20 56 170 154 53
9 299 247 368 377 363 243 276 304 190
21 405 258 347 74 294 305 285 493 442 130 314 310 454 333 243 488 246 82 429 474 238
7 307 120 38 137 42 193 414
12 461 435 223 106 471 64 327 149 182 25 455 453
17 90 21 245 420 268 401 44 124 317 257 161 172 266 231 462 107 337
24 184 144 483 55 120 121 29 15 372 452 232 422 31 479 374 403 301 458 434 67 257 441 73 10
20 107 323 292 224 201 311 77 288 251 61 396 30 459 299 173 456 150 161 412 46
8 477 111 168 270 150 102 20 74
8 289 277 435 330 191 146 91 280
19 65 153 16 38 408 155 260 17 157 496 44 313 433 235 416 464 8 123 315
15 127 215 126 364 452 441 315 321 90 284 306 98 330 473 132
14 484 135 203 277 204 250 111 444 30 331 443 467 391 134
11 268 461 411 303 143 215 153 372 341 210 142
18 244 371 225 462 444 356 95 290 394 180 249 342 258 471 163 441 185 70
22 342 7 218 297 384 235 256 439 193 232 308 498 495 80 428 247 170 444 161 37 54 16
14 441 359 198 282 426 305 418 17 5 269 185 321 170 333
25 207 185 234 39 164 437 121 420 382 311 170 387 150 415 182 163 451 123 429 34 85 496 357 477 14
24 219 486 197 138 226 372 442 484 357 310 194 407 134 20 409 187 154 36 13 364 451 344 288 316
22 466 25 254 84 431 296 463 370 102 338 373 315 479 145 496 491 266 177 128 132 221 60
24 184 218 153 494 237 264 443 388 95 353 16 317 232 15 432 326 75 444 372 399 85 251 255 283
15 124 480 118 298 330 42 334 364 131 473 437 25 47 211 308
14 94 342 493 485 112 429 187 420 74 195 357 15 156 23
16 158 432 130 178 123 20 399 181 64 312 25 72 333 275 448 297
23 177 22 296 52 273 164 27 15 334 491 226 269 409 396 123 393 382 358 188 180 82 43 500
18 48 483 191 131 220 144 417 67 95 378 435 351 291 297 413 59 316 161
19 437 239 341 65 3 498 402 79 243 14 185 75 182 371 345 420 329 8 104
13 347 293 362 126 272 128 77 76 342 244 164 182 89
11 388 23 291 440 94 229 43 152 218 463 365
18 59 187 89 445 23 117 105 36 332 465 307 396 178 63 366 95 185 375
16 262 194 396 496 408 20 319 109 263 499 377 99 349 173 337 374
17 396 267 313 51 462 385 360 421 140 197 459 134 201 341 429 64 318
14 218 26 233 75 331 277 172 57 30 446 376 307 347 281
11 362 373 419 328 172 441 427 51 27 397 206
20 34 94 499 20 305 91 266 363 216 265 444 87 260 57 468 45 490 329 399 207
14 253 252 63 54 158 207 449 187 112 486 272 206 320 83
11 93 444 122 354 48 23 423 45 118 349 147
20 191 451 35 174 323 327 455 170 492 311 481 2 465 76 326 333 340 470 320 87
25 275 176 483 46 185 351 409 54 431 230 347 87 223 372 285 158 328 228 152 330 78 308 420 10 191
8 348 48 321 103 60 41 458 411
14 376 370 196 414 343 144 325 216 348 314 215 146 200 182
20 365 171 422 353 480 339 317 335 258 250 99 49 69 89 421 393 246 32 73 27
12 57 444 65 448 19 377 184 469 440 175 297 217
22 90 330 442 356 495 259 223 67 252 44 213 4 73 128 98 372 221 342 398 500 172 189
19 144 481 278 287 178 143 189 54 413 282 343 450 401 382 113 339 66 235 374
21 295 287 359 77 231 447 199 233 291 28 120 9 391 132 285 97 227 10 115 268 170
11 30 209 301 323 271 287 255 167 284 90 148
13 477 500 13 41 267 294 475 486 37 255 266 377 125
15 444 206 494 107 288 120 182 325 320 25 461 402 382 424 71
11 460 138 237 316 68 119 122 107 475 6 494
8 202 67 479 443 215 484 370 461
8 233 353 447 370 29 25 82 454
14 124 116 359 91 423 460 45 290 191 198 392 401 64 178
9 67 96 474 264 431 126 80 446 31
22 398 87 62 125 132 408 235 432 200 242 222 500 339 82 252 380 486 393 225 18 189 337
7 230 473 332 189 274 181 495
20 427 72 421 7 79 277 110 202 33 319 260 313 423 23 116 305 480 30 348 336
15 282 486 367 181 228 11 183 98 173 194 222 474 146 117 267
20 4 10 392 445 280 355 159 180 198 325 487 496 164 232 109 293 362 316 369 245
9 218 86 43 67 380 105 230 123 36
14 30 296 35 476 331 295 374 409 345 356 386 88 145 446
18 81 401 160 224 150 137 143 242 171 260 107 65 191 481 97 434 422 458
8 423 48 125 339 413 464 394 141
13 470 238 216 413 313 255 63 278 410 388 136 452 287
14 77 493 46 392 380 436 242 71 406 322 230 289 118 257
12 479 399 254 100 164 206 364 434 307 300 13 16
16 254 40 256 21 322 274 304 169 119 60 56 307 490 275 379 367
9 314 428 155 280 1 67 143 33 142
16 412 368 144 185 35 473 462 282 38 291 349 184 115 339 493 206
24 296 496 58 105 252 216 440 307 112 93 24 285 383 460 420 392 110 279 417 176 254 134 350 377
18 311 78 452 115 499 93 101 493 361 55 487 339 427 327 189 118 285 141
10 342 179 37 185 164 272 181 293 493 277
10 468 110 364 173 95 419 410 63 270 128
9 406 55 456 187 11 95 371 301 116
15 442 26 152 397 277 252 81 299 127 191 8 225 232 199 254
20 271 311 332 286 87 334 471 239 147 115 399 269 494 157 304 161 496 23 423 386
15 202 151 381 88 392 387 268 194 193 306 284 212 410 303 6
17 255 491 114 343 160 324 127 91 103 61 359 392 135 158 141 185 220
7 152 43 19 408 56 272 190
9 485 235 367 423 418 109 11 424 218
17 244 474 334 440 200 355 67 161 269 361 171 381 497 351 28 458 136
18 38 150 104 398 175 77 404 336 227 484 331 481 196 417 193 163 305 246
19 256 361 294 250 199 376 322 343 244 27 76 481 412 262 198 302 271 215 373
25 220 67 325 441 49 94 140 56 169 287 211 10 493 278 320 412 81 448 462 313 365 34 311 148 414
12 39 63 31 408 192 109 348 185 44 482 272 326
22 379 316 15 22 310 404 427 348 139 205 258 224 500 308 25 289 85 283 153 35 116 46
8 400 443 448 415 290 47 293 428
16 234 285 134 281 153 176 365 425 288 140 191 476 33 237 276 130
22 182 332 99 10 46 326 130 366 271 109 279 324 18 105 62 364 407 167 409 192 66 123
10 36 282 309 343 108 51 242 320 356 115
20 260 231 427 50 135 228 285 358 306 441 409 101 356 387 51 417 73 202 21 274
18 495 498 418 3 110 65 161 336 51 392 439 329 70 108 436 391 127 415
16 255 493 212 284 289 276 32 11 203 450 315 273 5 328 39 432
13 472 288 287 482 15 201 208 320 238 45 64 480 151
16 55 493 28 393 378 454 294 227 19 142 43 229 40 120 64 35
11 23 413 303 356 332 184 162 429 152 319 373
23 72 105 382 264 187 418 312 180 79 307 354 391 449 394 39 456 157 89 471 438 346 413 81
24 393 183 395 156 114 144 321 45 339 79 251 137 34 185 456 481 301 381 214 496 433 226 23 250
25 363 349 439 462 474 4 392 408 251 102 262 455 196 229 354 475 120 231 28 391 320 22 41 328 86
23 180 182 125 351 326 344 104 165 446 139 75 131 73 176 27 175 43 100 137 151 83 112 499
20 435 258 210 192 117 20 34 198 44 216 68 341 71 46 368 115 275 454 160 339
23 71 467 308 1 70 22 315 213 372 173 164 136 344 165 293 460 140 239 233 142 318 343 62
18 42 311 132 154 316 19 256 274 425 231 429 17 473 305 190 475 139 186
23 383 362 63 374 41 88 482 308 49 197 348 328 276 384 219 431 133 71 432 415 62 222 72
8 460 123 462 122 52 65 23 378
16 437 158 48 489 498 28 233 135 68 492 53 328 335 443 7 487
19 346 10 320 375 480 487 287 9 77 113 257 20 251 443 219 362 468 140 215
8 212 214 177 37 162 172 358 366
9 344 67 162 45 436 267 114 95 361
7 358 455 450 380 302 486 327
9 111 259 426 40 146 227 70 128 442
21 233 344 121 488 69 452 254 294 194 300 417 367 126 479 98 105 36 51 241 81 456
16 140 65 375 168 46 143 96 205 152 141 248 345 162 463 101 196
20 493 46 78 90 201 300 500 169 309 328 301 410 392 303 490 454 155 369 487 232
17 492 160 110 98 97 180 313 361 191 254 121 379 432 320 386 453 85
7 68 211 161 284 119 344 222
20 288 426 3 416 478 13 250 193 104 222 355 357 399 392 18 156 409 43 140 29
10 346 182 482 478 201 16 364 500 270 168
25 415 476 219 96 50 211 184 279 356 369 194 177 399 355 239 58 487 126 410 310 187 60 178 393 131
24 369 99 66 432 188 184 455 64 373 157 366 155 211 303 340 225 196 84 393 451 156 351 471 58
16 66 455 452 282 125 498 289 72 74 34 317 290 302 421 187 95
22 400 354 298 178 133 427 201 278 387 452 305 184 166 444 429 112 81 27 116 156 36 119
15 334 40 481 388 316 210 133 259 404 202 377 235 215 102 253
21 148 436 192 51 194 379 335 449 106 43 492 321 241 199 93 435 48 134 70 385 488
11 149 174 189 254 292 192 397 133 424 75 163
15 4 207 478 101 18 73 323 151 396 348 245 450 49 74 169
19 99 59 117 149 111 352 95 426 122 385 446 23 311 41 282 410 313 5 224
17 207 435 451 352 409 450 397 276 144 274 52 166 188 252 477 375 434
14 80 164 65 178 251 340 199 66 200 318 126 128 408 29
7 420 261 203 300 162 292 324
12 127 126 447 360 152 255 150 148 239 246 167 50
8 255 273 416 98 295 246 376 369
18 343 181 292 71 125 222 223 242 453 34 161 284 3 390 317 267 137 289
10 77 226 494 235 479 384 169 100 330 470
8 5 214 399 448 363 25 281 145
12 103 232 3 190 310 326 205 197 389 444 35 467
14 66 49 2 304 411 397 407 412 456 391 371 302 438 281
25 110 317 484 310 315 96 20 202 238 188 112 71 420 332 249 89 194 18 329 251 253 132 128 47 244
12 421 445 79 350 184 399 28 65 26 250 284 35
24 93 249 118 132 231 3 131 407 266 238 372 175 94 379 24 274 48 62 106 268 312 186 436 74
23 274 412 203 500 178 449 419 40 17 182 25 223 99 365 484 492 488 480 376 254 298 176 309
10 187 405 444 221 56 467 475 127 275 255
18 280 229 234 468 15 486 179 162 99 284 329 427 336 25 85 164 344 306
22 70 254 368 304 230 479 213 420 445 181 418 32 333 432 73 123 316 90 406 175 378 163
21 410 200 412 286 156 112 354 422 252 460 155 458 1 198 137 43 4 189 44 143 278
25 449 146 445 170 369 257 432 475 123 486 278 334 21 244 121 63 424 166 444 228 25 224 98 237 122
16 420 266 268 371 362 327 38 334 209 460 145 239 173 124 276 174
15 176 94 464 193 41 388 269 80 102 185 254 198 101 160 496
14 486 52 268 314 258 388 439 351 478 488 89 6 31 384
14 481 400 25 237 96 434 79 138 371 66 466 156 142 419
13 259 458 319 258 489 37 230 167 11 212 342 78 322
14 494 393 394 262 417 451 228 223 257 295 328 335 323 487
9 9 186 302 108 225 435 242 416 168
7 252 332 447 362 30 306 24
11 30 330 4 355 468 257 150 459 13 320 189
19 398 354 137 230 307 394 378 179 478 326 400 6 258 207 163 471 51 446 72
9 368 494 429 355 489 163 215 44 427
21 221 151 263 154 308 27 259 353 389 208 258 439 278 79 321 355 325 373 438 460 407
21 447 211 279 36 157 26 72 275 436 54 336 496 139 19 312 305 317 231 363 348 213
17 165 148 299 250 387 400 51 402 483 333 114 290 456 462 225 80 68
24 323 24 365 191 410 251 485 141 144 491 279 162 155 4 124 293 68 460 400 470 39 319 207 49
22 429 348 65 244 433 74 337 295 428 483 64 159 188 55 189 400 70 200 388 463 303 164
7 315 332 180 136 89 183 308
7 8 289 286 499 56 111 212
20 130 293 285 458 429 189 326 112 234 136 393 361 44 216 179 365 323 470 496 89
10 293 497 318 423 262 366 129 236 340 431
16 285 484 247 59 311 244 394 491 437 383 82 344 327 472 172 40
10 152 459 116 263 57 93 160 51 159 489
8 442 483 199 122 459 453 106 396
19 325 394 401 470 212 187 12 8 336 270 290 433 238 191 61 390 95 233 318
20 483 278 363 490 276 275 354 149 185 106 190 329 79 13 348 176 313 304 31 349
14 402 225 184 172 328 28 123 368 265 83 114 120 456 319
18 89 93 139 328 356 163 317 22 491 385 324 258 278 414 274 269 83 200
23 317 106 272 128 65 487 229 157 146 305 476 135 141 286 73 38 76 259 373 186 226 396 311
14 427 445 289 239 85 172 251 358 49 297 267 163 211 381
25 422 196 130 230 136 275 29 259 93 447 202 39 308 358 474 238 332 484 36 224 47 215 419 217 269
21 117 226 129 474 347 381 40 335 236 9 212 453 8 241 59 77 311 71 293 484 159
11 168 481 165 491 132 142 338 120 408 413 446
22 410 264 206 332 386 477 253 114 316 461 217 228 226 369 216 137 140 65 133 342 117 154
18 223 147 197 107 47 135 50 480 300 195 315 66 437 327 434 358 328 181
19 483 180 222 113 218 35 137 71 373 131 261 30 314 169 80 188 277 372 352
16 316 374 403 62 255 29 318 298 171 354 153 442 428 39 329 21
20 417 449 176 294 6 459 436 297 265 33 73 419 35 14 271 330 123 423 67 343
8 249 135 122 255 258 426 374 164
14 205 354 61 363 52 306 321 37 58 445 157 203 191 121
7 288 424 164 14 150 8 16
22 8 30 245 260 278 9 20 117 270 142 97 51 412 275 176 7 351 491 358 127 45 90
17 103 405 145 115 49 251 299 272 110 487 468 142 315 253 178 326 236
16 370 188 445 213 233 108 257 495 375 426 230 55 172 398 396 225
23 68 96 218 11 325 49 450 338 442 480 229 147 97 194 335 470 333 211 2 446 313 307 458
22 393 463 275 465 66 337 467 152 235 453 410 416 270 39 255 73 14 76 347 305 50 206
21 337 297 390 102 379 489 311 45 75 347 165 38 265 119 295 104 322 409 402 57 423
21 240 95 39 111 80 91 153 284 497 282 324 292 146 116 8 93 57 467 3 244 288
12 225 442 60 282 201 235 309 113 233 369 286 296
7 339 499 117 479 452 69 131
22 222 297 149 152 260 244 395 82 365 190 389 341 123 171 293 417 473 34 398 168 4 45
9 101 16 405 211 402 419 293 159 500
22 109 6 470 267 499 136 226 204 179 154 27 339 412 341 236 111 182 405 34 57 51 173
9 16 499 309 260 478 386 264 307 59
18 117 193 388 433 60 481 211 214 377 356 272 86 138 204 118 167 172 240
22 130 100 461 318 132 220 359 463 249 270 188 75 16 274 48 202 179 396 331 432 205 485
19 241 270 260 416 110 105 335 98 162 360 385 229 427 359 339 141 434 430 166
22 264 450 257 382 370 123 426 362 47 119 360 191 417 3 386 69 497 490 241 213 401 400
23 145 294 111 260 218 55 379 385 478 156 336 229 362 95 128 397 409 61 439 296 236 427 214
23 126 202 151 446 56 449 142 132 272 280 85 121 83 244 47 491 243 38 286 39 344 237 63
22 85 423 474 343 464 194 136 355 200 165 155 261 336 290 394 81 359 401 350 315 396 398
8 26 467 352 471 204 167 158 219
23 200 447 216 399 71 393 316 388 432 404 69 170 111 225 308 153 174 357 126 309 166 425 206
7 356 22 148 169 448 83 471
18 47 238 148 27 4 287 190 35 212 221 389 135 362 425 134 499 474 125
17 29 298 387 152 18 467 429 139 27 91 41 191 235 493 12 226 52
23 448 91 86 443 104 241 457 353 82 379 54 170 494 498 286 94 247 418 299 308 398 410 53
14 440 103 124 439 54 156 109 202 201 2 246 280 13 219
25 213 172 255 435 403 394 21 101 464 207 99 353 391 454 280 62 310 237 318 215 299 335 336 261 174
17 150 121 153 341 97 266 83 108 211 334 2 399 319 291 461 421 96
7 78 448 110 196 343 61 157
8 428 85 241 133 67 63 271 258
10 67 260 246 429 60 483 106 31 349 178
24 379 464 110 234 467 6 461 395 255 258 413 412 4 26 409 160 189 286 31 184 304 242 130 12
25 432 72 160 270 213 4 461 383 234 315 467 413 242 233 175 44 7 158 428 111 387 113 198 251 497
24 87 459 396 289 165 149 31 366 134 376 437 327 389 30 259 65 297 319 306 41 472 178 296 33
15 393 415 59 177 457 305 217 469 225 144 192 402 195 356 438
20 239 50 81 417 12 497 30 31 189 240 439 146 150 307 436 373 274 421 263 49
7 53 197 98 422 218 464 116
20 473 283 99 290 294 498 431 104 227 210 490 457 367 451 157 6 466 249 363 90
8 83 87 374 261 361 198 21 214
8 410 116 183 255 396 402 1 478
21 39 297 219 87 231 352 134 42 61 499 10 29 347 308 51 377 327 30 497 472 280
25 90 450 335 285 226 225 109 348 189 382 151 288 343 436 275 413 63 425 496 141 213 207 350 396 243
16 381 238 470 242 93 257 274 196 258 391 270 423 313 322 212 338
7 205 54 197 445 89 185 488
8 392 403 25 257 173 97 222 378
21 33 351 228 327 442 230 406 425 206 154 261 86 494 357 168 295 215 224 394 67 58
16 347 331 401 350 342 213 245 356 463 24 258 209 150 222 451 469
24 385 64 5 306 310 270 375 42 353 450 15 109 464 111 500 403 46 495 445 255 213 292 363 16
7 178 195 49 380 157 214 110
20 86 436 364 108 400 43 345 226 276 483 467 57 333 188 375 224 29 171 282 16
12 487 157 426 343 127 230 288 168 32 420 397 101
16 284 257 99 258 49 376 408 356 396 307 491 313 351 385 428 400
19 74 483 464 158 176 79 272 75 434 128 413 63 56 10 66 492 335 236 282
12 127 24 62 208 144 394 77 145 214 50 71 489
11 479 144 287 440 272 54 73 108 172 334 444
23 74 366 350 426 32 189 475 213 218 114 492 272 258 277 37 326 116 234 79 129 9 105 266
18 327 242 79 307 154 296 67 306 233 441 171 477 161 496 254 8 73 34
10 420 222 298 477 11 18 85 448 490 229
13 190 163 369 89 3 92 40 461 152 398 307 171 191
14 311 208 432 401 274 492 271 468 15 265 340 291 187 377
12 215 126 276 492 110 50 389 61 176 222 229 181
13 100 451 375 73 360 124 138 172 11 374 44 118 397
8 321 19 173 470 449 152 28 326
14 39 124 140 184 420 457 338 199 438 245 264 404 1 179
8 111 6 96 362 15 265 110 203
16 391 351 85 211 15 338 197 260 259 129 43 194 31 363 435 361
18 84 121 181 297 262 144 199 65 27 376 198 116 175 85 86 382 46 491
12 270 54 319 82 185 343 324 9 27 136 50 360
9 418 361 35 233 383 429 314 413 258
25 286 192 307 432 159 429 305 52 253 195 446 428 389 321 433 247 80 439 488 6 409 154 448 340 287
25 300 101 176 99 38 421 443 359 45 446 302 477 357 23 394 311 250 438 478 371 219 276 44 4 346
19 261 247 210 207 23 53 356 364 458 171 469 328 140 263 497 57 282 254 423
8 416 228 328 496 347 99 352 91
19 419 115 157 223 56 116 280 281 234 394 400 310 71 371 238 81 133 455 219
20 33 471 346 163 110 111 432 258 217 265 292 221 289 104 364 84 463 77 412 57
17 62 224 97 247 135 386 330 171 215 421 380 324 233 379 44 353 431
22 334 33 86 406 251 57 417 190 138 390 8 97 164 482 115 299 140 188 256 2 275 380
9 21 116 195 183 469 151 188 263 260
12 94 98 427 283 110 431 130 235 149 143 117 93
15 182 27 105 396 460 430 102 380 298 472 252 280 223 94 259
7 75 408 134 169 87 224 320
21 159 282 267 65 107 424 117 79 88 279 224 105 201 408 42 337 34 405 213 300 30
21 39 96 371 8 385 200 84 265 277 62 249 434 32 125 180 497 496 378 301 448 350
8 481 45 296 418 210 98 67 347
22 301 219 194 374 495 63 284 236 76 286 271 476 140 475 302 436 51 172 11 474 275 333
15 303 456 210 433 42 350 8 481 411 170 79 81 400 470 190
23 406 460 160 116 95 151 363 487 441 143 201 468 187 75 84 396 41 484 58 263 231 65 198
17 66 315 89 232 6 19 75 190 321 290 280 198 69 105 272 407 411
23 312 169 131 228 174 143 83 165 178 15 363 77 108 223 398 3 100 288 327 215 472 466 233
24 221 105 46 133 356 269 466 122 500 153 44 310 323 19 147 304 457 474 248 38 320 177 336 347
13 4 264 259 275 471 28 50 370 90 308 466 116 480
20 237 50 143 8 250 47 212 40 371 317 303 333 496 97 438 108 431 66 246 488
9 448 231 154 258 387 89 443 212 83
12 337 198 290 390 195 39 89 63 428 284 408 98
24 189 215 201 288 71 315 132 329 406 112 64 31 191 184 51 66 98 231 295 63 377 35 303 198
7 205 282 382 86 390 348 446
18 499 107 32 71 102 227 170 202 496 272 377 500 143 79 54 182 140 382
14 423 103 456 460 23 129 1 329 299 445 152 491 461 381
10 156 193 399 255 196 437 195 117 167 330
9 91 82 364 74 282 491 430 331 414
7 391 98 212 14 226 26 44
12 87 490 105 109 199 48 486 158 306 28 140 434
18 487 35 24 227 206 484 122 40 275 75 377 93 491 273 340 173 96 67
9 432 372 121 342 321 480 362 202 290
14 342 204 254 32 302 325 17 496 250 297 81 88 111 465
16 450 326 23 391 101 385 38 179 260 465 340 216 60 425 250 291
13 248 168 122 137 84 408 64 6 322 352 462 440 458
14 199 482 88 139 494 208 362 183 168 212 374 380 299 368
10 290 286 2 218 405 496 361 245 291 406
21 171 56 109 200 270 69 211 364 125 472 192 217 208 244 242 484 314 352 117 422 228
25 48 24 133 117 223 97 201 11 4 140 408 105 260 127 134 32 419 12 230 356 288 220 270 148 417
7 421 144 203 100 316 116 15
11 434 259 196 83 240 456 189 441 483 107 20
23 487 354 262 495 366 164 29 201 70 211 2 114 215 282 371 367 190 359 391 389 221 165 283
24 184 404 340 35 261 194 83 174 95 399 82 494 353 213 391 486 270 84 370 284 328 125 141 118
18 37 292 430 235 187 394 219 433 368 425 63 164 107 19 230 271 236 21
25 172 338 37 454 461 219 411 38 65 233 184 134 382 141 449 61 315 244 361 383 462 177 379 452 487
11 150 383 182 348 144 20 169 412 204 296 161
14 406 368 489 239 53 195 211 58 234 42 170 477 251 362
21 262 241 295 28 361 170 106 334 227 184 319 189 394 258 461 124 254 332 392 174 69
23 2 346 212 157 239 61 490 416 430 323 176 371 246 253 429 136 163 124 288 182 51 208 433
12 17 12 95 162 393 484 163 333 129 372 408 138
8 200 374 38 136 94 318 37 338
8 409 37 396 226 400 381 472 129
21 493 66 218 190 83 43 170 24 67 224 63 222 327 453 385 412 424 364 449 64 347
7 497 107 402 57 71 123 203
